EventTime,EventType,Event
,AGENT_TYPE,MomentumAgent
,STARTING_CASH,10000000
2019-06-28 09:30:00,HOLDINGS_UPDATED,{'CASH': 10000000}
2019-06-28 09:31:00,BID_DEPTH,"[(100009, 266)]"
2019-06-28 09:31:00,ASK_DEPTH,"[(100015, 366)]"
2019-06-28 09:31:00,IMBALANCE,"[266, 366]"
2019-06-28 09:32:00,BID_DEPTH,"[(100009, 266)]"
2019-06-28 09:32:00,ASK_DEPTH,"[(100014, 166)]"
2019-06-28 09:32:00,IMBALANCE,"[266, 166]"
2019-06-28 09:33:00,BID_DEPTH,"[(100010, 313)]"
2019-06-28 09:33:00,ASK_DEPTH,"[(100014, 213)]"
2019-06-28 09:33:00,IMBALANCE,"[313, 213]"
2019-06-28 09:34:00,BID_DEPTH,"[(100010, 266)]"
2019-06-28 09:34:00,ASK_DEPTH,"[(100013, 166)]"
2019-06-28 09:34:00,IMBALANCE,"[266, 166]"
2019-06-28 09:35:00,BID_DEPTH,"[(100010, 532)]"
2019-06-28 09:35:00,ASK_DEPTH,"[(100013, 432)]"
2019-06-28 09:35:00,IMBALANCE,"[532, 432]"
2019-06-28 09:36:00,BID_DEPTH,"[(100011, 213)]"
2019-06-28 09:36:00,ASK_DEPTH,"[(100015, 313)]"
2019-06-28 09:36:00,IMBALANCE,"[213, 313]"
2019-06-28 09:37:00,BID_DEPTH,"[(100011, 632)]"
2019-06-28 09:37:00,ASK_DEPTH,"[(100015, 532)]"
2019-06-28 09:37:00,IMBALANCE,"[632, 532]"
2019-06-28 09:38:00,BID_DEPTH,"[(100013, 283)]"
2019-06-28 09:38:00,ASK_DEPTH,"[(100015, 183)]"
2019-06-28 09:38:00,IMBALANCE,"[283, 183]"
2019-06-28 09:39:00,BID_DEPTH,"[(100013, 366)]"
2019-06-28 09:39:00,ASK_DEPTH,"[(100047, 266)]"
2019-06-28 09:39:00,IMBALANCE,"[366, 266]"
2019-06-28 09:40:00,BID_DEPTH,"[(100013, 432)]"
2019-06-28 09:40:00,ASK_DEPTH,"[(100059, 432)]"
2019-06-28 09:40:00,IMBALANCE,"[432, 432]"
2019-06-28 09:41:00,BID_DEPTH,"[(100013, 432)]"
2019-06-28 09:41:00,ASK_DEPTH,"[(100046, 432)]"
2019-06-28 09:41:00,IMBALANCE,"[432, 432]"
2019-06-28 09:42:00,BID_DEPTH,"[(100013, 213)]"
2019-06-28 09:42:00,ASK_DEPTH,"[(100046, 313)]"
2019-06-28 09:42:00,IMBALANCE,"[213, 313]"
2019-06-28 09:43:00,BID_DEPTH,"[(100013, 166)]"
2019-06-28 09:43:00,ASK_DEPTH,"[(100046, 366)]"
2019-06-28 09:43:00,IMBALANCE,"[166, 366]"
2019-06-28 09:44:00,BID_DEPTH,"[(100011, 313)]"
2019-06-28 09:44:00,ASK_DEPTH,"[(100046, 413)]"
2019-06-28 09:44:00,IMBALANCE,"[313, 413]"
2019-06-28 09:45:00,BID_DEPTH,"[(100014, 183)]"
2019-06-28 09:45:00,ASK_DEPTH,"[(100046, 383)]"
2019-06-28 09:45:00,IMBALANCE,"[183, 383]"
2019-06-28 09:46:00,BID_DEPTH,"[(100014, 213)]"
2019-06-28 09:46:00,ASK_DEPTH,"[(100075, 213)]"
2019-06-28 09:46:00,IMBALANCE,"[213, 213]"
2019-06-28 09:47:00,BID_DEPTH,"[(100046, 183)]"
2019-06-28 09:47:00,ASK_DEPTH,"[(100124, 183)]"
2019-06-28 09:47:00,IMBALANCE,"[183, 183]"
2019-06-28 09:48:00,BID_DEPTH,"[(100046, 166)]"
2019-06-28 09:48:00,ASK_DEPTH,"[(100124, 166)]"
2019-06-28 09:48:00,IMBALANCE,"[166, 166]"
2019-06-28 09:49:00,BID_DEPTH,"[(100011, 432)]"
2019-06-28 09:49:00,ASK_DEPTH,"[(100217, 432)]"
2019-06-28 09:49:00,IMBALANCE,"[432, 432]"
2019-06-28 09:50:00,BID_DEPTH,"[(100010, 166)]"
2019-06-28 09:50:00,ASK_DEPTH,"[(100011, 100)]"
2019-06-28 09:50:00,IMBALANCE,"[166, 100]"
2019-06-28 09:51:00,BID_DEPTH,"[(100009, 313)]"
2019-06-28 09:51:00,ASK_DEPTH,"[(100011, 147)]"
2019-06-28 09:51:00,IMBALANCE,"[313, 147]"
2019-06-28 09:52:00,BID_DEPTH,"[(100009, 266)]"
2019-06-28 09:52:00,ASK_DEPTH,"[(100010, 166)]"
2019-06-28 09:52:00,IMBALANCE,"[266, 166]"
2019-06-28 09:53:00,BID_DEPTH,"[(100009, 532)]"
2019-06-28 09:53:00,ASK_DEPTH,"[(100010, 532)]"
2019-06-28 09:53:00,IMBALANCE,"[532, 532]"
2019-06-28 09:54:00,BID_DEPTH,"[(100009, 166)]"
2019-06-28 09:54:00,ASK_DEPTH,"[(100010, 166)]"
2019-06-28 09:54:00,IMBALANCE,"[166, 166]"
2019-06-28 09:55:00,BID_DEPTH,"[(99959, 432)]"
2019-06-28 09:55:00,ASK_DEPTH,"[(100009, 432)]"
2019-06-28 09:55:00,IMBALANCE,"[432, 432]"
2019-06-28 09:56:00,BID_DEPTH,"[(99959, 166)]"
2019-06-28 09:56:00,ASK_DEPTH,"[(100009, 466)]"
2019-06-28 09:56:00,IMBALANCE,"[166, 466]"
2019-06-28 09:57:00,BID_DEPTH,"[(99862, 266)]"
2019-06-28 09:57:00,ASK_DEPTH,"[(100009, 566)]"
2019-06-28 09:57:00,IMBALANCE,"[266, 566]"
2019-06-28 09:58:00,BID_DEPTH,"[(99785, 432)]"
2019-06-28 09:58:00,ASK_DEPTH,"[(100009, 732)]"
2019-06-28 09:58:00,IMBALANCE,"[432, 732]"
2019-06-28 09:59:00,BID_DEPTH,"[(99764, 183)]"
2019-06-28 09:59:00,ASK_DEPTH,"[(100009, 483)]"
2019-06-28 09:59:00,IMBALANCE,"[183, 483]"
2019-06-28 10:00:00,BID_DEPTH,"[(99764, 213)]"
2019-06-28 10:00:00,ASK_DEPTH,"[(99820, 213)]"
2019-06-28 10:00:00,IMBALANCE,"[213, 213]"
2019-06-28 10:01:00,BID_DEPTH,"[(99678, 183)]"
2019-06-28 10:01:00,ASK_DEPTH,"[(99820, 183)]"
2019-06-28 10:01:00,IMBALANCE,"[183, 183]"
2019-06-28 10:02:00,BID_DEPTH,"[(99488, 213)]"
2019-06-28 10:02:00,ASK_DEPTH,"[(99561, 213)]"
2019-06-28 10:02:00,IMBALANCE,"[213, 213]"
2019-06-28 10:03:00,BID_DEPTH,"[(99488, 166)]"
2019-06-28 10:03:00,ASK_DEPTH,"[(99820, 166)]"
2019-06-28 10:03:00,IMBALANCE,"[166, 166]"
2019-06-28 10:04:00,BID_DEPTH,"[(99574, 266)]"
2019-06-28 10:04:00,ASK_DEPTH,"[(99638, 266)]"
2019-06-28 10:04:00,IMBALANCE,"[266, 266]"
2019-06-28 10:05:00,BID_DEPTH,"[(99574, 513)]"
2019-06-28 10:05:00,ASK_DEPTH,"[(99638, 213)]"
2019-06-28 10:05:00,IMBALANCE,"[513, 213]"
2019-06-28 10:06:00,BID_DEPTH,"[(99574, 566)]"
2019-06-28 10:06:00,ASK_DEPTH,"[(99820, 166)]"
2019-06-28 10:06:00,IMBALANCE,"[566, 166]"
2019-06-28 10:07:00,BID_DEPTH,"[(99782, 213)]"
2019-06-28 10:07:00,ASK_DEPTH,"[(99820, 213)]"
2019-06-28 10:07:00,IMBALANCE,"[213, 213]"
2019-06-28 10:08:00,BID_DEPTH,"[(99782, 213)]"
2019-06-28 10:08:00,ASK_DEPTH,"[(99931, 213)]"
2019-06-28 10:08:00,IMBALANCE,"[213, 213]"
2019-06-28 10:09:00,BID_DEPTH,"[(99820, 166)]"
2019-06-28 10:09:00,ASK_DEPTH,"[(99875, 166)]"
2019-06-28 10:09:00,IMBALANCE,"[166, 166]"
2019-06-28 10:10:00,BID_DEPTH,"[(99821, 213)]"
2019-06-28 10:10:00,ASK_DEPTH,"[(99875, 213)]"
2019-06-28 10:10:00,IMBALANCE,"[213, 213]"
2019-06-28 10:11:00,BID_DEPTH,"[(99821, 313)]"
2019-06-28 10:11:00,ASK_DEPTH,"[(99875, 213)]"
2019-06-28 10:11:00,IMBALANCE,"[313, 213]"
2019-06-28 10:12:00,BID_DEPTH,"[(99821, 266)]"
2019-06-28 10:12:00,ASK_DEPTH,"[(99875, 166)]"
2019-06-28 10:12:00,IMBALANCE,"[266, 166]"
2019-06-28 10:13:00,BID_DEPTH,"[(99821, 166)]"
2019-06-28 10:13:00,ASK_DEPTH,"[(99875, 166)]"
2019-06-28 10:13:00,IMBALANCE,"[166, 166]"
2019-06-28 10:14:00,BID_DEPTH,"[(99875, 366)]"
2019-06-28 10:14:00,ASK_DEPTH,"[(99967, 432)]"
2019-06-28 10:14:00,IMBALANCE,"[366, 432]"
2019-06-28 10:15:00,BID_DEPTH,"[(99955, 432)]"
2019-06-28 10:15:00,ASK_DEPTH,"[(100014, 432)]"
2019-06-28 10:15:00,IMBALANCE,"[432, 432]"
2019-06-28 10:16:00,BID_DEPTH,"[(99955, 266)]"
2019-06-28 10:16:00,ASK_DEPTH,"[(100107, 266)]"
2019-06-28 10:16:00,IMBALANCE,"[266, 266]"
2019-06-28 10:17:00,BID_DEPTH,"[(100014, 432)]"
2019-06-28 10:17:00,ASK_DEPTH,"[(100115, 432)]"
2019-06-28 10:17:00,IMBALANCE,"[432, 432]"
2019-06-28 10:18:00,BID_DEPTH,"[(100149, 466)]"
2019-06-28 10:18:00,ASK_DEPTH,"[(100166, 432)]"
2019-06-28 10:18:00,IMBALANCE,"[466, 432]"
2019-06-28 10:19:00,BID_DEPTH,"[(100149, 300)]"
2019-06-28 10:19:00,ASK_DEPTH,"[(100204, 266)]"
2019-06-28 10:19:00,IMBALANCE,"[300, 266]"
2019-06-28 10:20:00,BID_DEPTH,"[(100149, 247)]"
2019-06-28 10:20:00,ASK_DEPTH,"[(100217, 213)]"
2019-06-28 10:20:00,IMBALANCE,"[247, 213]"
2019-06-28 10:21:00,BID_DEPTH,"[(99955, 432)]"
2019-06-28 10:21:00,ASK_DEPTH,"[(100062, 366)]"
2019-06-28 10:21:00,IMBALANCE,"[432, 366]"
2019-06-28 10:21:00,HOLDINGS_UPDATED,"{'CASH': 10199910, 'JPM': -2}"
2019-06-28 10:22:00,BID_DEPTH,"[(99813, 166)]"
2019-06-28 10:22:00,ASK_DEPTH,"[(99955, 166)]"
2019-06-28 10:22:00,IMBALANCE,"[166, 166]"
2019-06-28 10:22:00,HOLDINGS_UPDATED,"{'CASH': 10399536, 'JPM': -4}"
2019-06-28 10:23:00,BID_DEPTH,"[(99720, 432)]"
2019-06-28 10:23:00,ASK_DEPTH,"[(99955, 432)]"
2019-06-28 10:23:00,IMBALANCE,"[432, 432]"
2019-06-28 10:23:00,HOLDINGS_UPDATED,"{'CASH': 10598976, 'JPM': -6}"
2019-06-28 10:24:00,BID_DEPTH,"[(99720, 383)]"
2019-06-28 10:24:00,ASK_DEPTH,"[(99955, 183)]"
2019-06-28 10:24:00,IMBALANCE,"[383, 183]"
2019-06-28 10:24:00,HOLDINGS_UPDATED,"{'CASH': 10798416, 'JPM': -8}"
2019-06-28 10:25:00,BID_DEPTH,"[(99720, 529)]"
2019-06-28 10:25:00,ASK_DEPTH,"[(99955, 432)]"
2019-06-28 10:25:00,IMBALANCE,"[529, 432]"
2019-06-28 10:25:00,HOLDINGS_UPDATED,"{'CASH': 10997856, 'JPM': -10}"
2019-06-28 10:26:00,BID_DEPTH,"[(99720, 426)]"
2019-06-28 10:26:00,ASK_DEPTH,"[(100062, 366)]"
2019-06-28 10:26:00,IMBALANCE,"[426, 366]"
2019-06-28 10:26:00,HOLDINGS_UPDATED,"{'CASH': 10797732, 'JPM': -8}"
2019-06-28 10:27:00,BID_DEPTH,"[(99720, 260)]"
2019-06-28 10:27:00,ASK_DEPTH,"[(100171, 266)]"
2019-06-28 10:27:00,IMBALANCE,"[260, 266]"
2019-06-28 10:27:00,HOLDINGS_UPDATED,"{'CASH': 10597390, 'JPM': -6}"
2019-06-28 10:28:00,BID_DEPTH,"[(100171, 183)]"
2019-06-28 10:28:00,ASK_DEPTH,"[(100217, 183)]"
2019-06-28 10:28:00,IMBALANCE,"[183, 183]"
2019-06-28 10:28:00,HOLDINGS_UPDATED,"{'CASH': 10396956, 'JPM': -4}"
2019-06-28 10:29:00,BID_DEPTH,"[(100171, 432)]"
2019-06-28 10:29:00,ASK_DEPTH,"[(100275, 432)]"
2019-06-28 10:29:00,IMBALANCE,"[432, 432]"
2019-06-28 10:29:00,HOLDINGS_UPDATED,"{'CASH': 10196406, 'JPM': -2}"
2019-06-28 10:30:00,BID_DEPTH,"[(99763, 166)]"
2019-06-28 10:30:00,ASK_DEPTH,"[(99774, 166)]"
2019-06-28 10:30:00,IMBALANCE,"[166, 166]"
2019-06-28 10:30:00,HOLDINGS_UPDATED,{'CASH': 9996858}
2019-06-28 10:31:00,BID_DEPTH,"[(99720, 260)]"
2019-06-28 10:31:00,ASK_DEPTH,"[(100275, 167)]"
2019-06-28 10:31:00,IMBALANCE,"[260, 167]"
2019-06-28 10:31:00,HOLDINGS_UPDATED,"{'CASH': 9896583, 'JPM': 1}"
2019-06-28 10:31:00,HOLDINGS_UPDATED,"{'CASH': 9796308, 'JPM': 2}"
2019-06-28 10:32:00,BID_DEPTH,"[(99720, 207)]"
2019-06-28 10:32:00,ASK_DEPTH,"[(100275, 513)]"
2019-06-28 10:32:00,IMBALANCE,"[207, 513]"
2019-06-28 10:32:00,HOLDINGS_UPDATED,"{'CASH': 9595758, 'JPM': 4}"
2019-06-28 10:33:00,BID_DEPTH,"[(99574, 166)]"
2019-06-28 10:33:00,ASK_DEPTH,"[(100274, 166)]"
2019-06-28 10:33:00,IMBALANCE,"[166, 166]"
2019-06-28 10:33:00,HOLDINGS_UPDATED,"{'CASH': 9395210, 'JPM': 6}"
2019-06-28 10:34:00,BID_DEPTH,"[(99579, 213)]"
2019-06-28 10:34:00,ASK_DEPTH,"[(100275, 510)]"
2019-06-28 10:34:00,IMBALANCE,"[213, 510]"
2019-06-28 10:34:00,HOLDINGS_UPDATED,"{'CASH': 9194660, 'JPM': 8}"
2019-06-28 10:35:00,BID_DEPTH,"[(99579, 266)]"
2019-06-28 10:35:00,ASK_DEPTH,"[(100275, 460)]"
2019-06-28 10:35:00,IMBALANCE,"[266, 460]"
2019-06-28 10:35:00,HOLDINGS_UPDATED,"{'CASH': 8994110, 'JPM': 10}"
2019-06-28 10:36:00,BID_DEPTH,"[(99826, 183)]"
2019-06-28 10:36:00,ASK_DEPTH,"[(99852, 183)]"
2019-06-28 10:36:00,IMBALANCE,"[183, 183]"
2019-06-28 10:36:00,HOLDINGS_UPDATED,"{'CASH': 8794406, 'JPM': 12}"
2019-06-28 10:37:00,BID_DEPTH,"[(99852, 313)]"
2019-06-28 10:37:00,ASK_DEPTH,"[(100183, 213)]"
2019-06-28 10:37:00,IMBALANCE,"[313, 213]"
2019-06-28 10:37:00,HOLDINGS_UPDATED,"{'CASH': 8594040, 'JPM': 14}"
2019-06-28 10:38:00,BID_DEPTH,"[(99925, 166)]"
2019-06-28 10:38:00,ASK_DEPTH,"[(100275, 357)]"
2019-06-28 10:38:00,IMBALANCE,"[166, 357]"
2019-06-28 10:38:00,HOLDINGS_UPDATED,"{'CASH': 8393490, 'JPM': 16}"
2019-06-28 10:39:00,BID_DEPTH,"[(99925, 266)]"
2019-06-28 10:39:00,ASK_DEPTH,"[(100275, 454)]"
2019-06-28 10:39:00,IMBALANCE,"[266, 454]"
2019-06-28 10:39:00,HOLDINGS_UPDATED,"{'CASH': 8192940, 'JPM': 18}"
2019-06-28 10:40:00,BID_DEPTH,"[(99925, 166)]"
2019-06-28 10:40:00,ASK_DEPTH,"[(100275, 351)]"
2019-06-28 10:40:00,IMBALANCE,"[166, 351]"
2019-06-28 10:40:00,HOLDINGS_UPDATED,"{'CASH': 7992390, 'JPM': 20}"
2019-06-28 10:41:00,BID_DEPTH,"[(99895, 166)]"
2019-06-28 10:41:00,ASK_DEPTH,"[(100274, 166)]"
2019-06-28 10:41:00,IMBALANCE,"[166, 166]"
2019-06-28 10:41:00,HOLDINGS_UPDATED,"{'CASH': 7791842, 'JPM': 22}"
2019-06-28 10:42:00,BID_DEPTH,"[(99544, 166)]"
2019-06-28 10:42:00,ASK_DEPTH,"[(100274, 166)]"
2019-06-28 10:42:00,IMBALANCE,"[166, 166]"
2019-06-28 10:42:00,HOLDINGS_UPDATED,"{'CASH': 7591294, 'JPM': 24}"
2019-06-28 10:43:00,BID_DEPTH,"[(99470, 166)]"
2019-06-28 10:43:00,ASK_DEPTH,"[(99512, 300)]"
2019-06-28 10:43:00,IMBALANCE,"[166, 300]"
2019-06-28 10:43:00,HOLDINGS_UPDATED,"{'CASH': 7392270, 'JPM': 26}"
2019-06-28 10:44:00,BID_DEPTH,"[(99445, 266)]"
2019-06-28 10:44:00,ASK_DEPTH,"[(99512, 296)]"
2019-06-28 10:44:00,IMBALANCE,"[266, 296]"
2019-06-28 10:44:00,HOLDINGS_UPDATED,"{'CASH': 7193246, 'JPM': 28}"
2019-06-28 10:45:00,BID_DEPTH,"[(99462, 266)]"
2019-06-28 10:45:00,ASK_DEPTH,"[(99512, 192)]"
2019-06-28 10:45:00,IMBALANCE,"[266, 192]"
2019-06-28 10:45:00,HOLDINGS_UPDATED,"{'CASH': 6994222, 'JPM': 30}"
2019-06-28 10:46:00,BID_DEPTH,"[(99548, 432)]"
2019-06-28 10:46:00,ASK_DEPTH,"[(99553, 432)]"
2019-06-28 10:46:00,IMBALANCE,"[432, 432]"
2019-06-28 10:46:00,HOLDINGS_UPDATED,"{'CASH': 6795116, 'JPM': 32}"
2019-06-28 10:47:00,BID_DEPTH,"[(99649, 213)]"
2019-06-28 10:47:00,ASK_DEPTH,"[(99873, 213)]"
2019-06-28 10:47:00,IMBALANCE,"[213, 213]"
2019-06-28 10:47:00,HOLDINGS_UPDATED,"{'CASH': 6595370, 'JPM': 34}"
2019-06-28 10:48:00,BID_DEPTH,"[(99649, 266)]"
2019-06-28 10:48:00,ASK_DEPTH,"[(99873, 266)]"
2019-06-28 10:48:00,IMBALANCE,"[266, 266]"
2019-06-28 10:48:00,HOLDINGS_UPDATED,"{'CASH': 6794668, 'JPM': 32}"
2019-06-28 10:49:00,BID_DEPTH,"[(99622, 432)]"
2019-06-28 10:49:00,ASK_DEPTH,"[(99873, 432)]"
2019-06-28 10:49:00,IMBALANCE,"[432, 432]"
2019-06-28 10:49:00,HOLDINGS_UPDATED,"{'CASH': 6993912, 'JPM': 30}"
2019-06-28 10:50:00,BID_DEPTH,"[(99826, 213)]"
2019-06-28 10:50:00,ASK_DEPTH,"[(99873, 213)]"
2019-06-28 10:50:00,IMBALANCE,"[213, 213]"
2019-06-28 10:50:00,HOLDINGS_UPDATED,"{'CASH': 7193564, 'JPM': 28}"
2019-06-28 10:51:00,BID_DEPTH,"[(99548, 213)]"
2019-06-28 10:51:00,ASK_DEPTH,"[(99826, 213)]"
2019-06-28 10:51:00,IMBALANCE,"[213, 213]"
2019-06-28 10:51:00,HOLDINGS_UPDATED,"{'CASH': 7392660, 'JPM': 26}"
2019-06-28 10:52:00,BID_DEPTH,"[(99683, 213)]"
2019-06-28 10:52:00,ASK_DEPTH,"[(99826, 213)]"
2019-06-28 10:52:00,IMBALANCE,"[213, 213]"
2019-06-28 10:52:00,HOLDINGS_UPDATED,"{'CASH': 7592026, 'JPM': 24}"
2019-06-28 10:53:00,BID_DEPTH,"[(99683, 166)]"
2019-06-28 10:53:00,ASK_DEPTH,"[(99826, 166)]"
2019-06-28 10:53:00,IMBALANCE,"[166, 166]"
2019-06-28 10:53:00,HOLDINGS_UPDATED,"{'CASH': 7791392, 'JPM': 22}"
2019-06-28 10:54:00,BID_DEPTH,"[(99487, 183)]"
2019-06-28 10:54:00,ASK_DEPTH,"[(99826, 183)]"
2019-06-28 10:54:00,IMBALANCE,"[183, 183]"
2019-06-28 10:54:00,HOLDINGS_UPDATED,"{'CASH': 7990366, 'JPM': 20}"
2019-06-28 10:55:00,BID_DEPTH,"[(99476, 100)]"
2019-06-28 10:55:00,ASK_DEPTH,"[(99487, 86)]"
2019-06-28 10:55:00,IMBALANCE,"[100, 86]"
2019-06-28 10:55:00,HOLDINGS_UPDATED,"{'CASH': 8189318, 'JPM': 18}"
2019-06-28 10:56:00,BID_DEPTH,"[(99373, 166)]"
2019-06-28 10:56:00,ASK_DEPTH,"[(99476, 68)]"
2019-06-28 10:56:00,IMBALANCE,"[166, 68]"
2019-06-28 10:56:00,HOLDINGS_UPDATED,"{'CASH': 8388064, 'JPM': 16}"
2019-06-28 10:57:00,BID_DEPTH,"[(99373, 167)]"
2019-06-28 10:57:00,ASK_DEPTH,"[(99452, 266)]"
2019-06-28 10:57:00,IMBALANCE,"[167, 266]"
2019-06-28 10:57:00,HOLDINGS_UPDATED,"{'CASH': 8487437, 'JPM': 15}"
2019-06-28 10:57:00,HOLDINGS_UPDATED,"{'CASH': 8586810, 'JPM': 14}"
2019-06-28 10:58:00,BID_DEPTH,"[(99373, 433)]"
2019-06-28 10:58:00,ASK_DEPTH,"[(99452, 432)]"
2019-06-28 10:58:00,IMBALANCE,"[433, 432]"
2019-06-28 10:58:00,HOLDINGS_UPDATED,"{'CASH': 8686183, 'JPM': 13}"
2019-06-28 10:58:00,HOLDINGS_UPDATED,"{'CASH': 8785556, 'JPM': 12}"
2019-06-28 10:59:00,BID_DEPTH,"[(99373, 67)]"
2019-06-28 10:59:00,ASK_DEPTH,"[(99476, 68)]"
2019-06-28 10:59:00,IMBALANCE,"[67, 68]"
2019-06-28 10:59:00,HOLDINGS_UPDATED,"{'CASH': 8884929, 'JPM': 11}"
2019-06-28 10:59:00,HOLDINGS_UPDATED,"{'CASH': 8984302, 'JPM': 10}"
2019-06-28 11:00:00,BID_DEPTH,"[(99476, 98)]"
2019-06-28 11:00:00,ASK_DEPTH,"[(99569, 183)]"
2019-06-28 11:00:00,IMBALANCE,"[98, 183]"
2019-06-28 11:00:00,HOLDINGS_UPDATED,"{'CASH': 9183254, 'JPM': 8}"
2019-06-28 11:01:00,BID_DEPTH,"[(99370, 266)]"
2019-06-28 11:01:00,ASK_DEPTH,"[(99579, 266)]"
2019-06-28 11:01:00,IMBALANCE,"[266, 266]"
2019-06-28 11:01:00,HOLDINGS_UPDATED,"{'CASH': 9381994, 'JPM': 6}"
2019-06-28 11:02:00,BID_DEPTH,"[(99824, 266)]"
2019-06-28 11:02:00,ASK_DEPTH,"[(99909, 266)]"
2019-06-28 11:02:00,IMBALANCE,"[266, 266]"
2019-06-28 11:02:00,HOLDINGS_UPDATED,"{'CASH': 9581642, 'JPM': 4}"
2019-06-28 11:03:00,BID_DEPTH,"[(99638, 213)]"
2019-06-28 11:03:00,ASK_DEPTH,"[(99919, 213)]"
2019-06-28 11:03:00,IMBALANCE,"[213, 213]"
2019-06-28 11:03:00,HOLDINGS_UPDATED,"{'CASH': 9780918, 'JPM': 2}"
2019-06-28 11:04:00,BID_DEPTH,"[(99639, 183)]"
2019-06-28 11:04:00,ASK_DEPTH,"[(100212, 183)]"
2019-06-28 11:04:00,IMBALANCE,"[183, 183]"
2019-06-28 11:04:00,HOLDINGS_UPDATED,{'CASH': 9980196}
2019-06-28 11:05:00,BID_DEPTH,"[(100285, 266)]"
2019-06-28 11:05:00,ASK_DEPTH,"[(100472, 266)]"
2019-06-28 11:05:00,IMBALANCE,"[266, 266]"
2019-06-28 11:05:00,HOLDINGS_UPDATED,"{'CASH': 10180766, 'JPM': -2}"
2019-06-28 11:06:00,BID_DEPTH,"[(100352, 183)]"
2019-06-28 11:06:00,ASK_DEPTH,"[(100514, 183)]"
2019-06-28 11:06:00,IMBALANCE,"[183, 183]"
2019-06-28 11:06:00,HOLDINGS_UPDATED,"{'CASH': 10381470, 'JPM': -4}"
2019-06-28 11:07:00,BID_DEPTH,"[(100351, 213)]"
2019-06-28 11:07:00,ASK_DEPTH,"[(100377, 213)]"
2019-06-28 11:07:00,IMBALANCE,"[213, 213]"
2019-06-28 11:07:00,HOLDINGS_UPDATED,"{'CASH': 10582172, 'JPM': -6}"
2019-06-28 11:08:00,BID_DEPTH,"[(100341, 266)]"
2019-06-28 11:08:00,ASK_DEPTH,"[(100514, 266)]"
2019-06-28 11:08:00,IMBALANCE,"[266, 266]"
2019-06-28 11:08:00,HOLDINGS_UPDATED,"{'CASH': 10782854, 'JPM': -8}"
2019-06-28 11:09:00,BID_DEPTH,"[(100514, 200)]"
2019-06-28 11:09:00,ASK_DEPTH,"[(100578, 266)]"
2019-06-28 11:09:00,IMBALANCE,"[200, 266]"
2019-06-28 11:09:00,HOLDINGS_UPDATED,"{'CASH': 10983882, 'JPM': -10}"
2019-06-28 11:10:00,BID_DEPTH,"[(100341, 183)]"
2019-06-28 11:10:00,ASK_DEPTH,"[(100464, 183)]"
2019-06-28 11:10:00,IMBALANCE,"[183, 183]"
2019-06-28 11:10:00,HOLDINGS_UPDATED,"{'CASH': 11184564, 'JPM': -12}"
2019-06-28 11:11:00,BID_DEPTH,"[(99639, 183)]"
2019-06-28 11:11:00,ASK_DEPTH,"[(100341, 104)]"
2019-06-28 11:11:00,IMBALANCE,"[183, 104]"
2019-06-28 11:11:00,HOLDINGS_UPDATED,"{'CASH': 11383842, 'JPM': -14}"
2019-06-28 11:12:00,BID_DEPTH,"[(99633, 166)]"
2019-06-28 11:12:00,ASK_DEPTH,"[(99639, 86)]"
2019-06-28 11:12:00,IMBALANCE,"[166, 86]"
2019-06-28 11:12:00,HOLDINGS_UPDATED,"{'CASH': 11583108, 'JPM': -16}"
2019-06-28 11:13:00,BID_DEPTH,"[(99494, 213)]"
2019-06-28 11:13:00,ASK_DEPTH,"[(99633, 150)]"
2019-06-28 11:13:00,IMBALANCE,"[213, 150]"
2019-06-28 11:13:00,HOLDINGS_UPDATED,"{'CASH': 11782096, 'JPM': -18}"
2019-06-28 11:14:00,BID_DEPTH,"[(99387, 166)]"
2019-06-28 11:14:00,ASK_DEPTH,"[(99633, 103)]"
2019-06-28 11:14:00,IMBALANCE,"[166, 103]"
2019-06-28 11:14:00,HOLDINGS_UPDATED,"{'CASH': 11980870, 'JPM': -20}"
2019-06-28 11:15:00,BID_DEPTH,"[(99369, 174)]"
2019-06-28 11:15:00,ASK_DEPTH,"[(99387, 150)]"
2019-06-28 11:15:00,IMBALANCE,"[174, 150]"
2019-06-28 11:15:00,HOLDINGS_UPDATED,"{'CASH': 12179608, 'JPM': -22}"
2019-06-28 11:16:00,BID_DEPTH,"[(99312, 183)]"
2019-06-28 11:16:00,ASK_DEPTH,"[(99369, 283)]"
2019-06-28 11:16:00,IMBALANCE,"[183, 283]"
2019-06-28 11:16:00,HOLDINGS_UPDATED,"{'CASH': 11980870, 'JPM': -20}"
2019-06-28 11:17:00,BID_DEPTH,"[(99312, 213)]"
2019-06-28 11:17:00,ASK_DEPTH,"[(99369, 209)]"
2019-06-28 11:17:00,IMBALANCE,"[213, 209]"
2019-06-28 11:17:00,HOLDINGS_UPDATED,"{'CASH': 11782132, 'JPM': -18}"
2019-06-28 11:18:00,BID_DEPTH,"[(99387, 163)]"
2019-06-28 11:18:00,ASK_DEPTH,"[(99545, 166)]"
2019-06-28 11:18:00,IMBALANCE,"[163, 166]"
2019-06-28 11:18:00,HOLDINGS_UPDATED,"{'CASH': 11583042, 'JPM': -16}"
2019-06-28 11:19:00,BID_DEPTH,"[(99545, 366)]"
2019-06-28 11:19:00,ASK_DEPTH,"[(99633, 103)]"
2019-06-28 11:19:00,IMBALANCE,"[366, 103]"
2019-06-28 11:19:00,HOLDINGS_UPDATED,"{'CASH': 11383776, 'JPM': -14}"
2019-06-28 11:20:00,BID_DEPTH,"[(99545, 466)]"
2019-06-28 11:20:00,ASK_DEPTH,"[(99681, 266)]"
2019-06-28 11:20:00,IMBALANCE,"[466, 266]"
2019-06-28 11:20:00,HOLDINGS_UPDATED,"{'CASH': 11184414, 'JPM': -12}"
2019-06-28 11:21:00,BID_DEPTH,"[(99545, 413)]"
2019-06-28 11:21:00,ASK_DEPTH,"[(99696, 213)]"
2019-06-28 11:21:00,IMBALANCE,"[413, 213]"
2019-06-28 11:21:00,HOLDINGS_UPDATED,"{'CASH': 10985022, 'JPM': -10}"
2019-06-28 11:22:00,BID_DEPTH,"[(100005, 166)]"
2019-06-28 11:22:00,ASK_DEPTH,"[(100076, 166)]"
2019-06-28 11:22:00,IMBALANCE,"[166, 166]"
2019-06-28 11:22:00,HOLDINGS_UPDATED,"{'CASH': 10784870, 'JPM': -8}"
2019-06-28 11:23:00,BID_DEPTH,"[(99545, 266)]"
2019-06-28 11:23:00,ASK_DEPTH,"[(99951, 166)]"
2019-06-28 11:23:00,IMBALANCE,"[266, 166]"
2019-06-28 11:23:00,HOLDINGS_UPDATED,"{'CASH': 10584968, 'JPM': -6}"
2019-06-28 11:24:00,BID_DEPTH,"[(99951, 183)]"
2019-06-28 11:24:00,ASK_DEPTH,"[(100220, 183)]"
2019-06-28 11:24:00,IMBALANCE,"[183, 183]"
2019-06-28 11:24:00,HOLDINGS_UPDATED,"{'CASH': 10384528, 'JPM': -4}"
2019-06-28 11:25:00,BID_DEPTH,"[(99951, 166)]"
2019-06-28 11:25:00,ASK_DEPTH,"[(100220, 166)]"
2019-06-28 11:25:00,IMBALANCE,"[166, 166]"
2019-06-28 11:25:00,HOLDINGS_UPDATED,"{'CASH': 10184088, 'JPM': -2}"
2019-06-28 11:26:00,BID_DEPTH,"[(99951, 432)]"
2019-06-28 11:26:00,ASK_DEPTH,"[(100220, 432)]"
2019-06-28 11:26:00,IMBALANCE,"[432, 432]"
2019-06-28 11:26:00,HOLDINGS_UPDATED,{'CASH': 9983648}
2019-06-28 11:27:00,BID_DEPTH,"[(100220, 213)]"
2019-06-28 11:27:00,ASK_DEPTH,"[(100265, 213)]"
2019-06-28 11:27:00,IMBALANCE,"[213, 213]"
2019-06-28 11:27:00,HOLDINGS_UPDATED,"{'CASH': 9783118, 'JPM': 2}"
2019-06-28 11:28:00,BID_DEPTH,"[(100220, 432)]"
2019-06-28 11:28:00,ASK_DEPTH,"[(100265, 432)]"
2019-06-28 11:28:00,IMBALANCE,"[432, 432]"
2019-06-28 11:28:00,HOLDINGS_UPDATED,"{'CASH': 9582588, 'JPM': 4}"
2019-06-28 11:29:00,BID_DEPTH,"[(100259, 213)]"
2019-06-28 11:29:00,ASK_DEPTH,"[(100281, 213)]"
2019-06-28 11:29:00,IMBALANCE,"[213, 213]"
2019-06-28 11:29:00,HOLDINGS_UPDATED,"{'CASH': 9382026, 'JPM': 6}"
2019-06-28 11:30:00,BID_DEPTH,"[(100272, 183)]"
2019-06-28 11:30:00,ASK_DEPTH,"[(100301, 183)]"
2019-06-28 11:30:00,IMBALANCE,"[183, 183]"
2019-06-28 11:30:00,HOLDINGS_UPDATED,"{'CASH': 9582570, 'JPM': 4}"
2019-06-28 11:31:00,BID_DEPTH,"[(100272, 434)]"
2019-06-28 11:31:00,ASK_DEPTH,"[(100301, 427)]"
2019-06-28 11:31:00,IMBALANCE,"[434, 427]"
2019-06-28 11:31:00,HOLDINGS_UPDATED,"{'CASH': 9381968, 'JPM': 6}"
2019-06-28 11:32:00,BID_DEPTH,"[(100567, 166)]"
2019-06-28 11:32:00,ASK_DEPTH,"[(100600, 166)]"
2019-06-28 11:32:00,IMBALANCE,"[166, 166]"
2019-06-28 11:32:00,HOLDINGS_UPDATED,"{'CASH': 9180768, 'JPM': 8}"
2019-06-28 11:33:00,BID_DEPTH,"[(100600, 146)]"
2019-06-28 11:33:00,ASK_DEPTH,"[(100693, 213)]"
2019-06-28 11:33:00,IMBALANCE,"[146, 213]"
2019-06-28 11:33:00,HOLDINGS_UPDATED,"{'CASH': 8979382, 'JPM': 10}"
2019-06-28 11:34:00,BID_DEPTH,"[(100600, 365)]"
2019-06-28 11:34:00,ASK_DEPTH,"[(101025, 432)]"
2019-06-28 11:34:00,IMBALANCE,"[365, 432]"
2019-06-28 11:34:00,HOLDINGS_UPDATED,"{'CASH': 8777332, 'JPM': 12}"
2019-06-28 11:35:00,BID_DEPTH,"[(100710, 266)]"
2019-06-28 11:35:00,ASK_DEPTH,"[(101025, 267)]"
2019-06-28 11:35:00,IMBALANCE,"[266, 267]"
2019-06-28 11:35:00,HOLDINGS_UPDATED,"{'CASH': 8676307, 'JPM': 13}"
2019-06-28 11:35:00,HOLDINGS_UPDATED,"{'CASH': 8575282, 'JPM': 14}"
2019-06-28 11:36:00,BID_DEPTH,"[(101025, 348)]"
2019-06-28 11:36:00,ASK_DEPTH,"[(101033, 432)]"
2019-06-28 11:36:00,IMBALANCE,"[348, 432]"
2019-06-28 11:36:00,HOLDINGS_UPDATED,"{'CASH': 8373216, 'JPM': 16}"
2019-06-28 11:37:00,BID_DEPTH,"[(100848, 266)]"
2019-06-28 11:37:00,ASK_DEPTH,"[(101033, 167)]"
2019-06-28 11:37:00,IMBALANCE,"[266, 167]"
2019-06-28 11:37:00,HOLDINGS_UPDATED,"{'CASH': 8272183, 'JPM': 17}"
2019-06-28 11:37:00,HOLDINGS_UPDATED,"{'CASH': 8171150, 'JPM': 18}"
2019-06-28 11:38:00,BID_DEPTH,"[(100766, 166)]"
2019-06-28 11:38:00,ASK_DEPTH,"[(100861, 166)]"
2019-06-28 11:38:00,IMBALANCE,"[166, 166]"
2019-06-28 11:38:00,HOLDINGS_UPDATED,"{'CASH': 7969428, 'JPM': 20}"
2019-06-28 11:39:00,BID_DEPTH,"[(100612, 266)]"
2019-06-28 11:39:00,ASK_DEPTH,"[(100861, 167)]"
2019-06-28 11:39:00,IMBALANCE,"[266, 167]"
2019-06-28 11:39:00,HOLDINGS_UPDATED,"{'CASH': 7868567, 'JPM': 21}"
2019-06-28 11:39:00,HOLDINGS_UPDATED,"{'CASH': 7767706, 'JPM': 22}"
2019-06-28 11:40:00,BID_DEPTH,"[(100612, 183)]"
2019-06-28 11:40:00,ASK_DEPTH,"[(100861, 383)]"
2019-06-28 11:40:00,IMBALANCE,"[183, 383]"
2019-06-28 11:40:00,HOLDINGS_UPDATED,"{'CASH': 7565984, 'JPM': 24}"
2019-06-28 11:41:00,BID_DEPTH,"[(100259, 183)]"
2019-06-28 11:41:00,ASK_DEPTH,"[(100272, 98)]"
2019-06-28 11:41:00,IMBALANCE,"[183, 98]"
2019-06-28 11:41:00,HOLDINGS_UPDATED,"{'CASH': 7365440, 'JPM': 26}"
2019-06-28 11:42:00,BID_DEPTH,"[(100256, 166)]"
2019-06-28 11:42:00,ASK_DEPTH,"[(100562, 166)]"
2019-06-28 11:42:00,IMBALANCE,"[166, 166]"
2019-06-28 11:42:00,HOLDINGS_UPDATED,"{'CASH': 7164316, 'JPM': 28}"
2019-06-28 11:43:00,BID_DEPTH,"[(100145, 183)]"
2019-06-28 11:43:00,ASK_DEPTH,"[(100256, 100)]"
2019-06-28 11:43:00,IMBALANCE,"[183, 100]"
2019-06-28 11:43:00,HOLDINGS_UPDATED,"{'CASH': 6963804, 'JPM': 30}"
2019-06-28 11:44:00,BID_DEPTH,"[(100145, 183)]"
2019-06-28 11:44:00,ASK_DEPTH,"[(100563, 183)]"
2019-06-28 11:44:00,IMBALANCE,"[183, 183]"
2019-06-28 11:44:00,HOLDINGS_UPDATED,"{'CASH': 6762678, 'JPM': 32}"
2019-06-28 11:45:00,BID_DEPTH,"[(100143, 213)]"
2019-06-28 11:45:00,ASK_DEPTH,"[(100861, 310)]"
2019-06-28 11:45:00,IMBALANCE,"[213, 310]"
2019-06-28 11:45:00,HOLDINGS_UPDATED,"{'CASH': 6560956, 'JPM': 34}"
2019-06-28 11:46:00,BID_DEPTH,"[(100143, 213)]"
2019-06-28 11:46:00,ASK_DEPTH,"[(100861, 207)]"
2019-06-28 11:46:00,IMBALANCE,"[213, 207]"
2019-06-28 11:46:00,HOLDINGS_UPDATED,"{'CASH': 6359234, 'JPM': 36}"
2019-06-28 11:47:00,BID_DEPTH,"[(99903, 183)]"
2019-06-28 11:47:00,ASK_DEPTH,"[(99908, 183)]"
2019-06-28 11:47:00,IMBALANCE,"[183, 183]"
2019-06-28 11:47:00,HOLDINGS_UPDATED,"{'CASH': 6159418, 'JPM': 38}"
2019-06-28 11:48:00,BID_DEPTH,"[(99979, 183)]"
2019-06-28 11:48:00,ASK_DEPTH,"[(100861, 183)]"
2019-06-28 11:48:00,IMBALANCE,"[183, 183]"
2019-06-28 11:48:00,HOLDINGS_UPDATED,"{'CASH': 5957696, 'JPM': 40}"
2019-06-28 11:49:00,BID_DEPTH,"[(99981, 266)]"
2019-06-28 11:49:00,ASK_DEPTH,"[(100201, 266)]"
2019-06-28 11:49:00,IMBALANCE,"[266, 266]"
2019-06-28 11:49:00,HOLDINGS_UPDATED,"{'CASH': 5757294, 'JPM': 42}"
2019-06-28 11:50:00,BID_DEPTH,"[(99965, 432)]"
2019-06-28 11:50:00,ASK_DEPTH,"[(100201, 432)]"
2019-06-28 11:50:00,IMBALANCE,"[432, 432]"
2019-06-28 11:50:00,HOLDINGS_UPDATED,"{'CASH': 5556892, 'JPM': 44}"
2019-06-28 11:51:00,BID_DEPTH,"[(99909, 166)]"
2019-06-28 11:51:00,ASK_DEPTH,"[(100861, 166)]"
2019-06-28 11:51:00,IMBALANCE,"[166, 166]"
2019-06-28 11:51:00,HOLDINGS_UPDATED,"{'CASH': 5355170, 'JPM': 46}"
2019-06-28 11:52:00,BID_DEPTH,"[(99905, 213)]"
2019-06-28 11:52:00,ASK_DEPTH,"[(101033, 114)]"
2019-06-28 11:52:00,IMBALANCE,"[213, 114]"
2019-06-28 11:52:00,HOLDINGS_UPDATED,"{'CASH': 5254137, 'JPM': 47}"
2019-06-28 11:52:00,HOLDINGS_UPDATED,"{'CASH': 5153104, 'JPM': 48}"
2019-06-28 11:53:00,BID_DEPTH,"[(99905, 183)]"
2019-06-28 11:53:00,ASK_DEPTH,"[(100246, 183)]"
2019-06-28 11:53:00,IMBALANCE,"[183, 183]"
2019-06-28 11:53:00,HOLDINGS_UPDATED,"{'CASH': 4952612, 'JPM': 50}"
2019-06-28 11:54:00,BID_DEPTH,"[(99905, 183)]"
2019-06-28 11:54:00,ASK_DEPTH,"[(100353, 183)]"
2019-06-28 11:54:00,IMBALANCE,"[183, 183]"
2019-06-28 11:54:00,HOLDINGS_UPDATED,"{'CASH': 4751906, 'JPM': 52}"
2019-06-28 11:55:00,BID_DEPTH,"[(100353, 283)]"
2019-06-28 11:55:00,ASK_DEPTH,"[(100644, 183)]"
2019-06-28 11:55:00,IMBALANCE,"[283, 183]"
2019-06-28 11:55:00,HOLDINGS_UPDATED,"{'CASH': 4550618, 'JPM': 54}"
2019-06-28 11:56:00,BID_DEPTH,"[(100645, 213)]"
2019-06-28 11:56:00,ASK_DEPTH,"[(101350, 213)]"
2019-06-28 11:56:00,IMBALANCE,"[213, 213]"
2019-06-28 11:56:00,HOLDINGS_UPDATED,"{'CASH': 4347918, 'JPM': 56}"
2019-06-28 11:57:00,BID_DEPTH,"[(100822, 432)]"
2019-06-28 11:57:00,ASK_DEPTH,"[(101066, 432)]"
2019-06-28 11:57:00,IMBALANCE,"[432, 432]"
2019-06-28 11:57:00,HOLDINGS_UPDATED,"{'CASH': 4145786, 'JPM': 58}"
2019-06-28 11:58:00,BID_DEPTH,"[(100966, 166)]"
2019-06-28 11:58:00,ASK_DEPTH,"[(101066, 67)]"
2019-06-28 11:58:00,IMBALANCE,"[166, 67]"
2019-06-28 11:58:00,HOLDINGS_UPDATED,"{'CASH': 4044720, 'JPM': 59}"
2019-06-28 11:58:00,HOLDINGS_UPDATED,"{'CASH': 3943654, 'JPM': 60}"
2019-06-28 11:59:00,BID_DEPTH,"[(100822, 266)]"
2019-06-28 11:59:00,ASK_DEPTH,"[(101082, 266)]"
2019-06-28 11:59:00,IMBALANCE,"[266, 266]"
2019-06-28 11:59:00,HOLDINGS_UPDATED,"{'CASH': 3741490, 'JPM': 62}"
2019-06-28 12:00:00,BID_DEPTH,"[(100822, 213)]"
2019-06-28 12:00:00,ASK_DEPTH,"[(101063, 213)]"
2019-06-28 12:00:00,IMBALANCE,"[213, 213]"
2019-06-28 12:00:00,HOLDINGS_UPDATED,"{'CASH': 3539364, 'JPM': 64}"
2019-06-28 12:01:00,BID_DEPTH,"[(100822, 432)]"
2019-06-28 12:01:00,ASK_DEPTH,"[(101083, 397)]"
2019-06-28 12:01:00,IMBALANCE,"[432, 397]"
2019-06-28 12:01:00,HOLDINGS_UPDATED,"{'CASH': 3337198, 'JPM': 66}"
2019-06-28 12:02:00,BID_DEPTH,"[(100645, 166)]"
2019-06-28 12:02:00,ASK_DEPTH,"[(101083, 166)]"
2019-06-28 12:02:00,IMBALANCE,"[166, 166]"
2019-06-28 12:02:00,HOLDINGS_UPDATED,"{'CASH': 3135032, 'JPM': 68}"
2019-06-28 12:03:00,BID_DEPTH,"[(100578, 266)]"
2019-06-28 12:03:00,ASK_DEPTH,"[(101350, 167)]"
2019-06-28 12:03:00,IMBALANCE,"[266, 167]"
2019-06-28 12:03:00,HOLDINGS_UPDATED,"{'CASH': 3033682, 'JPM': 69}"
2019-06-28 12:03:00,HOLDINGS_UPDATED,"{'CASH': 2932332, 'JPM': 70}"
2019-06-28 12:04:00,BID_DEPTH,"[(100554, 213)]"
2019-06-28 12:04:00,ASK_DEPTH,"[(101350, 213)]"
2019-06-28 12:04:00,IMBALANCE,"[213, 213]"
2019-06-28 12:04:00,HOLDINGS_UPDATED,"{'CASH': 2729632, 'JPM': 72}"
2019-06-28 12:05:00,BID_DEPTH,"[(100554, 432)]"
2019-06-28 12:05:00,ASK_DEPTH,"[(101350, 532)]"
2019-06-28 12:05:00,IMBALANCE,"[432, 532]"
2019-06-28 12:05:00,HOLDINGS_UPDATED,"{'CASH': 2526932, 'JPM': 74}"
2019-06-28 12:06:00,BID_DEPTH,"[(100477, 166)]"
2019-06-28 12:06:00,ASK_DEPTH,"[(101350, 263)]"
2019-06-28 12:06:00,IMBALANCE,"[166, 263]"
2019-06-28 12:06:00,HOLDINGS_UPDATED,"{'CASH': 2324232, 'JPM': 76}"
2019-06-28 12:07:00,BID_DEPTH,"[(100302, 166)]"
2019-06-28 12:07:00,ASK_DEPTH,"[(101350, 260)]"
2019-06-28 12:07:00,IMBALANCE,"[166, 260]"
2019-06-28 12:07:00,HOLDINGS_UPDATED,"{'CASH': 2121532, 'JPM': 78}"
2019-06-28 12:08:00,BID_DEPTH,"[(100302, 266)]"
2019-06-28 12:08:00,ASK_DEPTH,"[(101350, 257)]"
2019-06-28 12:08:00,IMBALANCE,"[266, 257]"
2019-06-28 12:08:00,HOLDINGS_UPDATED,"{'CASH': 1918832, 'JPM': 80}"
2019-06-28 12:09:00,BID_DEPTH,"[(100021, 213)]"
2019-06-28 12:09:00,ASK_DEPTH,"[(100302, 213)]"
2019-06-28 12:09:00,IMBALANCE,"[213, 213]"
2019-06-28 12:09:00,HOLDINGS_UPDATED,"{'CASH': 1718228, 'JPM': 82}"
2019-06-28 12:10:00,BID_DEPTH,"[(99839, 432)]"
2019-06-28 12:10:00,ASK_DEPTH,"[(100021, 532)]"
2019-06-28 12:10:00,IMBALANCE,"[432, 532]"
2019-06-28 12:10:00,HOLDINGS_UPDATED,"{'CASH': 1518186, 'JPM': 84}"
2019-06-28 12:11:00,BID_DEPTH,"[(99839, 266)]"
2019-06-28 12:11:00,ASK_DEPTH,"[(100021, 363)]"
2019-06-28 12:11:00,IMBALANCE,"[266, 363]"
2019-06-28 12:11:00,HOLDINGS_UPDATED,"{'CASH': 1318144, 'JPM': 86}"
2019-06-28 12:12:00,BID_DEPTH,"[(99188, 432)]"
2019-06-28 12:12:00,ASK_DEPTH,"[(100021, 525)]"
2019-06-28 12:12:00,IMBALANCE,"[432, 525]"
2019-06-28 12:12:00,HOLDINGS_UPDATED,"{'CASH': 1118102, 'JPM': 88}"
2019-06-28 12:13:00,BID_DEPTH,"[(99090, 432)]"
2019-06-28 12:13:00,ASK_DEPTH,"[(100021, 421)]"
2019-06-28 12:13:00,IMBALANCE,"[432, 421]"
2019-06-28 12:13:00,HOLDINGS_UPDATED,"{'CASH': 918060, 'JPM': 90}"
2019-06-28 12:14:00,BID_DEPTH,"[(99041, 266)]"
2019-06-28 12:14:00,ASK_DEPTH,"[(100021, 266)]"
2019-06-28 12:14:00,IMBALANCE,"[266, 266]"
2019-06-28 12:14:00,HOLDINGS_UPDATED,"{'CASH': 718018, 'JPM': 92}"
2019-06-28 12:15:00,BID_DEPTH,"[(98825, 183)]"
2019-06-28 12:15:00,ASK_DEPTH,"[(100021, 183)]"
2019-06-28 12:15:00,IMBALANCE,"[183, 183]"
2019-06-28 12:15:00,HOLDINGS_UPDATED,"{'CASH': 517976, 'JPM': 94}"
2019-06-28 12:16:00,BID_DEPTH,"[(98794, 432)]"
2019-06-28 12:16:00,ASK_DEPTH,"[(101361, 432)]"
2019-06-28 12:16:00,IMBALANCE,"[432, 432]"
2019-06-28 12:16:00,HOLDINGS_UPDATED,"{'CASH': 315254, 'JPM': 96}"
2019-06-28 12:17:00,BID_DEPTH,"[(98703, 166)]"
2019-06-28 12:17:00,ASK_DEPTH,"[(101361, 266)]"
2019-06-28 12:17:00,IMBALANCE,"[166, 266]"
2019-06-28 12:17:00,HOLDINGS_UPDATED,"{'CASH': 512660, 'JPM': 94}"
2019-06-28 12:18:00,BID_DEPTH,"[(98597, 166)]"
2019-06-28 12:18:00,ASK_DEPTH,"[(98794, 166)]"
2019-06-28 12:18:00,IMBALANCE,"[166, 166]"
2019-06-28 12:18:00,HOLDINGS_UPDATED,"{'CASH': 709854, 'JPM': 92}"
2019-06-28 12:19:00,BID_DEPTH,"[(98597, 333)]"
2019-06-28 12:19:00,ASK_DEPTH,"[(98791, 432)]"
2019-06-28 12:19:00,IMBALANCE,"[333, 432]"
2019-06-28 12:19:00,HOLDINGS_UPDATED,"{'CASH': 808451, 'JPM': 91}"
2019-06-28 12:19:00,HOLDINGS_UPDATED,"{'CASH': 907048, 'JPM': 90}"
2019-06-28 12:20:00,BID_DEPTH,"[(98597, 67)]"
2019-06-28 12:20:00,ASK_DEPTH,"[(98791, 166)]"
2019-06-28 12:20:00,IMBALANCE,"[67, 166]"
2019-06-28 12:20:00,HOLDINGS_UPDATED,"{'CASH': 1005645, 'JPM': 89}"
2019-06-28 12:20:00,HOLDINGS_UPDATED,"{'CASH': 1104242, 'JPM': 88}"
2019-06-28 12:21:00,BID_DEPTH,"[(98565, 466)]"
2019-06-28 12:21:00,ASK_DEPTH,"[(98794, 266)]"
2019-06-28 12:21:00,IMBALANCE,"[466, 266]"
2019-06-28 12:21:00,HOLDINGS_UPDATED,"{'CASH': 1301372, 'JPM': 86}"
2019-06-28 12:22:00,BID_DEPTH,"[(98794, 183)]"
2019-06-28 12:22:00,ASK_DEPTH,"[(98863, 183)]"
2019-06-28 12:22:00,IMBALANCE,"[183, 183]"
2019-06-28 12:22:00,HOLDINGS_UPDATED,"{'CASH': 1498960, 'JPM': 84}"
2019-06-28 12:23:00,BID_DEPTH,"[(98606, 213)]"
2019-06-28 12:23:00,ASK_DEPTH,"[(98742, 213)]"
2019-06-28 12:23:00,IMBALANCE,"[213, 213]"
2019-06-28 12:23:00,HOLDINGS_UPDATED,"{'CASH': 1696172, 'JPM': 82}"
2019-06-28 12:24:00,BID_DEPTH,"[(98600, 266)]"
2019-06-28 12:24:00,ASK_DEPTH,"[(98674, 266)]"
2019-06-28 12:24:00,IMBALANCE,"[266, 266]"
2019-06-28 12:24:00,HOLDINGS_UPDATED,"{'CASH': 1893372, 'JPM': 80}"
2019-06-28 12:25:00,BID_DEPTH,"[(98595, 213)]"
2019-06-28 12:25:00,ASK_DEPTH,"[(98600, 129)]"
2019-06-28 12:25:00,IMBALANCE,"[213, 129]"
2019-06-28 12:25:00,HOLDINGS_UPDATED,"{'CASH': 2090562, 'JPM': 78}"
2019-06-28 12:26:00,BID_DEPTH,"[(98564, 84)]"
2019-06-28 12:26:00,ASK_DEPTH,"[(98595, 183)]"
2019-06-28 12:26:00,IMBALANCE,"[84, 183]"
2019-06-28 12:26:00,HOLDINGS_UPDATED,"{'CASH': 2189126, 'JPM': 77}"
2019-06-28 12:26:00,HOLDINGS_UPDATED,"{'CASH': 2287690, 'JPM': 76}"
2019-06-28 12:27:00,BID_DEPTH,"[(98289, 432)]"
2019-06-28 12:27:00,ASK_DEPTH,"[(98419, 432)]"
2019-06-28 12:27:00,IMBALANCE,"[432, 432]"
2019-06-28 12:27:00,HOLDINGS_UPDATED,"{'CASH': 2484268, 'JPM': 74}"
2019-06-28 12:28:00,BID_DEPTH,"[(98285, 166)]"
2019-06-28 12:28:00,ASK_DEPTH,"[(98419, 166)]"
2019-06-28 12:28:00,IMBALANCE,"[166, 166]"
2019-06-28 12:28:00,HOLDINGS_UPDATED,"{'CASH': 2680838, 'JPM': 72}"
2019-06-28 12:29:00,BID_DEPTH,"[(98285, 84)]"
2019-06-28 12:29:00,ASK_DEPTH,"[(98419, 183)]"
2019-06-28 12:29:00,IMBALANCE,"[84, 183]"
2019-06-28 12:29:00,HOLDINGS_UPDATED,"{'CASH': 2779123, 'JPM': 71}"
2019-06-28 12:29:00,HOLDINGS_UPDATED,"{'CASH': 2877408, 'JPM': 70}"
2019-06-28 12:30:00,BID_DEPTH,"[(98281, 148)]"
2019-06-28 12:30:00,ASK_DEPTH,"[(98419, 166)]"
2019-06-28 12:30:00,IMBALANCE,"[148, 166]"
2019-06-28 12:30:00,HOLDINGS_UPDATED,"{'CASH': 3073970, 'JPM': 68}"
2019-06-28 12:31:00,BID_DEPTH,"[(98281, 267)]"
2019-06-28 12:31:00,ASK_DEPTH,"[(98419, 166)]"
2019-06-28 12:31:00,IMBALANCE,"[267, 166]"
2019-06-28 12:31:00,HOLDINGS_UPDATED,"{'CASH': 3172251, 'JPM': 67}"
2019-06-28 12:31:00,HOLDINGS_UPDATED,"{'CASH': 3270532, 'JPM': 66}"
2019-06-28 12:32:00,BID_DEPTH,"[(98414, 183)]"
2019-06-28 12:32:00,ASK_DEPTH,"[(98742, 183)]"
2019-06-28 12:32:00,IMBALANCE,"[183, 183]"
2019-06-28 12:32:00,HOLDINGS_UPDATED,"{'CASH': 3467360, 'JPM': 64}"
2019-06-28 12:33:00,BID_DEPTH,"[(98425, 432)]"
2019-06-28 12:33:00,ASK_DEPTH,"[(98462, 432)]"
2019-06-28 12:33:00,IMBALANCE,"[432, 432]"
2019-06-28 12:33:00,HOLDINGS_UPDATED,"{'CASH': 3664210, 'JPM': 62}"
2019-06-28 12:34:00,BID_DEPTH,"[(98177, 213)]"
2019-06-28 12:34:00,ASK_DEPTH,"[(98462, 213)]"
2019-06-28 12:34:00,IMBALANCE,"[213, 213]"
2019-06-28 12:34:00,HOLDINGS_UPDATED,"{'CASH': 3860564, 'JPM': 60}"
2019-06-28 12:35:00,BID_DEPTH,"[(98126, 213)]"
2019-06-28 12:35:00,ASK_DEPTH,"[(98462, 213)]"
2019-06-28 12:35:00,IMBALANCE,"[213, 213]"
2019-06-28 12:35:00,HOLDINGS_UPDATED,"{'CASH': 4056816, 'JPM': 58}"
2019-06-28 12:36:00,BID_DEPTH,"[(98066, 183)]"
2019-06-28 12:36:00,ASK_DEPTH,"[(98462, 183)]"
2019-06-28 12:36:00,IMBALANCE,"[183, 183]"
2019-06-28 12:36:00,HOLDINGS_UPDATED,"{'CASH': 4252948, 'JPM': 56}"
2019-06-28 12:37:00,BID_DEPTH,"[(98055, 213)]"
2019-06-28 12:37:00,ASK_DEPTH,"[(98462, 213)]"
2019-06-28 12:37:00,IMBALANCE,"[213, 213]"
2019-06-28 12:37:00,HOLDINGS_UPDATED,"{'CASH': 4449058, 'JPM': 54}"
2019-06-28 12:38:00,BID_DEPTH,"[(98299, 213)]"
2019-06-28 12:38:00,ASK_DEPTH,"[(98425, 213)]"
2019-06-28 12:38:00,IMBALANCE,"[213, 213]"
2019-06-28 12:38:00,HOLDINGS_UPDATED,"{'CASH': 4645656, 'JPM': 52}"
2019-06-28 12:39:00,BID_DEPTH,"[(98373, 166)]"
2019-06-28 12:39:00,ASK_DEPTH,"[(98425, 166)]"
2019-06-28 12:39:00,IMBALANCE,"[166, 166]"
2019-06-28 12:39:00,HOLDINGS_UPDATED,"{'CASH': 4842402, 'JPM': 50}"
2019-06-28 12:40:00,BID_DEPTH,"[(98164, 266)]"
2019-06-28 12:40:00,ASK_DEPTH,"[(98425, 266)]"
2019-06-28 12:40:00,IMBALANCE,"[266, 266]"
2019-06-28 12:40:00,HOLDINGS_UPDATED,"{'CASH': 5038730, 'JPM': 48}"
2019-06-28 12:41:00,BID_DEPTH,"[(98313, 183)]"
2019-06-28 12:41:00,ASK_DEPTH,"[(98425, 183)]"
2019-06-28 12:41:00,IMBALANCE,"[183, 183]"
2019-06-28 12:41:00,HOLDINGS_UPDATED,"{'CASH': 5235356, 'JPM': 46}"
2019-06-28 12:42:00,BID_DEPTH,"[(98164, 532)]"
2019-06-28 12:42:00,ASK_DEPTH,"[(98312, 432)]"
2019-06-28 12:42:00,IMBALANCE,"[532, 432]"
2019-06-28 12:42:00,HOLDINGS_UPDATED,"{'CASH': 5431684, 'JPM': 44}"
2019-06-28 12:43:00,BID_DEPTH,"[(98164, 263)]"
2019-06-28 12:43:00,ASK_DEPTH,"[(98312, 166)]"
2019-06-28 12:43:00,IMBALANCE,"[263, 166]"
2019-06-28 12:43:00,HOLDINGS_UPDATED,"{'CASH': 5628012, 'JPM': 42}"
2019-06-28 12:44:00,BID_DEPTH,"[(98164, 526)]"
2019-06-28 12:44:00,ASK_DEPTH,"[(98312, 432)]"
2019-06-28 12:44:00,IMBALANCE,"[526, 432]"
2019-06-28 12:44:00,HOLDINGS_UPDATED,"{'CASH': 5824340, 'JPM': 40}"
2019-06-28 12:45:00,BID_DEPTH,"[(98164, 257)]"
2019-06-28 12:45:00,ASK_DEPTH,"[(98312, 266)]"
2019-06-28 12:45:00,IMBALANCE,"[257, 266]"
2019-06-28 12:45:00,HOLDINGS_UPDATED,"{'CASH': 6020668, 'JPM': 38}"
2019-06-28 12:46:00,BID_DEPTH,"[(98136, 183)]"
2019-06-28 12:46:00,ASK_DEPTH,"[(98313, 283)]"
2019-06-28 12:46:00,IMBALANCE,"[183, 283]"
2019-06-28 12:46:00,HOLDINGS_UPDATED,"{'CASH': 6216940, 'JPM': 36}"
2019-06-28 12:47:00,BID_DEPTH,"[(98136, 213)]"
2019-06-28 12:47:00,ASK_DEPTH,"[(98359, 213)]"
2019-06-28 12:47:00,IMBALANCE,"[213, 213]"
2019-06-28 12:47:00,HOLDINGS_UPDATED,"{'CASH': 6413212, 'JPM': 34}"
2019-06-28 12:48:00,BID_DEPTH,"[(98055, 266)]"
2019-06-28 12:48:00,ASK_DEPTH,"[(98359, 166)]"
2019-06-28 12:48:00,IMBALANCE,"[266, 166]"
2019-06-28 12:48:00,HOLDINGS_UPDATED,"{'CASH': 6609322, 'JPM': 32}"
2019-06-28 12:49:00,BID_DEPTH,"[(98055, 180)]"
2019-06-28 12:49:00,ASK_DEPTH,"[(98462, 183)]"
2019-06-28 12:49:00,IMBALANCE,"[180, 183]"
2019-06-28 12:49:00,HOLDINGS_UPDATED,"{'CASH': 6805432, 'JPM': 30}"
2019-06-28 12:50:00,BID_DEPTH,"[(98027, 432)]"
2019-06-28 12:50:00,ASK_DEPTH,"[(98462, 432)]"
2019-06-28 12:50:00,IMBALANCE,"[432, 432]"
2019-06-28 12:50:00,HOLDINGS_UPDATED,"{'CASH': 7001486, 'JPM': 28}"
2019-06-28 12:51:00,BID_DEPTH,"[(98026, 183)]"
2019-06-28 12:51:00,ASK_DEPTH,"[(98528, 183)]"
2019-06-28 12:51:00,IMBALANCE,"[183, 183]"
2019-06-28 12:51:00,HOLDINGS_UPDATED,"{'CASH': 7197538, 'JPM': 26}"
2019-06-28 12:52:00,BID_DEPTH,"[(98571, 100)]"
2019-06-28 12:52:00,ASK_DEPTH,"[(98784, 183)]"
2019-06-28 12:52:00,IMBALANCE,"[100, 183]"
2019-06-28 12:52:00,HOLDINGS_UPDATED,"{'CASH': 7394680, 'JPM': 24}"
2019-06-28 12:53:00,BID_DEPTH,"[(98572, 366)]"
2019-06-28 12:53:00,ASK_DEPTH,"[(99195, 266)]"
2019-06-28 12:53:00,IMBALANCE,"[366, 266]"
2019-06-28 12:53:00,HOLDINGS_UPDATED,"{'CASH': 7591824, 'JPM': 22}"
2019-06-28 12:54:00,BID_DEPTH,"[(98572, 210)]"
2019-06-28 12:54:00,ASK_DEPTH,"[(99195, 213)]"
2019-06-28 12:54:00,IMBALANCE,"[210, 213]"
2019-06-28 12:54:00,HOLDINGS_UPDATED,"{'CASH': 7788968, 'JPM': 20}"
2019-06-28 12:55:00,BID_DEPTH,"[(98572, 283)]"
2019-06-28 12:55:00,ASK_DEPTH,"[(99578, 183)]"
2019-06-28 12:55:00,IMBALANCE,"[283, 183]"
2019-06-28 12:55:00,HOLDINGS_UPDATED,"{'CASH': 7986112, 'JPM': 18}"
2019-06-28 12:56:00,BID_DEPTH,"[(98572, 363)]"
2019-06-28 12:56:00,ASK_DEPTH,"[(99633, 266)]"
2019-06-28 12:56:00,IMBALANCE,"[363, 266]"
2019-06-28 12:56:00,HOLDINGS_UPDATED,"{'CASH': 8183256, 'JPM': 16}"
2019-06-28 12:57:00,BID_DEPTH,"[(98573, 183)]"
2019-06-28 12:57:00,ASK_DEPTH,"[(99853, 183)]"
2019-06-28 12:57:00,IMBALANCE,"[183, 183]"
2019-06-28 12:57:00,HOLDINGS_UPDATED,"{'CASH': 8380402, 'JPM': 14}"
2019-06-28 12:58:00,BID_DEPTH,"[(98573, 432)]"
2019-06-28 12:58:00,ASK_DEPTH,"[(100042, 432)]"
2019-06-28 12:58:00,IMBALANCE,"[432, 432]"
2019-06-28 12:58:00,HOLDINGS_UPDATED,"{'CASH': 8577548, 'JPM': 12}"
2019-06-28 12:59:00,BID_DEPTH,"[(98573, 432)]"
2019-06-28 12:59:00,ASK_DEPTH,"[(99714, 432)]"
2019-06-28 12:59:00,IMBALANCE,"[432, 432]"
2019-06-28 12:59:00,HOLDINGS_UPDATED,"{'CASH': 8774694, 'JPM': 10}"
2019-06-28 13:00:00,BID_DEPTH,"[(99623, 213)]"
2019-06-28 13:00:00,ASK_DEPTH,"[(99633, 213)]"
2019-06-28 13:00:00,IMBALANCE,"[213, 213]"
2019-06-28 13:00:00,HOLDINGS_UPDATED,"{'CASH': 8973940, 'JPM': 8}"
2019-06-28 13:01:00,BID_DEPTH,"[(99157, 183)]"
2019-06-28 13:01:00,ASK_DEPTH,"[(99450, 183)]"
2019-06-28 13:01:00,IMBALANCE,"[183, 183]"
2019-06-28 13:01:00,HOLDINGS_UPDATED,"{'CASH': 9172254, 'JPM': 6}"
2019-06-28 13:02:00,BID_DEPTH,"[(99012, 213)]"
2019-06-28 13:02:00,ASK_DEPTH,"[(99198, 213)]"
2019-06-28 13:02:00,IMBALANCE,"[213, 213]"
2019-06-28 13:02:00,HOLDINGS_UPDATED,"{'CASH': 8973858, 'JPM': 8}"
2019-06-28 13:03:00,BID_DEPTH,"[(99012, 432)]"
2019-06-28 13:03:00,ASK_DEPTH,"[(99261, 432)]"
2019-06-28 13:03:00,IMBALANCE,"[432, 432]"
2019-06-28 13:03:00,HOLDINGS_UPDATED,"{'CASH': 8775336, 'JPM': 10}"
2019-06-28 13:04:00,BID_DEPTH,"[(99019, 213)]"
2019-06-28 13:04:00,ASK_DEPTH,"[(99221, 213)]"
2019-06-28 13:04:00,IMBALANCE,"[213, 213]"
2019-06-28 13:04:00,HOLDINGS_UPDATED,"{'CASH': 8576894, 'JPM': 12}"
2019-06-28 13:05:00,BID_DEPTH,"[(99221, 173)]"
2019-06-28 13:05:00,ASK_DEPTH,"[(99352, 183)]"
2019-06-28 13:05:00,IMBALANCE,"[173, 183]"
2019-06-28 13:05:00,HOLDINGS_UPDATED,"{'CASH': 8378190, 'JPM': 14}"
2019-06-28 13:06:00,BID_DEPTH,"[(99440, 183)]"
2019-06-28 13:06:00,ASK_DEPTH,"[(99481, 183)]"
2019-06-28 13:06:00,IMBALANCE,"[183, 183]"
2019-06-28 13:06:00,HOLDINGS_UPDATED,"{'CASH': 8179228, 'JPM': 16}"
2019-06-28 13:07:00,BID_DEPTH,"[(99440, 213)]"
2019-06-28 13:07:00,ASK_DEPTH,"[(99481, 214)]"
2019-06-28 13:07:00,IMBALANCE,"[213, 214]"
2019-06-28 13:07:00,HOLDINGS_UPDATED,"{'CASH': 8079747, 'JPM': 17}"
2019-06-28 13:07:00,HOLDINGS_UPDATED,"{'CASH': 7980266, 'JPM': 18}"
2019-06-28 13:08:00,BID_DEPTH,"[(99440, 266)]"
2019-06-28 13:08:00,ASK_DEPTH,"[(99490, 266)]"
2019-06-28 13:08:00,IMBALANCE,"[266, 266]"
2019-06-28 13:08:00,HOLDINGS_UPDATED,"{'CASH': 7781286, 'JPM': 20}"
2019-06-28 13:09:00,BID_DEPTH,"[(99440, 266)]"
2019-06-28 13:09:00,ASK_DEPTH,"[(99578, 266)]"
2019-06-28 13:09:00,IMBALANCE,"[266, 266]"
2019-06-28 13:09:00,HOLDINGS_UPDATED,"{'CASH': 7582130, 'JPM': 22}"
2019-06-28 13:10:00,BID_DEPTH,"[(99440, 213)]"
2019-06-28 13:10:00,ASK_DEPTH,"[(100042, 213)]"
2019-06-28 13:10:00,IMBALANCE,"[213, 213]"
2019-06-28 13:10:00,HOLDINGS_UPDATED,"{'CASH': 7382046, 'JPM': 24}"
2019-06-28 13:11:00,BID_DEPTH,"[(99912, 213)]"
2019-06-28 13:11:00,ASK_DEPTH,"[(100042, 114)]"
2019-06-28 13:11:00,IMBALANCE,"[213, 114]"
2019-06-28 13:11:00,HOLDINGS_UPDATED,"{'CASH': 7282004, 'JPM': 25}"
2019-06-28 13:11:00,HOLDINGS_UPDATED,"{'CASH': 7181962, 'JPM': 26}"
2019-06-28 13:12:00,BID_DEPTH,"[(99857, 432)]"
2019-06-28 13:12:00,ASK_DEPTH,"[(100042, 433)]"
2019-06-28 13:12:00,IMBALANCE,"[432, 433]"
2019-06-28 13:12:00,HOLDINGS_UPDATED,"{'CASH': 7081920, 'JPM': 27}"
2019-06-28 13:12:00,HOLDINGS_UPDATED,"{'CASH': 6981878, 'JPM': 28}"
2019-06-28 13:13:00,BID_DEPTH,"[(99916, 183)]"
2019-06-28 13:13:00,ASK_DEPTH,"[(99921, 183)]"
2019-06-28 13:13:00,IMBALANCE,"[183, 183]"
2019-06-28 13:13:00,HOLDINGS_UPDATED,"{'CASH': 6782036, 'JPM': 30}"
2019-06-28 13:14:00,BID_DEPTH,"[(99857, 166)]"
2019-06-28 13:14:00,ASK_DEPTH,"[(99921, 67)]"
2019-06-28 13:14:00,IMBALANCE,"[166, 67]"
2019-06-28 13:14:00,HOLDINGS_UPDATED,"{'CASH': 6682115, 'JPM': 31}"
2019-06-28 13:14:00,HOLDINGS_UPDATED,"{'CASH': 6582194, 'JPM': 32}"
2019-06-28 13:15:00,BID_DEPTH,"[(99762, 266)]"
2019-06-28 13:15:00,ASK_DEPTH,"[(99948, 231)]"
2019-06-28 13:15:00,IMBALANCE,"[266, 231]"
2019-06-28 13:15:00,HOLDINGS_UPDATED,"{'CASH': 6382298, 'JPM': 34}"
2019-06-28 13:16:00,BID_DEPTH,"[(99762, 266)]"
2019-06-28 13:16:00,ASK_DEPTH,"[(99948, 267)]"
2019-06-28 13:16:00,IMBALANCE,"[266, 267]"
2019-06-28 13:16:00,HOLDINGS_UPDATED,"{'CASH': 6282350, 'JPM': 35}"
2019-06-28 13:16:00,HOLDINGS_UPDATED,"{'CASH': 6182402, 'JPM': 36}"
2019-06-28 13:17:00,BID_DEPTH,"[(99738, 213)]"
2019-06-28 13:17:00,ASK_DEPTH,"[(99963, 213)]"
2019-06-28 13:17:00,IMBALANCE,"[213, 213]"
2019-06-28 13:17:00,HOLDINGS_UPDATED,"{'CASH': 5982476, 'JPM': 38}"
2019-06-28 13:18:00,BID_DEPTH,"[(99738, 432)]"
2019-06-28 13:18:00,ASK_DEPTH,"[(99963, 533)]"
2019-06-28 13:18:00,IMBALANCE,"[432, 533]"
2019-06-28 13:18:00,HOLDINGS_UPDATED,"{'CASH': 5882513, 'JPM': 39}"
2019-06-28 13:18:00,HOLDINGS_UPDATED,"{'CASH': 5782550, 'JPM': 40}"
2019-06-28 13:19:00,BID_DEPTH,"[(99618, 213)]"
2019-06-28 13:19:00,ASK_DEPTH,"[(99641, 213)]"
2019-06-28 13:19:00,IMBALANCE,"[213, 213]"
2019-06-28 13:19:00,HOLDINGS_UPDATED,"{'CASH': 5583268, 'JPM': 42}"
2019-06-28 13:20:00,BID_DEPTH,"[(99401, 266)]"
2019-06-28 13:20:00,ASK_DEPTH,"[(99641, 266)]"
2019-06-28 13:20:00,IMBALANCE,"[266, 266]"
2019-06-28 13:20:00,HOLDINGS_UPDATED,"{'CASH': 5383986, 'JPM': 44}"
2019-06-28 13:21:00,BID_DEPTH,"[(99352, 186)]"
2019-06-28 13:21:00,ASK_DEPTH,"[(99963, 264)]"
2019-06-28 13:21:00,IMBALANCE,"[186, 264]"
2019-06-28 13:21:00,HOLDINGS_UPDATED,"{'CASH': 5184060, 'JPM': 46}"
2019-06-28 13:22:00,BID_DEPTH,"[(99352, 86)]"
2019-06-28 13:22:00,ASK_DEPTH,"[(99963, 266)]"
2019-06-28 13:22:00,IMBALANCE,"[86, 266]"
2019-06-28 13:22:00,HOLDINGS_UPDATED,"{'CASH': 4984134, 'JPM': 48}"
2019-06-28 13:23:00,BID_DEPTH,"[(99221, 203)]"
2019-06-28 13:23:00,ASK_DEPTH,"[(99352, 127)]"
2019-06-28 13:23:00,IMBALANCE,"[203, 127]"
2019-06-28 13:23:00,HOLDINGS_UPDATED,"{'CASH': 4785430, 'JPM': 50}"
2019-06-28 13:24:00,BID_DEPTH,"[(99591, 166)]"
2019-06-28 13:24:00,ASK_DEPTH,"[(99963, 163)]"
2019-06-28 13:24:00,IMBALANCE,"[166, 163]"
2019-06-28 13:24:00,HOLDINGS_UPDATED,"{'CASH': 4585504, 'JPM': 52}"
2019-06-28 13:25:00,BID_DEPTH,"[(99591, 166)]"
2019-06-28 13:25:00,ASK_DEPTH,"[(99963, 266)]"
2019-06-28 13:25:00,IMBALANCE,"[166, 266]"
2019-06-28 13:25:00,HOLDINGS_UPDATED,"{'CASH': 4385578, 'JPM': 54}"
2019-06-28 13:26:00,BID_DEPTH,"[(99485, 432)]"
2019-06-28 13:26:00,ASK_DEPTH,"[(99963, 629)]"
2019-06-28 13:26:00,IMBALANCE,"[432, 629]"
2019-06-28 13:26:00,HOLDINGS_UPDATED,"{'CASH': 4185652, 'JPM': 56}"
2019-06-28 13:27:00,BID_DEPTH,"[(99485, 266)]"
2019-06-28 13:27:00,ASK_DEPTH,"[(99963, 560)]"
2019-06-28 13:27:00,IMBALANCE,"[266, 560]"
2019-06-28 13:27:00,HOLDINGS_UPDATED,"{'CASH': 3985726, 'JPM': 58}"
2019-06-28 13:28:00,BID_DEPTH,"[(99483, 432)]"
2019-06-28 13:28:00,ASK_DEPTH,"[(99963, 623)]"
2019-06-28 13:28:00,IMBALANCE,"[432, 623]"
2019-06-28 13:28:00,HOLDINGS_UPDATED,"{'CASH': 3785800, 'JPM': 60}"
2019-06-28 13:29:00,BID_DEPTH,"[(99484, 266)]"
2019-06-28 13:29:00,ASK_DEPTH,"[(99598, 266)]"
2019-06-28 13:29:00,IMBALANCE,"[266, 266]"
2019-06-28 13:29:00,HOLDINGS_UPDATED,"{'CASH': 3586604, 'JPM': 62}"
2019-06-28 13:30:00,BID_DEPTH,"[(99427, 266)]"
2019-06-28 13:30:00,ASK_DEPTH,"[(99717, 266)]"
2019-06-28 13:30:00,IMBALANCE,"[266, 266]"
2019-06-28 13:30:00,HOLDINGS_UPDATED,"{'CASH': 3387170, 'JPM': 64}"
2019-06-28 13:31:00,BID_DEPTH,"[(99389, 266)]"
2019-06-28 13:31:00,ASK_DEPTH,"[(99427, 200)]"
2019-06-28 13:31:00,IMBALANCE,"[266, 200]"
2019-06-28 13:31:00,HOLDINGS_UPDATED,"{'CASH': 3188316, 'JPM': 66}"
2019-06-28 13:32:00,BID_DEPTH,"[(99389, 266)]"
2019-06-28 13:32:00,ASK_DEPTH,"[(99427, 266)]"
2019-06-28 13:32:00,IMBALANCE,"[266, 266]"
2019-06-28 13:32:00,HOLDINGS_UPDATED,"{'CASH': 2989462, 'JPM': 68}"
2019-06-28 13:33:00,BID_DEPTH,"[(99389, 213)]"
2019-06-28 13:33:00,ASK_DEPTH,"[(99427, 213)]"
2019-06-28 13:33:00,IMBALANCE,"[213, 213]"
2019-06-28 13:33:00,HOLDINGS_UPDATED,"{'CASH': 2790608, 'JPM': 70}"
2019-06-28 13:34:00,BID_DEPTH,"[(99389, 166)]"
2019-06-28 13:34:00,ASK_DEPTH,"[(99676, 166)]"
2019-06-28 13:34:00,IMBALANCE,"[166, 166]"
2019-06-28 13:34:00,HOLDINGS_UPDATED,"{'CASH': 2591256, 'JPM': 72}"
2019-06-28 13:35:00,BID_DEPTH,"[(99389, 266)]"
2019-06-28 13:35:00,ASK_DEPTH,"[(99963, 354)]"
2019-06-28 13:35:00,IMBALANCE,"[266, 354]"
2019-06-28 13:35:00,HOLDINGS_UPDATED,"{'CASH': 2391330, 'JPM': 74}"
2019-06-28 13:36:00,BID_DEPTH,"[(99811, 432)]"
2019-06-28 13:36:00,ASK_DEPTH,"[(100042, 333)]"
2019-06-28 13:36:00,IMBALANCE,"[432, 333]"
2019-06-28 13:36:00,HOLDINGS_UPDATED,"{'CASH': 2291288, 'JPM': 75}"
2019-06-28 13:36:00,HOLDINGS_UPDATED,"{'CASH': 2191246, 'JPM': 76}"
2019-06-28 13:37:00,BID_DEPTH,"[(99389, 266)]"
2019-06-28 13:37:00,ASK_DEPTH,"[(100143, 266)]"
2019-06-28 13:37:00,IMBALANCE,"[266, 266]"
2019-06-28 13:37:00,HOLDINGS_UPDATED,"{'CASH': 1990960, 'JPM': 78}"
2019-06-28 13:38:00,BID_DEPTH,"[(99389, 100)]"
2019-06-28 13:38:00,ASK_DEPTH,[]
2019-06-28 13:38:00,IMBALANCE,"[100, 0]"
2019-06-28 13:39:00,BID_DEPTH,"[(99881, 100)]"
2019-06-28 13:39:00,ASK_DEPTH,[]
2019-06-28 13:39:00,IMBALANCE,"[100, 0]"
2019-06-28 13:40:00,BID_DEPTH,"[(100096, 100)]"
2019-06-28 13:40:00,ASK_DEPTH,[]
2019-06-28 13:40:00,IMBALANCE,"[100, 0]"
2019-06-28 13:41:00,BID_DEPTH,"[(99881, 100)]"
2019-06-28 13:41:00,ASK_DEPTH,[]
2019-06-28 13:41:00,IMBALANCE,"[100, 0]"
2019-06-28 13:42:00,BID_DEPTH,"[(99389, 266)]"
2019-06-28 13:42:00,ASK_DEPTH,"[(99844, 266)]"
2019-06-28 13:42:00,IMBALANCE,"[266, 266]"
2019-06-28 13:42:00,HOLDINGS_UPDATED,"{'CASH': 1791272, 'JPM': 80}"
2019-06-28 13:43:00,BID_DEPTH,"[(99336, 183)]"
2019-06-28 13:43:00,ASK_DEPTH,"[(100084, 183)]"
2019-06-28 13:43:00,IMBALANCE,"[183, 183]"
2019-06-28 13:43:00,HOLDINGS_UPDATED,"{'CASH': 1591104, 'JPM': 82}"
2019-06-28 13:44:00,BID_DEPTH,"[(99935, 266)]"
2019-06-28 13:44:00,ASK_DEPTH,"[(100084, 266)]"
2019-06-28 13:44:00,IMBALANCE,"[266, 266]"
2019-06-28 13:44:00,HOLDINGS_UPDATED,"{'CASH': 1390936, 'JPM': 84}"
2019-06-28 13:45:00,BID_DEPTH,"[(100084, 183)]"
2019-06-28 13:45:00,ASK_DEPTH,"[(100147, 183)]"
2019-06-28 13:45:00,IMBALANCE,"[183, 183]"
2019-06-28 13:45:00,HOLDINGS_UPDATED,"{'CASH': 1190642, 'JPM': 86}"
2019-06-28 13:46:00,BID_DEPTH,"[(100084, 166)]"
2019-06-28 13:46:00,ASK_DEPTH,"[(100147, 67)]"
2019-06-28 13:46:00,IMBALANCE,"[166, 67]"
2019-06-28 13:46:00,HOLDINGS_UPDATED,"{'CASH': 1090495, 'JPM': 87}"
2019-06-28 13:46:00,HOLDINGS_UPDATED,"{'CASH': 990348, 'JPM': 88}"
2019-06-28 13:47:00,BID_DEPTH,"[(100293, 166)]"
2019-06-28 13:47:00,ASK_DEPTH,"[(100359, 131)]"
2019-06-28 13:47:00,IMBALANCE,"[166, 131]"
2019-06-28 13:47:00,HOLDINGS_UPDATED,"{'CASH': 789630, 'JPM': 90}"
2019-06-28 13:48:00,BID_DEPTH,"[(100359, 33)]"
2019-06-28 13:48:00,ASK_DEPTH,[]
2019-06-28 13:48:00,IMBALANCE,"[33, 0]"
2019-06-28 13:49:00,BID_DEPTH,"[(100806, 183)]"
2019-06-28 13:49:00,ASK_DEPTH,"[(101040, 183)]"
2019-06-28 13:49:00,IMBALANCE,"[183, 183]"
2019-06-28 13:49:00,HOLDINGS_UPDATED,"{'CASH': 587550, 'JPM': 92}"
2019-06-28 13:50:00,BID_DEPTH,"[(100539, 183)]"
2019-06-28 13:50:00,ASK_DEPTH,"[(101040, 84)]"
2019-06-28 13:50:00,IMBALANCE,"[183, 84]"
2019-06-28 13:50:00,HOLDINGS_UPDATED,"{'CASH': 486510, 'JPM': 93}"
2019-06-28 13:50:00,HOLDINGS_UPDATED,"{'CASH': 385470, 'JPM': 94}"
2019-06-28 13:51:00,BID_DEPTH,"[(100526, 183)]"
2019-06-28 13:51:00,ASK_DEPTH,"[(101041, 365)]"
2019-06-28 13:51:00,IMBALANCE,"[183, 365]"
2019-06-28 13:51:00,HOLDINGS_UPDATED,"{'CASH': 183388, 'JPM': 96}"
2019-06-28 13:52:00,BID_DEPTH,"[(100359, 299)]"
2019-06-28 13:52:00,ASK_DEPTH,"[(101040, 266)]"
2019-06-28 13:52:00,IMBALANCE,"[299, 266]"
2019-06-28 13:52:00,HOLDINGS_UPDATED,"{'CASH': -18692, 'JPM': 98}"
2019-06-28 13:53:00,BID_DEPTH,"[(100293, 266)]"
2019-06-28 13:53:00,ASK_DEPTH,"[(101040, 167)]"
2019-06-28 13:53:00,IMBALANCE,"[266, 167]"
2019-06-28 13:53:00,HOLDINGS_UPDATED,"{'CASH': -119732, 'JPM': 99}"
2019-06-28 13:53:00,HOLDINGS_UPDATED,"{'CASH': -220772, 'JPM': 100}"
2019-06-28 13:54:00,BID_DEPTH,"[(100153, 166)]"
2019-06-28 13:54:00,ASK_DEPTH,"[(101040, 167)]"
2019-06-28 13:54:00,IMBALANCE,"[166, 167]"
2019-06-28 13:54:00,HOLDINGS_UPDATED,"{'CASH': -321812, 'JPM': 101}"
2019-06-28 13:54:00,HOLDINGS_UPDATED,"{'CASH': -422852, 'JPM': 102}"
2019-06-28 13:55:00,BID_DEPTH,"[(100007, 432)]"
2019-06-28 13:55:00,ASK_DEPTH,"[(100153, 432)]"
2019-06-28 13:55:00,IMBALANCE,"[432, 432]"
2019-06-28 13:55:00,HOLDINGS_UPDATED,"{'CASH': -623158, 'JPM': 104}"
2019-06-28 13:56:00,BID_DEPTH,"[(99935, 183)]"
2019-06-28 13:56:00,ASK_DEPTH,"[(100153, 283)]"
2019-06-28 13:56:00,IMBALANCE,"[183, 283]"
2019-06-28 13:56:00,HOLDINGS_UPDATED,"{'CASH': -823464, 'JPM': 106}"
2019-06-28 13:57:00,BID_DEPTH,"[(99780, 432)]"
2019-06-28 13:57:00,ASK_DEPTH,"[(100153, 529)]"
2019-06-28 13:57:00,IMBALANCE,"[432, 529]"
2019-06-28 13:57:00,HOLDINGS_UPDATED,"{'CASH': -1023770, 'JPM': 108}"
2019-06-28 13:58:00,BID_DEPTH,"[(99679, 213)]"
2019-06-28 13:58:00,ASK_DEPTH,"[(100042, 213)]"
2019-06-28 13:58:00,IMBALANCE,"[213, 213]"
2019-06-28 13:58:00,HOLDINGS_UPDATED,"{'CASH': -1223854, 'JPM': 110}"
2019-06-28 13:59:00,BID_DEPTH,"[(99679, 213)]"
2019-06-28 13:59:00,ASK_DEPTH,"[(100042, 413)]"
2019-06-28 13:59:00,IMBALANCE,"[213, 413]"
2019-06-28 13:59:00,HOLDINGS_UPDATED,"{'CASH': -1423938, 'JPM': 112}"
2019-06-28 14:00:00,BID_DEPTH,"[(99671, 432)]"
2019-06-28 14:00:00,ASK_DEPTH,"[(99893, 432)]"
2019-06-28 14:00:00,IMBALANCE,"[432, 432]"
2019-06-28 14:00:00,HOLDINGS_UPDATED,"{'CASH': -1623724, 'JPM': 114}"
2019-06-28 14:01:00,BID_DEPTH,"[(99669, 166)]"
2019-06-28 14:01:00,ASK_DEPTH,"[(100042, 363)]"
2019-06-28 14:01:00,IMBALANCE,"[166, 363]"
2019-06-28 14:01:00,HOLDINGS_UPDATED,"{'CASH': -1823808, 'JPM': 116}"
2019-06-28 14:02:00,BID_DEPTH,"[(99629, 166)]"
2019-06-28 14:02:00,ASK_DEPTH,"[(100042, 260)]"
2019-06-28 14:02:00,IMBALANCE,"[166, 260]"
2019-06-28 14:02:00,HOLDINGS_UPDATED,"{'CASH': -2023892, 'JPM': 118}"
2019-06-28 14:03:00,BID_DEPTH,"[(99705, 166)]"
2019-06-28 14:03:00,ASK_DEPTH,"[(100042, 157)]"
2019-06-28 14:03:00,IMBALANCE,"[166, 157]"
2019-06-28 14:03:00,HOLDINGS_UPDATED,"{'CASH': -2223976, 'JPM': 120}"
2019-06-28 14:04:00,BID_DEPTH,"[(99705, 213)]"
2019-06-28 14:04:00,ASK_DEPTH,"[(100153, 307)]"
2019-06-28 14:04:00,IMBALANCE,"[213, 307]"
2019-06-28 14:04:00,HOLDINGS_UPDATED,"{'CASH': -2424282, 'JPM': 122}"
2019-06-28 14:05:00,BID_DEPTH,"[(99705, 432)]"
2019-06-28 14:05:00,ASK_DEPTH,"[(100153, 523)]"
2019-06-28 14:05:00,IMBALANCE,"[432, 523]"
2019-06-28 14:05:00,HOLDINGS_UPDATED,"{'CASH': -2624588, 'JPM': 124}"
2019-06-28 14:06:00,BID_DEPTH,"[(99705, 266)]"
2019-06-28 14:06:00,ASK_DEPTH,"[(100153, 354)]"
2019-06-28 14:06:00,IMBALANCE,"[266, 354]"
2019-06-28 14:06:00,HOLDINGS_UPDATED,"{'CASH': -2824894, 'JPM': 126}"
2019-06-28 14:07:00,BID_DEPTH,"[(100153, 213)]"
2019-06-28 14:07:00,ASK_DEPTH,"[(100529, 213)]"
2019-06-28 14:07:00,IMBALANCE,"[213, 213]"
2019-06-28 14:07:00,HOLDINGS_UPDATED,"{'CASH': -3025952, 'JPM': 128}"
2019-06-28 14:08:00,BID_DEPTH,"[(100785, 266)]"
2019-06-28 14:08:00,ASK_DEPTH,"[(101040, 167)]"
2019-06-28 14:08:00,IMBALANCE,"[266, 167]"
2019-06-28 14:08:00,HOLDINGS_UPDATED,"{'CASH': -3126992, 'JPM': 129}"
2019-06-28 14:08:00,HOLDINGS_UPDATED,"{'CASH': -3228032, 'JPM': 130}"
2019-06-28 14:09:00,BID_DEPTH,"[(101040, 266)]"
2019-06-28 14:09:00,ASK_DEPTH,"[(101041, 246)]"
2019-06-28 14:09:00,IMBALANCE,"[266, 246]"
2019-06-28 14:09:00,HOLDINGS_UPDATED,"{'CASH': -3430114, 'JPM': 132}"
2019-06-28 14:10:00,BID_DEPTH,"[(101040, 213)]"
2019-06-28 14:10:00,ASK_DEPTH,"[(101041, 114)]"
2019-06-28 14:10:00,IMBALANCE,"[213, 114]"
2019-06-28 14:10:00,HOLDINGS_UPDATED,"{'CASH': -3531155, 'JPM': 133}"
2019-06-28 14:10:00,HOLDINGS_UPDATED,"{'CASH': -3632196, 'JPM': 134}"
2019-06-28 14:11:00,BID_DEPTH,"[(100785, 213)]"
2019-06-28 14:11:00,ASK_DEPTH,"[(101041, 314)]"
2019-06-28 14:11:00,IMBALANCE,"[213, 314]"
2019-06-28 14:11:00,HOLDINGS_UPDATED,"{'CASH': -3733237, 'JPM': 135}"
2019-06-28 14:11:00,HOLDINGS_UPDATED,"{'CASH': -3834278, 'JPM': 136}"
2019-06-28 14:12:00,BID_DEPTH,"[(100300, 183)]"
2019-06-28 14:12:00,ASK_DEPTH,"[(100394, 183)]"
2019-06-28 14:12:00,IMBALANCE,"[183, 183]"
2019-06-28 14:12:00,HOLDINGS_UPDATED,"{'CASH': -4035066, 'JPM': 138}"
2019-06-28 14:13:00,BID_DEPTH,"[(100300, 432)]"
2019-06-28 14:13:00,ASK_DEPTH,"[(100591, 432)]"
2019-06-28 14:13:00,IMBALANCE,"[432, 432]"
2019-06-28 14:13:00,HOLDINGS_UPDATED,"{'CASH': -4236248, 'JPM': 140}"
2019-06-28 14:14:00,BID_DEPTH,"[(100274, 432)]"
2019-06-28 14:14:00,ASK_DEPTH,"[(100300, 432)]"
2019-06-28 14:14:00,IMBALANCE,"[432, 432]"
2019-06-28 14:14:00,HOLDINGS_UPDATED,"{'CASH': -4436848, 'JPM': 142}"
2019-06-28 14:15:00,BID_DEPTH,"[(100039, 213)]"
2019-06-28 14:15:00,ASK_DEPTH,"[(100364, 213)]"
2019-06-28 14:15:00,IMBALANCE,"[213, 213]"
2019-06-28 14:15:00,HOLDINGS_UPDATED,"{'CASH': -4637576, 'JPM': 144}"
2019-06-28 14:16:00,BID_DEPTH,"[(99973, 266)]"
2019-06-28 14:16:00,ASK_DEPTH,"[(100663, 266)]"
2019-06-28 14:16:00,IMBALANCE,"[266, 266]"
2019-06-28 14:16:00,HOLDINGS_UPDATED,"{'CASH': -4838902, 'JPM': 146}"
2019-06-28 14:17:00,BID_DEPTH,"[(99827, 432)]"
2019-06-28 14:17:00,ASK_DEPTH,"[(100663, 432)]"
2019-06-28 14:17:00,IMBALANCE,"[432, 432]"
2019-06-28 14:17:00,HOLDINGS_UPDATED,"{'CASH': -5040228, 'JPM': 148}"
2019-06-28 14:18:00,BID_DEPTH,"[(99746, 432)]"
2019-06-28 14:18:00,ASK_DEPTH,"[(100663, 632)]"
2019-06-28 14:18:00,IMBALANCE,"[432, 632]"
2019-06-28 14:18:00,HOLDINGS_UPDATED,"{'CASH': -5241554, 'JPM': 150}"
2019-06-28 14:19:00,BID_DEPTH,"[(99661, 166)]"
2019-06-28 14:19:00,ASK_DEPTH,"[(99746, 166)]"
2019-06-28 14:19:00,IMBALANCE,"[166, 166]"
2019-06-28 14:19:00,HOLDINGS_UPDATED,"{'CASH': -5441046, 'JPM': 152}"
2019-06-28 14:20:00,BID_DEPTH,"[(99565, 166)]"
2019-06-28 14:20:00,ASK_DEPTH,"[(100663, 263)]"
2019-06-28 14:20:00,IMBALANCE,"[166, 263]"
2019-06-28 14:20:00,HOLDINGS_UPDATED,"{'CASH': -5642372, 'JPM': 154}"
2019-06-28 14:21:00,BID_DEPTH,"[(99504, 432)]"
2019-06-28 14:21:00,ASK_DEPTH,"[(99565, 366)]"
2019-06-28 14:21:00,IMBALANCE,"[432, 366]"
2019-06-28 14:21:00,HOLDINGS_UPDATED,"{'CASH': -5841502, 'JPM': 156}"
2019-06-28 14:22:00,BID_DEPTH,"[(99280, 183)]"
2019-06-28 14:22:00,ASK_DEPTH,"[(99504, 183)]"
2019-06-28 14:22:00,IMBALANCE,"[183, 183]"
2019-06-28 14:22:00,HOLDINGS_UPDATED,"{'CASH': -6040510, 'JPM': 158}"
2019-06-28 14:23:00,BID_DEPTH,"[(99122, 183)]"
2019-06-28 14:23:00,ASK_DEPTH,"[(99130, 183)]"
2019-06-28 14:23:00,IMBALANCE,"[183, 183]"
2019-06-28 14:23:00,HOLDINGS_UPDATED,"{'CASH': -6238770, 'JPM': 160}"
2019-06-28 14:24:00,BID_DEPTH,"[(99184, 213)]"
2019-06-28 14:24:00,ASK_DEPTH,"[(99226, 213)]"
2019-06-28 14:24:00,IMBALANCE,"[213, 213]"
2019-06-28 14:24:00,HOLDINGS_UPDATED,"{'CASH': -6437222, 'JPM': 162}"
2019-06-28 14:25:00,BID_DEPTH,"[(99202, 266)]"
2019-06-28 14:25:00,ASK_DEPTH,"[(99280, 283)]"
2019-06-28 14:25:00,IMBALANCE,"[266, 283]"
2019-06-28 14:25:00,HOLDINGS_UPDATED,"{'CASH': -6635782, 'JPM': 164}"
2019-06-28 14:26:00,BID_DEPTH,"[(99184, 183)]"
2019-06-28 14:26:00,ASK_DEPTH,"[(99280, 96)]"
2019-06-28 14:26:00,IMBALANCE,"[183, 96]"
2019-06-28 14:26:00,HOLDINGS_UPDATED,"{'CASH': -6834342, 'JPM': 166}"
2019-06-28 14:27:00,BID_DEPTH,"[(99280, 85)]"
2019-06-28 14:27:00,ASK_DEPTH,"[(100661, 183)]"
2019-06-28 14:27:00,IMBALANCE,"[85, 183]"
2019-06-28 14:27:00,HOLDINGS_UPDATED,"{'CASH': -7035664, 'JPM': 168}"
2019-06-28 14:28:00,BID_DEPTH,"[(99184, 266)]"
2019-06-28 14:28:00,ASK_DEPTH,"[(99401, 266)]"
2019-06-28 14:28:00,IMBALANCE,"[266, 266]"
2019-06-28 14:28:00,HOLDINGS_UPDATED,"{'CASH': -6837296, 'JPM': 166}"
2019-06-28 14:29:00,BID_DEPTH,"[(99184, 67)]"
2019-06-28 14:29:00,ASK_DEPTH,"[(99462, 166)]"
2019-06-28 14:29:00,IMBALANCE,"[67, 166]"
2019-06-28 14:29:00,HOLDINGS_UPDATED,"{'CASH': -6738112, 'JPM': 165}"
2019-06-28 14:29:00,HOLDINGS_UPDATED,"{'CASH': -6638928, 'JPM': 164}"
2019-06-28 14:30:00,BID_DEPTH,"[(99123, 183)]"
2019-06-28 14:30:00,ASK_DEPTH,"[(99987, 183)]"
2019-06-28 14:30:00,IMBALANCE,"[183, 183]"
2019-06-28 14:30:00,HOLDINGS_UPDATED,"{'CASH': -6440682, 'JPM': 162}"
2019-06-28 14:31:00,BID_DEPTH,"[(99123, 266)]"
2019-06-28 14:31:00,ASK_DEPTH,"[(100661, 266)]"
2019-06-28 14:31:00,IMBALANCE,"[266, 266]"
2019-06-28 14:31:00,HOLDINGS_UPDATED,"{'CASH': -6242436, 'JPM': 160}"
2019-06-28 14:32:00,BID_DEPTH,"[(100645, 213)]"
2019-06-28 14:32:00,ASK_DEPTH,"[(100661, 213)]"
2019-06-28 14:32:00,IMBALANCE,"[213, 213]"
2019-06-28 14:32:00,HOLDINGS_UPDATED,"{'CASH': -6041146, 'JPM': 158}"
2019-06-28 14:33:00,BID_DEPTH,"[(99124, 183)]"
2019-06-28 14:33:00,ASK_DEPTH,"[(100003, 183)]"
2019-06-28 14:33:00,IMBALANCE,"[183, 183]"
2019-06-28 14:33:00,HOLDINGS_UPDATED,"{'CASH': -5842898, 'JPM': 156}"
2019-06-28 14:34:00,BID_DEPTH,"[(99514, 166)]"
2019-06-28 14:34:00,ASK_DEPTH,"[(100003, 166)]"
2019-06-28 14:34:00,IMBALANCE,"[166, 166]"
2019-06-28 14:34:00,HOLDINGS_UPDATED,"{'CASH': -5643870, 'JPM': 154}"
2019-06-28 14:35:00,BID_DEPTH,"[(99492, 432)]"
2019-06-28 14:35:00,ASK_DEPTH,"[(100024, 432)]"
2019-06-28 14:35:00,IMBALANCE,"[432, 432]"
2019-06-28 14:35:00,HOLDINGS_UPDATED,"{'CASH': -5444886, 'JPM': 152}"
2019-06-28 14:36:00,BID_DEPTH,"[(99228, 183)]"
2019-06-28 14:36:00,ASK_DEPTH,"[(100024, 183)]"
2019-06-28 14:36:00,IMBALANCE,"[183, 183]"
2019-06-28 14:36:00,HOLDINGS_UPDATED,"{'CASH': -5246430, 'JPM': 150}"
2019-06-28 14:37:00,BID_DEPTH,"[(99544, 266)]"
2019-06-28 14:37:00,ASK_DEPTH,"[(100024, 266)]"
2019-06-28 14:37:00,IMBALANCE,"[266, 266]"
2019-06-28 14:37:00,HOLDINGS_UPDATED,"{'CASH': -5047342, 'JPM': 148}"
2019-06-28 14:38:00,BID_DEPTH,"[(99417, 166)]"
2019-06-28 14:38:00,ASK_DEPTH,"[(99544, 166)]"
2019-06-28 14:38:00,IMBALANCE,"[166, 166]"
2019-06-28 14:38:00,HOLDINGS_UPDATED,"{'CASH': -4848508, 'JPM': 146}"
2019-06-28 14:39:00,BID_DEPTH,"[(99123, 432)]"
2019-06-28 14:39:00,ASK_DEPTH,"[(99544, 432)]"
2019-06-28 14:39:00,IMBALANCE,"[432, 432]"
2019-06-28 14:39:00,HOLDINGS_UPDATED,"{'CASH': -4650262, 'JPM': 144}"
2019-06-28 14:40:00,BID_DEPTH,"[(99003, 432)]"
2019-06-28 14:40:00,ASK_DEPTH,"[(99544, 432)]"
2019-06-28 14:40:00,IMBALANCE,"[432, 432]"
2019-06-28 14:40:00,HOLDINGS_UPDATED,"{'CASH': -4452256, 'JPM': 142}"
2019-06-28 14:41:00,BID_DEPTH,"[(99380, 183)]"
2019-06-28 14:41:00,ASK_DEPTH,"[(99655, 183)]"
2019-06-28 14:41:00,IMBALANCE,"[183, 183]"
2019-06-28 14:41:00,HOLDINGS_UPDATED,"{'CASH': -4253496, 'JPM': 140}"
2019-06-28 14:42:00,BID_DEPTH,"[(99538, 166)]"
2019-06-28 14:42:00,ASK_DEPTH,"[(99655, 166)]"
2019-06-28 14:42:00,IMBALANCE,"[166, 166]"
2019-06-28 14:42:00,HOLDINGS_UPDATED,"{'CASH': -4054420, 'JPM': 138}"
2019-06-28 14:43:00,BID_DEPTH,"[(99501, 183)]"
2019-06-28 14:43:00,ASK_DEPTH,"[(99891, 183)]"
2019-06-28 14:43:00,IMBALANCE,"[183, 183]"
2019-06-28 14:43:00,HOLDINGS_UPDATED,"{'CASH': -3855418, 'JPM': 136}"
2019-06-28 14:44:00,BID_DEPTH,"[(99438, 166)]"
2019-06-28 14:44:00,ASK_DEPTH,"[(100024, 166)]"
2019-06-28 14:44:00,IMBALANCE,"[166, 166]"
2019-06-28 14:44:00,HOLDINGS_UPDATED,"{'CASH': -3656542, 'JPM': 134}"
2019-06-28 14:45:00,BID_DEPTH,"[(99438, 183)]"
2019-06-28 14:45:00,ASK_DEPTH,"[(100044, 183)]"
2019-06-28 14:45:00,IMBALANCE,"[183, 183]"
2019-06-28 14:45:00,HOLDINGS_UPDATED,"{'CASH': -3457666, 'JPM': 132}"
2019-06-28 14:46:00,BID_DEPTH,"[(99438, 432)]"
2019-06-28 14:46:00,ASK_DEPTH,"[(100399, 432)]"
2019-06-28 14:46:00,IMBALANCE,"[432, 432]"
2019-06-28 14:46:00,HOLDINGS_UPDATED,"{'CASH': -3258790, 'JPM': 130}"
2019-06-28 14:47:00,BID_DEPTH,"[(100319, 213)]"
2019-06-28 14:47:00,ASK_DEPTH,"[(100399, 213)]"
2019-06-28 14:47:00,IMBALANCE,"[213, 213]"
2019-06-28 14:47:00,HOLDINGS_UPDATED,"{'CASH': -3058152, 'JPM': 128}"
2019-06-28 14:48:00,BID_DEPTH,"[(100319, 266)]"
2019-06-28 14:48:00,ASK_DEPTH,"[(100399, 266)]"
2019-06-28 14:48:00,IMBALANCE,"[266, 266]"
2019-06-28 14:48:00,HOLDINGS_UPDATED,"{'CASH': -2857514, 'JPM': 126}"
2019-06-28 14:49:00,BID_DEPTH,"[(100228, 266)]"
2019-06-28 14:49:00,ASK_DEPTH,"[(100293, 266)]"
2019-06-28 14:49:00,IMBALANCE,"[266, 266]"
2019-06-28 14:49:00,HOLDINGS_UPDATED,"{'CASH': -2657058, 'JPM': 124}"
2019-06-28 14:50:00,BID_DEPTH,"[(100392, 213)]"
2019-06-28 14:50:00,ASK_DEPTH,"[(100399, 213)]"
2019-06-28 14:50:00,IMBALANCE,"[213, 213]"
2019-06-28 14:50:00,HOLDINGS_UPDATED,"{'CASH': -2456274, 'JPM': 122}"
2019-06-28 14:51:00,BID_DEPTH,"[(100392, 432)]"
2019-06-28 14:51:00,ASK_DEPTH,"[(100399, 432)]"
2019-06-28 14:51:00,IMBALANCE,"[432, 432]"
2019-06-28 14:51:00,HOLDINGS_UPDATED,"{'CASH': -2255490, 'JPM': 120}"
2019-06-28 14:52:00,BID_DEPTH,"[(100321, 432)]"
2019-06-28 14:52:00,ASK_DEPTH,"[(100399, 432)]"
2019-06-28 14:52:00,IMBALANCE,"[432, 432]"
2019-06-28 14:52:00,HOLDINGS_UPDATED,"{'CASH': -2054848, 'JPM': 118}"
2019-06-28 14:53:00,BID_DEPTH,"[(100320, 183)]"
2019-06-28 14:53:00,ASK_DEPTH,"[(100399, 183)]"
2019-06-28 14:53:00,IMBALANCE,"[183, 183]"
2019-06-28 14:53:00,HOLDINGS_UPDATED,"{'CASH': -1854208, 'JPM': 116}"
2019-06-28 14:54:00,BID_DEPTH,"[(100250, 432)]"
2019-06-28 14:54:00,ASK_DEPTH,"[(100320, 352)]"
2019-06-28 14:54:00,IMBALANCE,"[432, 352]"
2019-06-28 14:54:00,HOLDINGS_UPDATED,"{'CASH': -1653708, 'JPM': 114}"
2019-06-28 14:55:00,BID_DEPTH,"[(100250, 632)]"
2019-06-28 14:55:00,ASK_DEPTH,"[(100301, 432)]"
2019-06-28 14:55:00,IMBALANCE,"[632, 432]"
2019-06-28 14:55:00,HOLDINGS_UPDATED,"{'CASH': -1453208, 'JPM': 112}"
2019-06-28 14:56:00,BID_DEPTH,"[(100293, 183)]"
2019-06-28 14:56:00,ASK_DEPTH,"[(100301, 183)]"
2019-06-28 14:56:00,IMBALANCE,"[183, 183]"
2019-06-28 14:56:00,HOLDINGS_UPDATED,"{'CASH': -1252622, 'JPM': 110}"
2019-06-28 14:57:00,BID_DEPTH,"[(100228, 266)]"
2019-06-28 14:57:00,ASK_DEPTH,"[(100301, 266)]"
2019-06-28 14:57:00,IMBALANCE,"[266, 266]"
2019-06-28 14:57:00,HOLDINGS_UPDATED,"{'CASH': -1453224, 'JPM': 112}"
2019-06-28 14:58:00,BID_DEPTH,"[(100221, 266)]"
2019-06-28 14:58:00,ASK_DEPTH,"[(100301, 266)]"
2019-06-28 14:58:00,IMBALANCE,"[266, 266]"
2019-06-28 14:58:00,HOLDINGS_UPDATED,"{'CASH': -1653826, 'JPM': 114}"
2019-06-28 14:59:00,BID_DEPTH,"[(100301, 266)]"
2019-06-28 14:59:00,ASK_DEPTH,"[(100374, 266)]"
2019-06-28 14:59:00,IMBALANCE,"[266, 266]"
2019-06-28 14:59:00,HOLDINGS_UPDATED,"{'CASH': -1854574, 'JPM': 116}"
2019-06-28 15:00:00,BID_DEPTH,"[(100374, 213)]"
2019-06-28 15:00:00,ASK_DEPTH,"[(100559, 213)]"
2019-06-28 15:00:00,IMBALANCE,"[213, 213]"
2019-06-28 15:00:00,HOLDINGS_UPDATED,"{'CASH': -2055692, 'JPM': 118}"
2019-06-28 15:01:00,BID_DEPTH,"[(100567, 213)]"
2019-06-28 15:01:00,ASK_DEPTH,"[(100705, 213)]"
2019-06-28 15:01:00,IMBALANCE,"[213, 213]"
2019-06-28 15:01:00,HOLDINGS_UPDATED,"{'CASH': -2257102, 'JPM': 120}"
2019-06-28 15:02:00,BID_DEPTH,"[(100567, 183)]"
2019-06-28 15:02:00,ASK_DEPTH,"[(100705, 184)]"
2019-06-28 15:02:00,IMBALANCE,"[183, 184]"
2019-06-28 15:02:00,HOLDINGS_UPDATED,"{'CASH': -2357807, 'JPM': 121}"
2019-06-28 15:02:00,HOLDINGS_UPDATED,"{'CASH': -2458512, 'JPM': 122}"
2019-06-28 15:03:00,BID_DEPTH,"[(100567, 266)]"
2019-06-28 15:03:00,ASK_DEPTH,"[(100633, 266)]"
2019-06-28 15:03:00,IMBALANCE,"[266, 266]"
2019-06-28 15:03:00,HOLDINGS_UPDATED,"{'CASH': -2659778, 'JPM': 124}"
2019-06-28 15:04:00,BID_DEPTH,"[(100538, 432)]"
2019-06-28 15:04:00,ASK_DEPTH,"[(100633, 432)]"
2019-06-28 15:04:00,IMBALANCE,"[432, 432]"
2019-06-28 15:04:00,HOLDINGS_UPDATED,"{'CASH': -2861044, 'JPM': 126}"
2019-06-28 15:05:00,BID_DEPTH,"[(100374, 213)]"
2019-06-28 15:05:00,ASK_DEPTH,"[(100705, 214)]"
2019-06-28 15:05:00,IMBALANCE,"[213, 214]"
2019-06-28 15:05:00,HOLDINGS_UPDATED,"{'CASH': -2961749, 'JPM': 127}"
2019-06-28 15:05:00,HOLDINGS_UPDATED,"{'CASH': -3062454, 'JPM': 128}"
2019-06-28 15:06:00,BID_DEPTH,"[(100260, 166)]"
2019-06-28 15:06:00,ASK_DEPTH,"[(100704, 166)]"
2019-06-28 15:06:00,IMBALANCE,"[166, 166]"
2019-06-28 15:06:00,HOLDINGS_UPDATED,"{'CASH': -3263862, 'JPM': 130}"
2019-06-28 15:07:00,BID_DEPTH,"[(100128, 166)]"
2019-06-28 15:07:00,ASK_DEPTH,"[(100221, 100)]"
2019-06-28 15:07:00,IMBALANCE,"[166, 100]"
2019-06-28 15:07:00,HOLDINGS_UPDATED,"{'CASH': -3464304, 'JPM': 132}"
2019-06-28 15:08:00,BID_DEPTH,"[(100221, 69)]"
2019-06-28 15:08:00,ASK_DEPTH,"[(100704, 266)]"
2019-06-28 15:08:00,IMBALANCE,"[69, 266]"
2019-06-28 15:08:00,HOLDINGS_UPDATED,"{'CASH': -3665712, 'JPM': 134}"
2019-06-28 15:09:00,BID_DEPTH,"[(100117, 266)]"
2019-06-28 15:09:00,ASK_DEPTH,"[(100704, 263)]"
2019-06-28 15:09:00,IMBALANCE,"[266, 263]"
2019-06-28 15:09:00,HOLDINGS_UPDATED,"{'CASH': -3867120, 'JPM': 136}"
2019-06-28 15:10:00,BID_DEPTH,"[(99540, 166)]"
2019-06-28 15:10:00,ASK_DEPTH,"[(100705, 266)]"
2019-06-28 15:10:00,IMBALANCE,"[166, 266]"
2019-06-28 15:10:00,HOLDINGS_UPDATED,"{'CASH': -4068530, 'JPM': 138}"
2019-06-28 15:11:00,BID_DEPTH,"[(99483, 432)]"
2019-06-28 15:11:00,ASK_DEPTH,"[(100704, 432)]"
2019-06-28 15:11:00,IMBALANCE,"[432, 432]"
2019-06-28 15:11:00,HOLDINGS_UPDATED,"{'CASH': -4269938, 'JPM': 140}"
2019-06-28 15:12:00,BID_DEPTH,"[(99283, 213)]"
2019-06-28 15:12:00,ASK_DEPTH,"[(99380, 213)]"
2019-06-28 15:12:00,IMBALANCE,"[213, 213]"
2019-06-28 15:12:00,HOLDINGS_UPDATED,"{'CASH': -4468698, 'JPM': 142}"
2019-06-28 15:13:00,BID_DEPTH,"[(99283, 183)]"
2019-06-28 15:13:00,ASK_DEPTH,"[(100705, 280)]"
2019-06-28 15:13:00,IMBALANCE,"[183, 280]"
2019-06-28 15:13:00,HOLDINGS_UPDATED,"{'CASH': -4670108, 'JPM': 144}"
2019-06-28 15:14:00,BID_DEPTH,"[(99583, 432)]"
2019-06-28 15:14:00,ASK_DEPTH,"[(99611, 432)]"
2019-06-28 15:14:00,IMBALANCE,"[432, 432]"
2019-06-28 15:14:00,HOLDINGS_UPDATED,"{'CASH': -4869330, 'JPM': 146}"
2019-06-28 15:15:00,BID_DEPTH,"[(100116, 266)]"
2019-06-28 15:15:00,ASK_DEPTH,"[(100126, 266)]"
2019-06-28 15:15:00,IMBALANCE,"[266, 266]"
2019-06-28 15:15:00,HOLDINGS_UPDATED,"{'CASH': -5069582, 'JPM': 148}"
2019-06-28 15:16:00,BID_DEPTH,"[(99611, 213)]"
2019-06-28 15:16:00,ASK_DEPTH,"[(100014, 213)]"
2019-06-28 15:16:00,IMBALANCE,"[213, 213]"
2019-06-28 15:16:00,HOLDINGS_UPDATED,"{'CASH': -5269610, 'JPM': 150}"
2019-06-28 15:17:00,BID_DEPTH,"[(99611, 213)]"
2019-06-28 15:17:00,ASK_DEPTH,"[(100144, 213)]"
2019-06-28 15:17:00,IMBALANCE,"[213, 213]"
2019-06-28 15:17:00,HOLDINGS_UPDATED,"{'CASH': -5469898, 'JPM': 152}"
2019-06-28 15:18:00,BID_DEPTH,"[(99827, 266)]"
2019-06-28 15:18:00,ASK_DEPTH,"[(100163, 266)]"
2019-06-28 15:18:00,IMBALANCE,"[266, 266]"
2019-06-28 15:18:00,HOLDINGS_UPDATED,"{'CASH': -5670224, 'JPM': 154}"
2019-06-28 15:19:00,BID_DEPTH,"[(99827, 213)]"
2019-06-28 15:19:00,ASK_DEPTH,"[(100163, 213)]"
2019-06-28 15:19:00,IMBALANCE,"[213, 213]"
2019-06-28 15:19:00,HOLDINGS_UPDATED,"{'CASH': -5870550, 'JPM': 156}"
2019-06-28 15:20:00,BID_DEPTH,"[(99827, 213)]"
2019-06-28 15:20:00,ASK_DEPTH,"[(100194, 213)]"
2019-06-28 15:20:00,IMBALANCE,"[213, 213]"
2019-06-28 15:20:00,HOLDINGS_UPDATED,"{'CASH': -6070938, 'JPM': 158}"
2019-06-28 15:21:00,BID_DEPTH,"[(100019, 266)]"
2019-06-28 15:21:00,ASK_DEPTH,"[(100054, 266)]"
2019-06-28 15:21:00,IMBALANCE,"[266, 266]"
2019-06-28 15:21:00,HOLDINGS_UPDATED,"{'CASH': -6271046, 'JPM': 160}"
2019-06-28 15:22:00,BID_DEPTH,"[(99723, 266)]"
2019-06-28 15:22:00,ASK_DEPTH,"[(100019, 200)]"
2019-06-28 15:22:00,IMBALANCE,"[266, 200]"
2019-06-28 15:22:00,HOLDINGS_UPDATED,"{'CASH': -6471084, 'JPM': 162}"
2019-06-28 15:23:00,BID_DEPTH,"[(99723, 266)]"
2019-06-28 15:23:00,ASK_DEPTH,"[(100054, 266)]"
2019-06-28 15:23:00,IMBALANCE,"[266, 266]"
2019-06-28 15:23:00,HOLDINGS_UPDATED,"{'CASH': -6671192, 'JPM': 164}"
2019-06-28 15:24:00,BID_DEPTH,"[(99861, 166)]"
2019-06-28 15:24:00,ASK_DEPTH,"[(99934, 266)]"
2019-06-28 15:24:00,IMBALANCE,"[166, 266]"
2019-06-28 15:24:00,HOLDINGS_UPDATED,"{'CASH': -6471470, 'JPM': 162}"
2019-06-28 15:25:00,BID_DEPTH,"[(99723, 266)]"
2019-06-28 15:25:00,ASK_DEPTH,"[(99934, 266)]"
2019-06-28 15:25:00,IMBALANCE,"[266, 266]"
2019-06-28 15:25:00,HOLDINGS_UPDATED,"{'CASH': -6272024, 'JPM': 160}"
2019-06-28 15:26:00,BID_DEPTH,"[(99790, 432)]"
2019-06-28 15:26:00,ASK_DEPTH,"[(100170, 432)]"
2019-06-28 15:26:00,IMBALANCE,"[432, 432]"
2019-06-28 15:26:00,HOLDINGS_UPDATED,"{'CASH': -6072444, 'JPM': 158}"
2019-06-28 15:27:00,BID_DEPTH,"[(99790, 532)]"
2019-06-28 15:27:00,ASK_DEPTH,"[(100169, 532)]"
2019-06-28 15:27:00,IMBALANCE,"[532, 532]"
2019-06-28 15:27:00,HOLDINGS_UPDATED,"{'CASH': -5872864, 'JPM': 156}"
2019-06-28 15:28:00,BID_DEPTH,"[(99661, 283)]"
2019-06-28 15:28:00,ASK_DEPTH,"[(100169, 283)]"
2019-06-28 15:28:00,IMBALANCE,"[283, 283]"
2019-06-28 15:28:00,HOLDINGS_UPDATED,"{'CASH': -5673542, 'JPM': 154}"
2019-06-28 15:29:00,BID_DEPTH,"[(99583, 266)]"
2019-06-28 15:29:00,ASK_DEPTH,"[(99661, 266)]"
2019-06-28 15:29:00,IMBALANCE,"[266, 266]"
2019-06-28 15:29:00,HOLDINGS_UPDATED,"{'CASH': -5474376, 'JPM': 152}"
2019-06-28 15:30:00,BID_DEPTH,"[(99283, 266)]"
2019-06-28 15:30:00,ASK_DEPTH,"[(99661, 266)]"
2019-06-28 15:30:00,IMBALANCE,"[266, 266]"
2019-06-28 15:30:00,HOLDINGS_UPDATED,"{'CASH': -5275810, 'JPM': 150}"
2019-06-28 15:31:00,BID_DEPTH,"[(98480, 432)]"
2019-06-28 15:31:00,ASK_DEPTH,"[(99125, 432)]"
2019-06-28 15:31:00,IMBALANCE,"[432, 432]"
2019-06-28 15:31:00,HOLDINGS_UPDATED,"{'CASH': -5078850, 'JPM': 148}"
2019-06-28 15:32:00,BID_DEPTH,"[(98835, 213)]"
2019-06-28 15:32:00,ASK_DEPTH,"[(99661, 213)]"
2019-06-28 15:32:00,IMBALANCE,"[213, 213]"
2019-06-28 15:32:00,HOLDINGS_UPDATED,"{'CASH': -4881180, 'JPM': 146}"
2019-06-28 15:33:00,BID_DEPTH,"[(98835, 114)]"
2019-06-28 15:33:00,ASK_DEPTH,"[(99325, 213)]"
2019-06-28 15:33:00,IMBALANCE,"[114, 213]"
2019-06-28 15:33:00,HOLDINGS_UPDATED,"{'CASH': -4782345, 'JPM': 145}"
2019-06-28 15:33:00,HOLDINGS_UPDATED,"{'CASH': -4683510, 'JPM': 144}"
2019-06-28 15:34:00,BID_DEPTH,"[(98835, 84)]"
2019-06-28 15:34:00,ASK_DEPTH,"[(99325, 183)]"
2019-06-28 15:34:00,IMBALANCE,"[84, 183]"
2019-06-28 15:34:00,HOLDINGS_UPDATED,"{'CASH': -4584675, 'JPM': 143}"
2019-06-28 15:34:00,HOLDINGS_UPDATED,"{'CASH': -4485840, 'JPM': 142}"
2019-06-28 15:35:00,BID_DEPTH,"[(98480, 67)]"
2019-06-28 15:35:00,ASK_DEPTH,"[(99219, 166)]"
2019-06-28 15:35:00,IMBALANCE,"[67, 166]"
2019-06-28 15:35:00,HOLDINGS_UPDATED,"{'CASH': -4387360, 'JPM': 141}"
2019-06-28 15:35:00,HOLDINGS_UPDATED,"{'CASH': -4288880, 'JPM': 140}"
2019-06-28 15:36:00,BID_DEPTH,"[(99156, 213)]"
2019-06-28 15:36:00,ASK_DEPTH,"[(99219, 213)]"
2019-06-28 15:36:00,IMBALANCE,"[213, 213]"
2019-06-28 15:36:00,HOLDINGS_UPDATED,"{'CASH': -4090568, 'JPM': 138}"
2019-06-28 15:37:00,BID_DEPTH,"[(99301, 432)]"
2019-06-28 15:37:00,ASK_DEPTH,"[(99325, 432)]"
2019-06-28 15:37:00,IMBALANCE,"[432, 432]"
2019-06-28 15:37:00,HOLDINGS_UPDATED,"{'CASH': -3891966, 'JPM': 136}"
2019-06-28 15:38:00,BID_DEPTH,"[(99301, 183)]"
2019-06-28 15:38:00,ASK_DEPTH,"[(99325, 183)]"
2019-06-28 15:38:00,IMBALANCE,"[183, 183]"
2019-06-28 15:38:00,HOLDINGS_UPDATED,"{'CASH': -3693364, 'JPM': 134}"
2019-06-28 15:39:00,BID_DEPTH,"[(99301, 166)]"
2019-06-28 15:39:00,ASK_DEPTH,"[(99569, 166)]"
2019-06-28 15:39:00,IMBALANCE,"[166, 166]"
2019-06-28 15:39:00,HOLDINGS_UPDATED,"{'CASH': -3494762, 'JPM': 132}"
2019-06-28 15:40:00,BID_DEPTH,"[(99219, 432)]"
2019-06-28 15:40:00,ASK_DEPTH,"[(99569, 432)]"
2019-06-28 15:40:00,IMBALANCE,"[432, 432]"
2019-06-28 15:40:00,HOLDINGS_UPDATED,"{'CASH': -3296324, 'JPM': 130}"
2019-06-28 15:41:00,BID_DEPTH,"[(99511, 432)]"
2019-06-28 15:41:00,ASK_DEPTH,"[(99569, 432)]"
2019-06-28 15:41:00,IMBALANCE,"[432, 432]"
2019-06-28 15:41:00,HOLDINGS_UPDATED,"{'CASH': -3097302, 'JPM': 128}"
2019-06-28 15:42:00,BID_DEPTH,"[(99511, 213)]"
2019-06-28 15:42:00,ASK_DEPTH,"[(99569, 213)]"
2019-06-28 15:42:00,IMBALANCE,"[213, 213]"
2019-06-28 15:42:00,HOLDINGS_UPDATED,"{'CASH': -2898280, 'JPM': 126}"
2019-06-28 15:43:00,BID_DEPTH,"[(99201, 183)]"
2019-06-28 15:43:00,ASK_DEPTH,"[(99569, 183)]"
2019-06-28 15:43:00,IMBALANCE,"[183, 183]"
2019-06-28 15:43:00,HOLDINGS_UPDATED,"{'CASH': -2699878, 'JPM': 124}"
2019-06-28 15:44:00,BID_DEPTH,"[(99156, 114)]"
2019-06-28 15:44:00,ASK_DEPTH,"[(99569, 213)]"
2019-06-28 15:44:00,IMBALANCE,"[114, 213]"
2019-06-28 15:44:00,HOLDINGS_UPDATED,"{'CASH': -2600722, 'JPM': 123}"
2019-06-28 15:44:00,HOLDINGS_UPDATED,"{'CASH': -2501566, 'JPM': 122}"
2019-06-28 15:45:00,BID_DEPTH,"[(98944, 166)]"
2019-06-28 15:45:00,ASK_DEPTH,"[(99156, 166)]"
2019-06-28 15:45:00,IMBALANCE,"[166, 166]"
2019-06-28 15:45:00,HOLDINGS_UPDATED,"{'CASH': -2303678, 'JPM': 120}"
2019-06-28 15:46:00,BID_DEPTH,"[(98867, 166)]"
2019-06-28 15:46:00,ASK_DEPTH,"[(98884, 166)]"
2019-06-28 15:46:00,IMBALANCE,"[166, 166]"
2019-06-28 15:46:00,HOLDINGS_UPDATED,"{'CASH': -2105944, 'JPM': 118}"
2019-06-28 15:47:00,BID_DEPTH,"[(98805, 432)]"
2019-06-28 15:47:00,ASK_DEPTH,"[(98884, 432)]"
2019-06-28 15:47:00,IMBALANCE,"[432, 432]"
2019-06-28 15:47:00,HOLDINGS_UPDATED,"{'CASH': -1908334, 'JPM': 116}"
2019-06-28 15:48:00,BID_DEPTH,"[(98826, 213)]"
2019-06-28 15:48:00,ASK_DEPTH,"[(99099, 213)]"
2019-06-28 15:48:00,IMBALANCE,"[213, 213]"
2019-06-28 15:48:00,HOLDINGS_UPDATED,"{'CASH': -1710682, 'JPM': 114}"
2019-06-28 15:49:00,BID_DEPTH,"[(98805, 333)]"
2019-06-28 15:49:00,ASK_DEPTH,"[(98991, 432)]"
2019-06-28 15:49:00,IMBALANCE,"[333, 432]"
2019-06-28 15:49:00,HOLDINGS_UPDATED,"{'CASH': -1611877, 'JPM': 113}"
2019-06-28 15:49:00,HOLDINGS_UPDATED,"{'CASH': -1513072, 'JPM': 112}"
2019-06-28 15:50:00,BID_DEPTH,"[(98805, 213)]"
2019-06-28 15:50:00,ASK_DEPTH,"[(99156, 213)]"
2019-06-28 15:50:00,IMBALANCE,"[213, 213]"
2019-06-28 15:50:00,HOLDINGS_UPDATED,"{'CASH': -1315462, 'JPM': 110}"
2019-06-28 15:51:00,BID_DEPTH,"[(98995, 213)]"
2019-06-28 15:51:00,ASK_DEPTH,"[(99156, 213)]"
2019-06-28 15:51:00,IMBALANCE,"[213, 213]"
2019-06-28 15:51:00,HOLDINGS_UPDATED,"{'CASH': -1117472, 'JPM': 108}"
2019-06-28 15:52:00,BID_DEPTH,"[(98781, 266)]"
2019-06-28 15:52:00,ASK_DEPTH,"[(99446, 266)]"
2019-06-28 15:52:00,IMBALANCE,"[266, 266]"
2019-06-28 15:52:00,HOLDINGS_UPDATED,"{'CASH': -919910, 'JPM': 106}"
2019-06-28 15:53:00,BID_DEPTH,"[(99446, 366)]"
2019-06-28 15:53:00,ASK_DEPTH,"[(99538, 432)]"
2019-06-28 15:53:00,IMBALANCE,"[366, 432]"
2019-06-28 15:53:00,HOLDINGS_UPDATED,"{'CASH': -721018, 'JPM': 104}"
2019-06-28 15:54:00,BID_DEPTH,"[(98693, 213)]"
2019-06-28 15:54:00,ASK_DEPTH,"[(99538, 213)]"
2019-06-28 15:54:00,IMBALANCE,"[213, 213]"
2019-06-28 15:54:00,HOLDINGS_UPDATED,"{'CASH': -523632, 'JPM': 102}"
2019-06-28 15:55:00,BID_DEPTH,"[(99491, 166)]"
2019-06-28 15:55:00,ASK_DEPTH,"[(99538, 166)]"
2019-06-28 15:55:00,IMBALANCE,"[166, 166]"
2019-06-28 15:55:00,HOLDINGS_UPDATED,"{'CASH': -324650, 'JPM': 100}"
2019-06-28 15:56:00,BID_DEPTH,"[(99491, 266)]"
2019-06-28 15:56:00,ASK_DEPTH,"[(99538, 166)]"
2019-06-28 15:56:00,IMBALANCE,"[266, 166]"
2019-06-28 15:56:00,HOLDINGS_UPDATED,"{'CASH': -125668, 'JPM': 98}"
2019-06-28 15:57:00,BID_DEPTH,"[(99518, 213)]"
2019-06-28 15:57:00,ASK_DEPTH,"[(99752, 213)]"
2019-06-28 15:57:00,IMBALANCE,"[213, 213]"
2019-06-28 15:57:00,HOLDINGS_UPDATED,"{'CASH': 73368, 'JPM': 96}"
2019-06-28 15:58:00,BID_DEPTH,"[(99109, 166)]"
2019-06-28 15:58:00,ASK_DEPTH,"[(99752, 166)]"
2019-06-28 15:58:00,IMBALANCE,"[166, 166]"
2019-06-28 15:58:00,HOLDINGS_UPDATED,"{'CASH': 271586, 'JPM': 94}"
2019-06-28 15:59:00,BID_DEPTH,"[(99110, 283)]"
2019-06-28 15:59:00,ASK_DEPTH,"[(99534, 183)]"
2019-06-28 15:59:00,IMBALANCE,"[283, 183]"
2019-06-28 15:59:00,HOLDINGS_UPDATED,"{'CASH': 469806, 'JPM': 92}"
2019-06-28 16:00:00,BID_DEPTH,"[(99183, 266)]"
2019-06-28 16:00:00,ASK_DEPTH,"[(99590, 266)]"
2019-06-28 16:00:00,IMBALANCE,"[266, 266]"
2019-06-28 16:00:00,HOLDINGS_UPDATED,"{'CASH': 668172, 'JPM': 90}"
2019-06-28 16:01:00,BID_DEPTH,"[(99183, 163)]"
2019-06-28 16:01:00,ASK_DEPTH,"[(99590, 266)]"
2019-06-28 16:01:00,IMBALANCE,"[163, 266]"
2019-06-28 16:01:00,MKT_CLOSED,
2019-06-28 16:01:00,FINAL_HOLDINGS,"{ JPM: 90, CASH: 668172 }"
2019-06-28 16:01:00,FINAL_CASH_POSITION,668172
2019-06-28 16:01:00,MARK_TO_MARKET,90 JPM @ 99183 == 8926470
2019-06-28 16:01:00,MARKED_TO_MARKET,9594642
2019-06-28 16:01:00,ENDING_CASH,9594642
