EventTime,EventType,Event
,AGENT_TYPE,MomentumAgent
,STARTING_CASH,10000000
2019-06-28 09:30:00,HOLDINGS_UPDATED,{'CASH': 10000000}
2019-06-28 09:31:00,BID_DEPTH,"[(99999, 335)]"
2019-06-28 09:31:00,ASK_DEPTH,"[(100010, 435)]"
2019-06-28 09:31:00,IMBALANCE,"[335, 435]"
2019-06-28 09:32:00,BID_DEPTH,"[(99999, 260)]"
2019-06-28 09:32:00,ASK_DEPTH,"[(100010, 360)]"
2019-06-28 09:32:00,IMBALANCE,"[260, 360]"
2019-06-28 09:33:00,BID_DEPTH,"[(99999, 194)]"
2019-06-28 09:33:00,ASK_DEPTH,"[(100010, 294)]"
2019-06-28 09:33:00,IMBALANCE,"[194, 294]"
2019-06-28 09:34:00,BID_DEPTH,"[(99999, 335)]"
2019-06-28 09:34:00,ASK_DEPTH,"[(100010, 435)]"
2019-06-28 09:34:00,IMBALANCE,"[335, 435]"
2019-06-28 09:35:00,BID_DEPTH,"[(99999, 218)]"
2019-06-28 09:35:00,ASK_DEPTH,"[(100010, 218)]"
2019-06-28 09:35:00,IMBALANCE,"[218, 218]"
2019-06-28 09:36:00,BID_DEPTH,"[(100010, 218)]"
2019-06-28 09:36:00,ASK_DEPTH,"[(100054, 218)]"
2019-06-28 09:36:00,IMBALANCE,"[218, 218]"
2019-06-28 09:37:00,BID_DEPTH,"[(100010, 260)]"
2019-06-28 09:37:00,ASK_DEPTH,"[(100054, 260)]"
2019-06-28 09:37:00,IMBALANCE,"[260, 260]"
2019-06-28 09:38:00,BID_DEPTH,"[(99998, 335)]"
2019-06-28 09:38:00,ASK_DEPTH,"[(100010, 335)]"
2019-06-28 09:38:00,IMBALANCE,"[335, 335]"
2019-06-28 09:39:00,BID_DEPTH,"[(99998, 260)]"
2019-06-28 09:39:00,ASK_DEPTH,"[(100010, 260)]"
2019-06-28 09:39:00,IMBALANCE,"[260, 260]"
2019-06-28 09:40:00,BID_DEPTH,"[(99989, 218)]"
2019-06-28 09:40:00,ASK_DEPTH,"[(100009, 218)]"
2019-06-28 09:40:00,IMBALANCE,"[218, 218]"
2019-06-28 09:41:00,BID_DEPTH,"[(99956, 294)]"
2019-06-28 09:41:00,ASK_DEPTH,"[(99998, 294)]"
2019-06-28 09:41:00,IMBALANCE,"[294, 294]"
2019-06-28 09:42:00,BID_DEPTH,"[(99956, 570)]"
2019-06-28 09:42:00,ASK_DEPTH,"[(99998, 670)]"
2019-06-28 09:42:00,IMBALANCE,"[570, 670]"
2019-06-28 09:43:00,BID_DEPTH,"[(99956, 194)]"
2019-06-28 09:43:00,ASK_DEPTH,"[(99998, 294)]"
2019-06-28 09:43:00,IMBALANCE,"[194, 294]"
2019-06-28 09:44:00,BID_DEPTH,"[(99956, 260)]"
2019-06-28 09:44:00,ASK_DEPTH,"[(99961, 260)]"
2019-06-28 09:44:00,IMBALANCE,"[260, 260]"
2019-06-28 09:45:00,BID_DEPTH,"[(99952, 335)]"
2019-06-28 09:45:00,ASK_DEPTH,"[(99961, 335)]"
2019-06-28 09:45:00,IMBALANCE,"[335, 335]"
2019-06-28 09:46:00,BID_DEPTH,"[(99918, 194)]"
2019-06-28 09:46:00,ASK_DEPTH,"[(99961, 194)]"
2019-06-28 09:46:00,IMBALANCE,"[194, 194]"
2019-06-28 09:47:00,BID_DEPTH,"[(99918, 335)]"
2019-06-28 09:47:00,ASK_DEPTH,"[(99961, 335)]"
2019-06-28 09:47:00,IMBALANCE,"[335, 335]"
2019-06-28 09:48:00,BID_DEPTH,"[(99918, 218)]"
2019-06-28 09:48:00,ASK_DEPTH,"[(99998, 318)]"
2019-06-28 09:48:00,IMBALANCE,"[218, 318]"
2019-06-28 09:49:00,BID_DEPTH,"[(99872, 194)]"
2019-06-28 09:49:00,ASK_DEPTH,"[(99998, 194)]"
2019-06-28 09:49:00,IMBALANCE,"[194, 194]"
2019-06-28 09:50:00,BID_DEPTH,"[(99872, 194)]"
2019-06-28 09:50:00,ASK_DEPTH,"[(99998, 194)]"
2019-06-28 09:50:00,IMBALANCE,"[194, 194]"
2019-06-28 09:51:00,BID_DEPTH,"[(99872, 335)]"
2019-06-28 09:51:00,ASK_DEPTH,"[(100009, 335)]"
2019-06-28 09:51:00,IMBALANCE,"[335, 335]"
2019-06-28 09:52:00,BID_DEPTH,"[(99872, 260)]"
2019-06-28 09:52:00,ASK_DEPTH,"[(100010, 260)]"
2019-06-28 09:52:00,IMBALANCE,"[260, 260]"
2019-06-28 09:53:00,BID_DEPTH,"[(99870, 335)]"
2019-06-28 09:53:00,ASK_DEPTH,"[(99872, 335)]"
2019-06-28 09:53:00,IMBALANCE,"[335, 335]"
2019-06-28 09:54:00,BID_DEPTH,"[(99832, 260)]"
2019-06-28 09:54:00,ASK_DEPTH,"[(99872, 260)]"
2019-06-28 09:54:00,IMBALANCE,"[260, 260]"
2019-06-28 09:55:00,BID_DEPTH,"[(99832, 218)]"
2019-06-28 09:55:00,ASK_DEPTH,"[(99872, 218)]"
2019-06-28 09:55:00,IMBALANCE,"[218, 218]"
2019-06-28 09:56:00,BID_DEPTH,"[(99853, 570)]"
2019-06-28 09:56:00,ASK_DEPTH,"[(99985, 570)]"
2019-06-28 09:56:00,IMBALANCE,"[570, 570]"
2019-06-28 09:57:00,BID_DEPTH,"[(99853, 570)]"
2019-06-28 09:57:00,ASK_DEPTH,"[(99985, 570)]"
2019-06-28 09:57:00,IMBALANCE,"[570, 570]"
2019-06-28 09:58:00,BID_DEPTH,"[(99853, 570)]"
2019-06-28 09:58:00,ASK_DEPTH,"[(99985, 570)]"
2019-06-28 09:58:00,IMBALANCE,"[570, 570]"
2019-06-28 09:59:00,BID_DEPTH,"[(100001, 570)]"
2019-06-28 09:59:00,ASK_DEPTH,"[(100032, 570)]"
2019-06-28 09:59:00,IMBALANCE,"[570, 570]"
2019-06-28 10:00:00,BID_DEPTH,"[(100032, 260)]"
2019-06-28 10:00:00,ASK_DEPTH,"[(100065, 260)]"
2019-06-28 10:00:00,IMBALANCE,"[260, 260]"
2019-06-28 10:01:00,BID_DEPTH,"[(100059, 570)]"
2019-06-28 10:01:00,ASK_DEPTH,"[(100066, 570)]"
2019-06-28 10:01:00,IMBALANCE,"[570, 570]"
2019-06-28 10:02:00,BID_DEPTH,"[(100059, 318)]"
2019-06-28 10:02:00,ASK_DEPTH,"[(100070, 218)]"
2019-06-28 10:02:00,IMBALANCE,"[318, 218]"
2019-06-28 10:03:00,BID_DEPTH,"[(100066, 218)]"
2019-06-28 10:03:00,ASK_DEPTH,"[(100070, 218)]"
2019-06-28 10:03:00,IMBALANCE,"[218, 218]"
2019-06-28 10:04:00,BID_DEPTH,"[(100066, 218)]"
2019-06-28 10:04:00,ASK_DEPTH,"[(100093, 218)]"
2019-06-28 10:04:00,IMBALANCE,"[218, 218]"
2019-06-28 10:05:00,BID_DEPTH,"[(100032, 260)]"
2019-06-28 10:05:00,ASK_DEPTH,"[(100126, 260)]"
2019-06-28 10:05:00,IMBALANCE,"[260, 260]"
2019-06-28 10:06:00,BID_DEPTH,"[(100001, 218)]"
2019-06-28 10:06:00,ASK_DEPTH,"[(100059, 418)]"
2019-06-28 10:06:00,IMBALANCE,"[218, 418]"
2019-06-28 10:07:00,BID_DEPTH,"[(99950, 218)]"
2019-06-28 10:07:00,ASK_DEPTH,"[(100059, 418)]"
2019-06-28 10:07:00,IMBALANCE,"[218, 418]"
2019-06-28 10:08:00,BID_DEPTH,"[(99950, 335)]"
2019-06-28 10:08:00,ASK_DEPTH,"[(100059, 535)]"
2019-06-28 10:08:00,IMBALANCE,"[335, 535]"
2019-06-28 10:09:00,BID_DEPTH,"[(99950, 570)]"
2019-06-28 10:09:00,ASK_DEPTH,"[(100032, 870)]"
2019-06-28 10:09:00,IMBALANCE,"[570, 870]"
2019-06-28 10:10:00,BID_DEPTH,"[(99950, 335)]"
2019-06-28 10:10:00,ASK_DEPTH,"[(100032, 535)]"
2019-06-28 10:10:00,IMBALANCE,"[335, 535]"
2019-06-28 10:11:00,BID_DEPTH,"[(100002, 335)]"
2019-06-28 10:11:00,ASK_DEPTH,"[(100032, 435)]"
2019-06-28 10:11:00,IMBALANCE,"[335, 435]"
2019-06-28 10:12:00,BID_DEPTH,"[(100002, 194)]"
2019-06-28 10:12:00,ASK_DEPTH,"[(100032, 194)]"
2019-06-28 10:12:00,IMBALANCE,"[194, 194]"
2019-06-28 10:13:00,BID_DEPTH,"[(99832, 218)]"
2019-06-28 10:13:00,ASK_DEPTH,"[(99927, 124)]"
2019-06-28 10:13:00,IMBALANCE,"[218, 124]"
2019-06-28 10:14:00,BID_DEPTH,"[(99832, 194)]"
2019-06-28 10:14:00,ASK_DEPTH,"[(100032, 194)]"
2019-06-28 10:14:00,IMBALANCE,"[194, 194]"
2019-06-28 10:15:00,BID_DEPTH,"[(100041, 158)]"
2019-06-28 10:15:00,ASK_DEPTH,"[(100059, 218)]"
2019-06-28 10:15:00,IMBALANCE,"[158, 218]"
2019-06-28 10:16:00,BID_DEPTH,"[(100042, 260)]"
2019-06-28 10:16:00,ASK_DEPTH,"[(100321, 260)]"
2019-06-28 10:16:00,IMBALANCE,"[260, 260]"
2019-06-28 10:17:00,BID_DEPTH,"[(100042, 260)]"
2019-06-28 10:17:00,ASK_DEPTH,"[(100406, 260)]"
2019-06-28 10:17:00,IMBALANCE,"[260, 260]"
2019-06-28 10:18:00,BID_DEPTH,"[(100042, 335)]"
2019-06-28 10:18:00,ASK_DEPTH,"[(100418, 335)]"
2019-06-28 10:18:00,IMBALANCE,"[335, 335]"
2019-06-28 10:19:00,BID_DEPTH,"[(100321, 335)]"
2019-06-28 10:19:00,ASK_DEPTH,"[(100558, 335)]"
2019-06-28 10:19:00,IMBALANCE,"[335, 335]"
2019-06-28 10:20:00,BID_DEPTH,"[(100434, 194)]"
2019-06-28 10:20:00,ASK_DEPTH,"[(100613, 194)]"
2019-06-28 10:20:00,IMBALANCE,"[194, 194]"
2019-06-28 10:21:00,BID_DEPTH,"[(100434, 570)]"
2019-06-28 10:21:00,ASK_DEPTH,"[(100613, 499)]"
2019-06-28 10:21:00,IMBALANCE,"[570, 499]"
2019-06-28 10:21:00,HOLDINGS_UPDATED,"{'CASH': 9597548, 'JPM': 4}"
2019-06-28 10:22:00,BID_DEPTH,"[(100434, 570)]"
2019-06-28 10:22:00,ASK_DEPTH,"[(100613, 406)]"
2019-06-28 10:22:00,IMBALANCE,"[570, 406]"
2019-06-28 10:22:00,HOLDINGS_UPDATED,"{'CASH': 9195096, 'JPM': 8}"
2019-06-28 10:23:00,BID_DEPTH,"[(100321, 218)]"
2019-06-28 10:23:00,ASK_DEPTH,"[(100613, 54)]"
2019-06-28 10:23:00,IMBALANCE,"[218, 54]"
2019-06-28 10:23:00,HOLDINGS_UPDATED,"{'CASH': 8792644, 'JPM': 12}"
2019-06-28 10:24:00,BID_DEPTH,"[(100042, 194)]"
2019-06-28 10:24:00,ASK_DEPTH,"[(100612, 123)]"
2019-06-28 10:24:00,IMBALANCE,"[194, 123]"
2019-06-28 10:24:00,HOLDINGS_UPDATED,"{'CASH': 8390196, 'JPM': 16}"
2019-06-28 10:25:00,BID_DEPTH,"[(99832, 194)]"
2019-06-28 10:25:00,ASK_DEPTH,"[(100611, 123)]"
2019-06-28 10:25:00,IMBALANCE,"[194, 123]"
2019-06-28 10:25:00,HOLDINGS_UPDATED,"{'CASH': 7987752, 'JPM': 20}"
2019-06-28 10:26:00,BID_DEPTH,"[(99832, 260)]"
2019-06-28 10:26:00,ASK_DEPTH,"[(99911, 189)]"
2019-06-28 10:26:00,IMBALANCE,"[260, 189]"
2019-06-28 10:26:00,HOLDINGS_UPDATED,"{'CASH': 7588108, 'JPM': 24}"
2019-06-28 10:27:00,BID_DEPTH,"[(100416, 260)]"
2019-06-28 10:27:00,ASK_DEPTH,"[(100611, 189)]"
2019-06-28 10:27:00,IMBALANCE,"[260, 189]"
2019-06-28 10:27:00,HOLDINGS_UPDATED,"{'CASH': 7185664, 'JPM': 28}"
2019-06-28 10:28:00,BID_DEPTH,"[(100611, 360)]"
2019-06-28 10:28:00,ASK_DEPTH,"[(100612, 96)]"
2019-06-28 10:28:00,IMBALANCE,"[360, 96]"
2019-06-28 10:28:00,HOLDINGS_UPDATED,"{'CASH': 6783216, 'JPM': 32}"
2019-06-28 10:29:00,BID_DEPTH,"[(100613, 268)]"
2019-06-28 10:29:00,ASK_DEPTH,"[(100806, 264)]"
2019-06-28 10:29:00,IMBALANCE,"[268, 264]"
2019-06-28 10:29:00,HOLDINGS_UPDATED,"{'CASH': 6379992, 'JPM': 36}"
2019-06-28 10:30:00,BID_DEPTH,"[(100613, 127)]"
2019-06-28 10:30:00,ASK_DEPTH,"[(100968, 123)]"
2019-06-28 10:30:00,IMBALANCE,"[127, 123]"
2019-06-28 10:30:00,HOLDINGS_UPDATED,"{'CASH': 5976120, 'JPM': 40}"
2019-06-28 10:31:00,BID_DEPTH,"[(101294, 241)]"
2019-06-28 10:31:00,ASK_DEPTH,"[(101454, 264)]"
2019-06-28 10:31:00,IMBALANCE,"[241, 264]"
2019-06-28 10:31:00,HOLDINGS_UPDATED,"{'CASH': 5570304, 'JPM': 44}"
2019-06-28 10:32:00,BID_DEPTH,"[(101450, 570)]"
2019-06-28 10:32:00,ASK_DEPTH,"[(101454, 406)]"
2019-06-28 10:32:00,IMBALANCE,"[570, 406]"
2019-06-28 10:32:00,HOLDINGS_UPDATED,"{'CASH': 5164488, 'JPM': 48}"
2019-06-28 10:33:00,BID_DEPTH,"[(101357, 194)]"
2019-06-28 10:33:00,ASK_DEPTH,"[(101453, 223)]"
2019-06-28 10:33:00,IMBALANCE,"[194, 223]"
2019-06-28 10:33:00,HOLDINGS_UPDATED,"{'CASH': 4758676, 'JPM': 52}"
2019-06-28 10:34:00,BID_DEPTH,"[(101357, 335)]"
2019-06-28 10:34:00,ASK_DEPTH,"[(101453, 266)]"
2019-06-28 10:34:00,IMBALANCE,"[335, 266]"
2019-06-28 10:34:00,HOLDINGS_UPDATED,"{'CASH': 4352864, 'JPM': 56}"
2019-06-28 10:35:00,BID_DEPTH,"[(101294, 124)]"
2019-06-28 10:35:00,ASK_DEPTH,"[(101452, 147)]"
2019-06-28 10:35:00,IMBALANCE,"[124, 147]"
2019-06-28 10:35:00,HOLDINGS_UPDATED,"{'CASH': 3947056, 'JPM': 60}"
2019-06-28 10:36:00,BID_DEPTH,"[(101058, 260)]"
2019-06-28 10:36:00,ASK_DEPTH,"[(101452, 96)]"
2019-06-28 10:36:00,IMBALANCE,"[260, 96]"
2019-06-28 10:36:00,HOLDINGS_UPDATED,"{'CASH': 3541248, 'JPM': 64}"
2019-06-28 10:37:00,BID_DEPTH,"[(101452, 191)]"
2019-06-28 10:37:00,ASK_DEPTH,"[(101453, 96)]"
2019-06-28 10:37:00,IMBALANCE,"[191, 96]"
2019-06-28 10:37:00,HOLDINGS_UPDATED,"{'CASH': 3135436, 'JPM': 68}"
2019-06-28 10:38:00,BID_DEPTH,"[(100613, 268)]"
2019-06-28 10:38:00,ASK_DEPTH,"[(100736, 264)]"
2019-06-28 10:38:00,IMBALANCE,"[268, 264]"
2019-06-28 10:38:00,HOLDINGS_UPDATED,"{'CASH': 2732492, 'JPM': 72}"
2019-06-28 10:39:00,BID_DEPTH,"[(100613, 268)]"
2019-06-28 10:39:00,ASK_DEPTH,"[(100971, 264)]"
2019-06-28 10:39:00,IMBALANCE,"[268, 264]"
2019-06-28 10:39:00,HOLDINGS_UPDATED,"{'CASH': 2328608, 'JPM': 76}"
2019-06-28 10:40:00,BID_DEPTH,"[(100549, 218)]"
2019-06-28 10:40:00,ASK_DEPTH,"[(100602, 147)]"
2019-06-28 10:40:00,IMBALANCE,"[218, 147]"
2019-06-28 10:40:00,HOLDINGS_UPDATED,"{'CASH': 1926200, 'JPM': 80}"
2019-06-28 10:41:00,BID_DEPTH,"[(100549, 570)]"
2019-06-28 10:41:00,ASK_DEPTH,"[(100602, 499)]"
2019-06-28 10:41:00,IMBALANCE,"[570, 499]"
2019-06-28 10:41:00,HOLDINGS_UPDATED,"{'CASH': 1523792, 'JPM': 84}"
2019-06-28 10:42:00,BID_DEPTH,"[(100473, 194)]"
2019-06-28 10:42:00,ASK_DEPTH,"[(101452, 123)]"
2019-06-28 10:42:00,IMBALANCE,"[194, 123]"
2019-06-28 10:42:00,HOLDINGS_UPDATED,"{'CASH': 1117984, 'JPM': 88}"
2019-06-28 10:43:00,BID_DEPTH,"[(100408, 335)]"
2019-06-28 10:43:00,ASK_DEPTH,"[(101453, 171)]"
2019-06-28 10:43:00,IMBALANCE,"[335, 171]"
2019-06-28 10:43:00,HOLDINGS_UPDATED,"{'CASH': 712172, 'JPM': 92}"
2019-06-28 10:44:00,BID_DEPTH,"[(99832, 260)]"
2019-06-28 10:44:00,ASK_DEPTH,"[(101453, 189)]"
2019-06-28 10:44:00,IMBALANCE,"[260, 189]"
2019-06-28 10:44:00,HOLDINGS_UPDATED,"{'CASH': 306360, 'JPM': 96}"
2019-06-28 10:45:00,BID_DEPTH,"[(99637, 218)]"
2019-06-28 10:45:00,ASK_DEPTH,"[(101454, 54)]"
2019-06-28 10:45:00,IMBALANCE,"[218, 54]"
2019-06-28 10:45:00,HOLDINGS_UPDATED,"{'CASH': -99456, 'JPM': 100}"
2019-06-28 10:46:00,BID_DEPTH,"[(99368, 570)]"
2019-06-28 10:46:00,ASK_DEPTH,"[(99449, 499)]"
2019-06-28 10:46:00,IMBALANCE,"[570, 499]"
2019-06-28 10:46:00,HOLDINGS_UPDATED,"{'CASH': -497252, 'JPM': 104}"
2019-06-28 10:47:00,BID_DEPTH,"[(99449, 360)]"
2019-06-28 10:47:00,ASK_DEPTH,"[(99639, 189)]"
2019-06-28 10:47:00,IMBALANCE,"[360, 189]"
2019-06-28 10:47:00,HOLDINGS_UPDATED,"{'CASH': -895808, 'JPM': 108}"
2019-06-28 10:48:00,BID_DEPTH,"[(99449, 294)]"
2019-06-28 10:48:00,ASK_DEPTH,"[(100428, 123)]"
2019-06-28 10:48:00,IMBALANCE,"[294, 123]"
2019-06-28 10:48:00,HOLDINGS_UPDATED,"{'CASH': -1297520, 'JPM': 112}"
2019-06-28 10:49:00,BID_DEPTH,"[(99801, 260)]"
2019-06-28 10:49:00,ASK_DEPTH,"[(100428, 289)]"
2019-06-28 10:49:00,IMBALANCE,"[260, 289]"
2019-06-28 10:49:00,HOLDINGS_UPDATED,"{'CASH': -1699232, 'JPM': 116}"
2019-06-28 10:50:00,BID_DEPTH,"[(100095, 260)]"
2019-06-28 10:50:00,ASK_DEPTH,"[(100428, 184)]"
2019-06-28 10:50:00,IMBALANCE,"[260, 184]"
2019-06-28 10:50:00,HOLDINGS_UPDATED,"{'CASH': -2100944, 'JPM': 120}"
2019-06-28 10:51:00,BID_DEPTH,"[(99449, 435)]"
2019-06-28 10:51:00,ASK_DEPTH,"[(99805, 264)]"
2019-06-28 10:51:00,IMBALANCE,"[435, 264]"
2019-06-28 10:51:00,HOLDINGS_UPDATED,"{'CASH': -2500164, 'JPM': 124}"
2019-06-28 10:52:00,BID_DEPTH,"[(99449, 318)]"
2019-06-28 10:52:00,ASK_DEPTH,"[(99792, 147)]"
2019-06-28 10:52:00,IMBALANCE,"[318, 147]"
2019-06-28 10:52:00,HOLDINGS_UPDATED,"{'CASH': -2899332, 'JPM': 128}"
2019-06-28 10:53:00,BID_DEPTH,"[(99835, 335)]"
2019-06-28 10:53:00,ASK_DEPTH,"[(99850, 264)]"
2019-06-28 10:53:00,IMBALANCE,"[335, 264]"
2019-06-28 10:53:00,HOLDINGS_UPDATED,"{'CASH': -3298732, 'JPM': 132}"
2019-06-28 10:54:00,BID_DEPTH,"[(99835, 194)]"
2019-06-28 10:54:00,ASK_DEPTH,"[(101453, 123)]"
2019-06-28 10:54:00,IMBALANCE,"[194, 123]"
2019-06-28 10:54:00,HOLDINGS_UPDATED,"{'CASH': -3704544, 'JPM': 136}"
2019-06-28 10:55:00,BID_DEPTH,"[(100026, 499)]"
2019-06-28 10:55:00,ASK_DEPTH,"[(101634, 570)]"
2019-06-28 10:55:00,IMBALANCE,"[499, 570]"
2019-06-28 10:55:00,HOLDINGS_UPDATED,"{'CASH': -3304440, 'JPM': 132}"
2019-06-28 10:56:00,BID_DEPTH,"[(100007, 189)]"
2019-06-28 10:56:00,ASK_DEPTH,"[(100625, 260)]"
2019-06-28 10:56:00,IMBALANCE,"[189, 260]"
2019-06-28 10:56:00,HOLDINGS_UPDATED,"{'CASH': -2904412, 'JPM': 128}"
2019-06-28 10:57:00,BID_DEPTH,"[(99946, 499)]"
2019-06-28 10:57:00,ASK_DEPTH,"[(100007, 570)]"
2019-06-28 10:57:00,IMBALANCE,"[499, 570]"
2019-06-28 10:57:00,HOLDINGS_UPDATED,"{'CASH': -2504628, 'JPM': 124}"
2019-06-28 10:58:00,BID_DEPTH,"[(99934, 123)]"
2019-06-28 10:58:00,ASK_DEPTH,"[(100249, 194)]"
2019-06-28 10:58:00,IMBALANCE,"[123, 194]"
2019-06-28 10:58:00,HOLDINGS_UPDATED,"{'CASH': -2104892, 'JPM': 120}"
2019-06-28 10:59:00,BID_DEPTH,"[(99835, 264)]"
2019-06-28 10:59:00,ASK_DEPTH,"[(100650, 335)]"
2019-06-28 10:59:00,IMBALANCE,"[264, 335]"
2019-06-28 10:59:00,HOLDINGS_UPDATED,"{'CASH': -1705552, 'JPM': 116}"
2019-06-28 11:00:00,BID_DEPTH,"[(100240, 123)]"
2019-06-28 11:00:00,ASK_DEPTH,"[(100444, 194)]"
2019-06-28 11:00:00,IMBALANCE,"[123, 194]"
2019-06-28 11:00:00,HOLDINGS_UPDATED,"{'CASH': -1304592, 'JPM': 112}"
2019-06-28 11:01:00,BID_DEPTH,"[(100249, 499)]"
2019-06-28 11:01:00,ASK_DEPTH,"[(100444, 570)]"
2019-06-28 11:01:00,IMBALANCE,"[499, 570]"
2019-06-28 11:01:00,HOLDINGS_UPDATED,"{'CASH': -903596, 'JPM': 108}"
2019-06-28 11:02:00,BID_DEPTH,"[(100240, 223)]"
2019-06-28 11:02:00,ASK_DEPTH,"[(100650, 194)]"
2019-06-28 11:02:00,IMBALANCE,"[223, 194]"
2019-06-28 11:02:00,HOLDINGS_UPDATED,"{'CASH': -502636, 'JPM': 104}"
2019-06-28 11:03:00,BID_DEPTH,"[(100240, 318)]"
2019-06-28 11:03:00,ASK_DEPTH,"[(100754, 194)]"
2019-06-28 11:03:00,IMBALANCE,"[318, 194]"
2019-06-28 11:03:00,HOLDINGS_UPDATED,"{'CASH': -101676, 'JPM': 100}"
2019-06-28 11:04:00,BID_DEPTH,"[(100575, 499)]"
2019-06-28 11:04:00,ASK_DEPTH,"[(100754, 570)]"
2019-06-28 11:04:00,IMBALANCE,"[499, 570]"
2019-06-28 11:04:00,HOLDINGS_UPDATED,"{'CASH': 300624, 'JPM': 96}"
2019-06-28 11:05:00,BID_DEPTH,"[(100240, 489)]"
2019-06-28 11:05:00,ASK_DEPTH,"[(100575, 670)]"
2019-06-28 11:05:00,IMBALANCE,"[489, 670]"
2019-06-28 11:05:00,HOLDINGS_UPDATED,"{'CASH': 701584, 'JPM': 92}"
2019-06-28 11:06:00,BID_DEPTH,"[(99328, 123)]"
2019-06-28 11:06:00,ASK_DEPTH,"[(99819, 194)]"
2019-06-28 11:06:00,IMBALANCE,"[123, 194]"
2019-06-28 11:06:00,HOLDINGS_UPDATED,"{'CASH': 1098896, 'JPM': 88}"
2019-06-28 11:07:00,BID_DEPTH,"[(100226, 189)]"
2019-06-28 11:07:00,ASK_DEPTH,"[(100248, 260)]"
2019-06-28 11:07:00,IMBALANCE,"[189, 260]"
2019-06-28 11:07:00,HOLDINGS_UPDATED,"{'CASH': 1499800, 'JPM': 84}"
2019-06-28 11:08:00,BID_DEPTH,"[(99329, 147)]"
2019-06-28 11:08:00,ASK_DEPTH,"[(100181, 218)]"
2019-06-28 11:08:00,IMBALANCE,"[147, 218]"
2019-06-28 11:08:00,HOLDINGS_UPDATED,"{'CASH': 1897116, 'JPM': 80}"
2019-06-28 11:09:00,BID_DEPTH,"[(99329, 247)]"
2019-06-28 11:09:00,ASK_DEPTH,"[(100435, 218)]"
2019-06-28 11:09:00,IMBALANCE,"[247, 218]"
2019-06-28 11:09:00,HOLDINGS_UPDATED,"{'CASH': 2294432, 'JPM': 76}"
2019-06-28 11:10:00,BID_DEPTH,"[(99329, 284)]"
2019-06-28 11:10:00,ASK_DEPTH,"[(100173, 260)]"
2019-06-28 11:10:00,IMBALANCE,"[284, 260]"
2019-06-28 11:10:00,HOLDINGS_UPDATED,"{'CASH': 2691748, 'JPM': 72}"
2019-06-28 11:11:00,BID_DEPTH,"[(100173, 123)]"
2019-06-28 11:11:00,ASK_DEPTH,"[(100435, 194)]"
2019-06-28 11:11:00,IMBALANCE,"[123, 194]"
2019-06-28 11:11:00,HOLDINGS_UPDATED,"{'CASH': 3092440, 'JPM': 68}"
2019-06-28 11:12:00,BID_DEPTH,"[(100435, 189)]"
2019-06-28 11:12:00,ASK_DEPTH,"[(100472, 260)]"
2019-06-28 11:12:00,IMBALANCE,"[189, 260]"
2019-06-28 11:12:00,HOLDINGS_UPDATED,"{'CASH': 3494180, 'JPM': 64}"
2019-06-28 11:13:00,BID_DEPTH,"[(99329, 254)]"
2019-06-28 11:13:00,ASK_DEPTH,"[(100574, 335)]"
2019-06-28 11:13:00,IMBALANCE,"[254, 335]"
2019-06-28 11:13:00,HOLDINGS_UPDATED,"{'CASH': 3891496, 'JPM': 60}"
2019-06-28 11:14:00,BID_DEPTH,"[(100462, 499)]"
2019-06-28 11:14:00,ASK_DEPTH,"[(100574, 570)]"
2019-06-28 11:14:00,IMBALANCE,"[499, 570]"
2019-06-28 11:14:00,HOLDINGS_UPDATED,"{'CASH': 4293344, 'JPM': 56}"
2019-06-28 11:15:00,BID_DEPTH,"[(100462, 499)]"
2019-06-28 11:15:00,ASK_DEPTH,"[(100575, 570)]"
2019-06-28 11:15:00,IMBALANCE,"[499, 570]"
2019-06-28 11:15:00,HOLDINGS_UPDATED,"{'CASH': 4695192, 'JPM': 52}"
2019-06-28 11:16:00,BID_DEPTH,"[(100451, 499)]"
2019-06-28 11:16:00,ASK_DEPTH,"[(100462, 570)]"
2019-06-28 11:16:00,IMBALANCE,"[499, 570]"
2019-06-28 11:16:00,HOLDINGS_UPDATED,"{'CASH': 5096996, 'JPM': 48}"
2019-06-28 11:17:00,BID_DEPTH,"[(100393, 499)]"
2019-06-28 11:17:00,ASK_DEPTH,"[(100462, 570)]"
2019-06-28 11:17:00,IMBALANCE,"[499, 570]"
2019-06-28 11:17:00,HOLDINGS_UPDATED,"{'CASH': 5498568, 'JPM': 44}"
2019-06-28 11:18:00,BID_DEPTH,"[(100320, 189)]"
2019-06-28 11:18:00,ASK_DEPTH,"[(100393, 360)]"
2019-06-28 11:18:00,IMBALANCE,"[189, 360]"
2019-06-28 11:18:00,HOLDINGS_UPDATED,"{'CASH': 5899848, 'JPM': 40}"
2019-06-28 11:19:00,BID_DEPTH,"[(100223, 264)]"
2019-06-28 11:19:00,ASK_DEPTH,"[(100393, 435)]"
2019-06-28 11:19:00,IMBALANCE,"[264, 435]"
2019-06-28 11:19:00,HOLDINGS_UPDATED,"{'CASH': 6300740, 'JPM': 36}"
2019-06-28 11:20:00,BID_DEPTH,"[(100176, 264)]"
2019-06-28 11:20:00,ASK_DEPTH,"[(100321, 335)]"
2019-06-28 11:20:00,IMBALANCE,"[264, 335]"
2019-06-28 11:20:00,HOLDINGS_UPDATED,"{'CASH': 6701444, 'JPM': 32}"
2019-06-28 11:21:00,BID_DEPTH,"[(100165, 189)]"
2019-06-28 11:21:00,ASK_DEPTH,"[(100393, 360)]"
2019-06-28 11:21:00,IMBALANCE,"[189, 360]"
2019-06-28 11:21:00,HOLDINGS_UPDATED,"{'CASH': 7102104, 'JPM': 28}"
2019-06-28 11:22:00,BID_DEPTH,"[(100171, 499)]"
2019-06-28 11:22:00,ASK_DEPTH,"[(100300, 570)]"
2019-06-28 11:22:00,IMBALANCE,"[499, 570]"
2019-06-28 11:22:00,HOLDINGS_UPDATED,"{'CASH': 7502788, 'JPM': 24}"
2019-06-28 11:23:00,BID_DEPTH,"[(100151, 264)]"
2019-06-28 11:23:00,ASK_DEPTH,"[(100393, 335)]"
2019-06-28 11:23:00,IMBALANCE,"[264, 335]"
2019-06-28 11:23:00,HOLDINGS_UPDATED,"{'CASH': 7903392, 'JPM': 20}"
2019-06-28 11:24:00,BID_DEPTH,"[(100347, 123)]"
2019-06-28 11:24:00,ASK_DEPTH,"[(100462, 194)]"
2019-06-28 11:24:00,IMBALANCE,"[123, 194]"
2019-06-28 11:24:00,HOLDINGS_UPDATED,"{'CASH': 8304780, 'JPM': 16}"
2019-06-28 11:25:00,BID_DEPTH,"[(99863, 147)]"
2019-06-28 11:25:00,ASK_DEPTH,"[(100462, 218)]"
2019-06-28 11:25:00,IMBALANCE,"[147, 218]"
2019-06-28 11:25:00,HOLDINGS_UPDATED,"{'CASH': 8704232, 'JPM': 12}"
2019-06-28 11:26:00,BID_DEPTH,"[(98944, 264)]"
2019-06-28 11:26:00,ASK_DEPTH,"[(99244, 335)]"
2019-06-28 11:26:00,IMBALANCE,"[264, 335]"
2019-06-28 11:26:00,HOLDINGS_UPDATED,"{'CASH': 9100008, 'JPM': 8}"
2019-06-28 11:27:00,BID_DEPTH,"[(98944, 54)]"
2019-06-28 11:27:00,ASK_DEPTH,"[(99244, 218)]"
2019-06-28 11:27:00,IMBALANCE,"[54, 218]"
2019-06-28 11:27:00,HOLDINGS_UPDATED,"{'CASH': 9495784, 'JPM': 4}"
2019-06-28 11:28:00,BID_DEPTH,"[(98944, 54)]"
2019-06-28 11:28:00,ASK_DEPTH,"[(99519, 218)]"
2019-06-28 11:28:00,IMBALANCE,"[54, 218]"
2019-06-28 11:28:00,HOLDINGS_UPDATED,{'CASH': 9891560}
2019-06-28 11:29:00,BID_DEPTH,"[(99372, 499)]"
2019-06-28 11:29:00,ASK_DEPTH,"[(99519, 570)]"
2019-06-28 11:29:00,IMBALANCE,"[499, 570]"
2019-06-28 11:29:00,HOLDINGS_UPDATED,"{'CASH': 10289048, 'JPM': -4}"
2019-06-28 11:30:00,BID_DEPTH,"[(99462, 123)]"
2019-06-28 11:30:00,ASK_DEPTH,"[(99519, 194)]"
2019-06-28 11:30:00,IMBALANCE,"[123, 194]"
2019-06-28 11:30:00,HOLDINGS_UPDATED,"{'CASH': 10686896, 'JPM': -8}"
2019-06-28 11:31:00,BID_DEPTH,"[(99519, 95)]"
2019-06-28 11:31:00,ASK_DEPTH,"[(99713, 260)]"
2019-06-28 11:31:00,IMBALANCE,"[95, 260]"
2019-06-28 11:31:00,HOLDINGS_UPDATED,"{'CASH': 11084972, 'JPM': -12}"
2019-06-28 11:32:00,BID_DEPTH,"[(99701, 147)]"
2019-06-28 11:32:00,ASK_DEPTH,"[(100013, 218)]"
2019-06-28 11:32:00,IMBALANCE,"[147, 218]"
2019-06-28 11:32:00,HOLDINGS_UPDATED,"{'CASH': 11483776, 'JPM': -16}"
2019-06-28 11:33:00,BID_DEPTH,"[(99701, 499)]"
2019-06-28 11:33:00,ASK_DEPTH,"[(100013, 570)]"
2019-06-28 11:33:00,IMBALANCE,"[499, 570]"
2019-06-28 11:33:00,HOLDINGS_UPDATED,"{'CASH': 11882580, 'JPM': -20}"
2019-06-28 11:34:00,BID_DEPTH,"[(99372, 130)]"
2019-06-28 11:34:00,ASK_DEPTH,"[(99545, 194)]"
2019-06-28 11:34:00,IMBALANCE,"[130, 194]"
2019-06-28 11:34:00,HOLDINGS_UPDATED,"{'CASH': 12280068, 'JPM': -24}"
2019-06-28 11:35:00,BID_DEPTH,"[(99372, 49)]"
2019-06-28 11:35:00,ASK_DEPTH,"[(99545, 218)]"
2019-06-28 11:35:00,IMBALANCE,"[49, 218]"
2019-06-28 11:35:00,HOLDINGS_UPDATED,"{'CASH': 12677556, 'JPM': -28}"
2019-06-28 11:36:00,BID_DEPTH,"[(99372, 289)]"
2019-06-28 11:36:00,ASK_DEPTH,"[(99545, 260)]"
2019-06-28 11:36:00,IMBALANCE,"[289, 260]"
2019-06-28 11:36:00,HOLDINGS_UPDATED,"{'CASH': 13075044, 'JPM': -32}"
2019-06-28 11:37:00,BID_DEPTH,"[(99398, 264)]"
2019-06-28 11:37:00,ASK_DEPTH,"[(99575, 335)]"
2019-06-28 11:37:00,IMBALANCE,"[264, 335]"
2019-06-28 11:37:00,HOLDINGS_UPDATED,"{'CASH': 13472636, 'JPM': -36}"
2019-06-28 11:38:00,BID_DEPTH,"[(99398, 147)]"
2019-06-28 11:38:00,ASK_DEPTH,"[(99575, 218)]"
2019-06-28 11:38:00,IMBALANCE,"[147, 218]"
2019-06-28 11:38:00,HOLDINGS_UPDATED,"{'CASH': 13870228, 'JPM': -40}"
2019-06-28 11:39:00,BID_DEPTH,"[(99372, 118)]"
2019-06-28 11:39:00,ASK_DEPTH,"[(99575, 194)]"
2019-06-28 11:39:00,IMBALANCE,"[118, 194]"
2019-06-28 11:39:00,HOLDINGS_UPDATED,"{'CASH': 14267716, 'JPM': -44}"
2019-06-28 11:40:00,BID_DEPTH,"[(99224, 147)]"
2019-06-28 11:40:00,ASK_DEPTH,"[(99401, 218)]"
2019-06-28 11:40:00,IMBALANCE,"[147, 218]"
2019-06-28 11:40:00,HOLDINGS_UPDATED,"{'CASH': 14664612, 'JPM': -48}"
2019-06-28 11:41:00,BID_DEPTH,"[(99224, 123)]"
2019-06-28 11:41:00,ASK_DEPTH,"[(99574, 194)]"
2019-06-28 11:41:00,IMBALANCE,"[123, 194]"
2019-06-28 11:41:00,HOLDINGS_UPDATED,"{'CASH': 15061508, 'JPM': -52}"
2019-06-28 11:42:00,BID_DEPTH,"[(99224, 364)]"
2019-06-28 11:42:00,ASK_DEPTH,"[(99574, 335)]"
2019-06-28 11:42:00,IMBALANCE,"[364, 335]"
2019-06-28 11:42:00,HOLDINGS_UPDATED,"{'CASH': 15458404, 'JPM': -56}"
2019-06-28 11:43:00,BID_DEPTH,"[(99224, 559)]"
2019-06-28 11:43:00,ASK_DEPTH,"[(99585, 335)]"
2019-06-28 11:43:00,IMBALANCE,"[559, 335]"
2019-06-28 11:43:00,HOLDINGS_UPDATED,"{'CASH': 15855300, 'JPM': -60}"
2019-06-28 11:44:00,BID_DEPTH,"[(99224, 479)]"
2019-06-28 11:44:00,ASK_DEPTH,"[(99589, 260)]"
2019-06-28 11:44:00,IMBALANCE,"[479, 260]"
2019-06-28 11:44:00,HOLDINGS_UPDATED,"{'CASH': 16252196, 'JPM': -64}"
2019-06-28 11:45:00,BID_DEPTH,"[(99224, 784)]"
2019-06-28 11:45:00,ASK_DEPTH,"[(99589, 570)]"
2019-06-28 11:45:00,IMBALANCE,"[784, 570]"
2019-06-28 11:45:00,HOLDINGS_UPDATED,"{'CASH': 16649092, 'JPM': -68}"
2019-06-28 11:46:00,BID_DEPTH,"[(99224, 444)]"
2019-06-28 11:46:00,ASK_DEPTH,"[(99701, 335)]"
2019-06-28 11:46:00,IMBALANCE,"[444, 335]"
2019-06-28 11:46:00,HOLDINGS_UPDATED,"{'CASH': 17045988, 'JPM': -72}"
2019-06-28 11:47:00,BID_DEPTH,"[(99463, 123)]"
2019-06-28 11:47:00,ASK_DEPTH,"[(99701, 194)]"
2019-06-28 11:47:00,IMBALANCE,"[123, 194]"
2019-06-28 11:47:00,HOLDINGS_UPDATED,"{'CASH': 17443840, 'JPM': -76}"
2019-06-28 11:48:00,BID_DEPTH,"[(99463, 123)]"
2019-06-28 11:48:00,ASK_DEPTH,"[(99701, 194)]"
2019-06-28 11:48:00,IMBALANCE,"[123, 194]"
2019-06-28 11:48:00,HOLDINGS_UPDATED,"{'CASH': 17841692, 'JPM': -80}"
2019-06-28 11:49:00,BID_DEPTH,"[(99322, 499)]"
2019-06-28 11:49:00,ASK_DEPTH,"[(99701, 570)]"
2019-06-28 11:49:00,IMBALANCE,"[499, 570]"
2019-06-28 11:49:00,HOLDINGS_UPDATED,"{'CASH': 18238980, 'JPM': -84}"
2019-06-28 11:50:00,BID_DEPTH,"[(99322, 247)]"
2019-06-28 11:50:00,ASK_DEPTH,"[(99706, 318)]"
2019-06-28 11:50:00,IMBALANCE,"[247, 318]"
2019-06-28 11:50:00,HOLDINGS_UPDATED,"{'CASH': 18636268, 'JPM': -88}"
2019-06-28 11:51:00,BID_DEPTH,"[(99793, 95)]"
2019-06-28 11:51:00,ASK_DEPTH,"[(99866, 260)]"
2019-06-28 11:51:00,IMBALANCE,"[95, 260]"
2019-06-28 11:51:00,HOLDINGS_UPDATED,"{'CASH': 19035440, 'JPM': -92}"
2019-06-28 11:52:00,BID_DEPTH,"[(99810, 189)]"
2019-06-28 11:52:00,ASK_DEPTH,"[(99884, 260)]"
2019-06-28 11:52:00,IMBALANCE,"[189, 260]"
2019-06-28 11:52:00,HOLDINGS_UPDATED,"{'CASH': 19434680, 'JPM': -96}"
2019-06-28 11:53:00,BID_DEPTH,"[(99715, 189)]"
2019-06-28 11:53:00,ASK_DEPTH,"[(99884, 260)]"
2019-06-28 11:53:00,IMBALANCE,"[189, 260]"
2019-06-28 11:53:00,HOLDINGS_UPDATED,"{'CASH': 19833540, 'JPM': -100}"
2019-06-28 11:54:00,BID_DEPTH,"[(99705, 123)]"
2019-06-28 11:54:00,ASK_DEPTH,"[(99884, 194)]"
2019-06-28 11:54:00,IMBALANCE,"[123, 194]"
2019-06-28 11:54:00,HOLDINGS_UPDATED,"{'CASH': 20232360, 'JPM': -104}"
2019-06-28 11:55:00,BID_DEPTH,"[(99322, 494)]"
2019-06-28 11:55:00,ASK_DEPTH,"[(99884, 570)]"
2019-06-28 11:55:00,IMBALANCE,"[494, 570]"
2019-06-28 11:55:00,HOLDINGS_UPDATED,"{'CASH': 20629648, 'JPM': -108}"
2019-06-28 11:56:00,BID_DEPTH,"[(99322, 123)]"
2019-06-28 11:56:00,ASK_DEPTH,"[(99767, 194)]"
2019-06-28 11:56:00,IMBALANCE,"[123, 194]"
2019-06-28 11:56:00,HOLDINGS_UPDATED,"{'CASH': 21026936, 'JPM': -112}"
2019-06-28 11:57:00,BID_DEPTH,"[(99224, 198)]"
2019-06-28 11:57:00,ASK_DEPTH,"[(99423, 194)]"
2019-06-28 11:57:00,IMBALANCE,"[198, 194]"
2019-06-28 11:57:00,HOLDINGS_UPDATED,"{'CASH': 21423832, 'JPM': -116}"
2019-06-28 11:58:00,BID_DEPTH,"[(99370, 123)]"
2019-06-28 11:58:00,ASK_DEPTH,"[(99427, 194)]"
2019-06-28 11:58:00,IMBALANCE,"[123, 194]"
2019-06-28 11:58:00,HOLDINGS_UPDATED,"{'CASH': 21821312, 'JPM': -120}"
2019-06-28 11:59:00,BID_DEPTH,"[(99427, 147)]"
2019-06-28 11:59:00,ASK_DEPTH,"[(99451, 218)]"
2019-06-28 11:59:00,IMBALANCE,"[147, 218]"
2019-06-28 11:59:00,HOLDINGS_UPDATED,"{'CASH': 22219020, 'JPM': -124}"
2019-06-28 12:00:00,BID_DEPTH,"[(99505, 499)]"
2019-06-28 12:00:00,ASK_DEPTH,"[(99513, 570)]"
2019-06-28 12:00:00,IMBALANCE,"[499, 570]"
2019-06-28 12:00:00,HOLDINGS_UPDATED,"{'CASH': 22617040, 'JPM': -128}"
2019-06-28 12:01:00,BID_DEPTH,"[(99225, 264)]"
2019-06-28 12:01:00,ASK_DEPTH,"[(99373, 335)]"
2019-06-28 12:01:00,IMBALANCE,"[264, 335]"
2019-06-28 12:01:00,HOLDINGS_UPDATED,"{'CASH': 23013940, 'JPM': -132}"
2019-06-28 12:02:00,BID_DEPTH,"[(99224, 123)]"
2019-06-28 12:02:00,ASK_DEPTH,"[(99230, 194)]"
2019-06-28 12:02:00,IMBALANCE,"[123, 194]"
2019-06-28 12:02:00,HOLDINGS_UPDATED,"{'CASH': 23410836, 'JPM': -136}"
2019-06-28 12:03:00,BID_DEPTH,"[(99207, 123)]"
2019-06-28 12:03:00,ASK_DEPTH,"[(99230, 194)]"
2019-06-28 12:03:00,IMBALANCE,"[123, 194]"
2019-06-28 12:03:00,HOLDINGS_UPDATED,"{'CASH': 23807664, 'JPM': -140}"
2019-06-28 12:04:00,BID_DEPTH,"[(99204, 499)]"
2019-06-28 12:04:00,ASK_DEPTH,"[(99230, 570)]"
2019-06-28 12:04:00,IMBALANCE,"[499, 570]"
2019-06-28 12:04:00,HOLDINGS_UPDATED,"{'CASH': 24204480, 'JPM': -144}"
2019-06-28 12:05:00,BID_DEPTH,"[(99078, 499)]"
2019-06-28 12:05:00,ASK_DEPTH,"[(99230, 570)]"
2019-06-28 12:05:00,IMBALANCE,"[499, 570]"
2019-06-28 12:05:00,HOLDINGS_UPDATED,"{'CASH': 24600792, 'JPM': -148}"
2019-06-28 12:06:00,BID_DEPTH,"[(99062, 123)]"
2019-06-28 12:06:00,ASK_DEPTH,"[(99066, 100)]"
2019-06-28 12:06:00,IMBALANCE,"[123, 100]"
2019-06-28 12:06:00,HOLDINGS_UPDATED,"{'CASH': 24997040, 'JPM': -152}"
2019-06-28 12:07:00,BID_DEPTH,"[(98944, 30)]"
2019-06-28 12:07:00,ASK_DEPTH,"[(99064, 194)]"
2019-06-28 12:07:00,IMBALANCE,"[30, 194]"
2019-06-28 12:07:00,HOLDINGS_UPDATED,"{'CASH': 25392816, 'JPM': -156}"
2019-06-28 12:08:00,BID_DEPTH,"[(98865, 269)]"
2019-06-28 12:08:00,ASK_DEPTH,"[(98929, 335)]"
2019-06-28 12:08:00,IMBALANCE,"[269, 335]"
2019-06-28 12:08:00,HOLDINGS_UPDATED,"{'CASH': 25788276, 'JPM': -160}"
2019-06-28 12:09:00,BID_DEPTH,"[(98758, 189)]"
2019-06-28 12:09:00,ASK_DEPTH,"[(98929, 260)]"
2019-06-28 12:09:00,IMBALANCE,"[189, 260]"
2019-06-28 12:09:00,HOLDINGS_UPDATED,"{'CASH': 26183308, 'JPM': -164}"
2019-06-28 12:10:00,BID_DEPTH,"[(98655, 264)]"
2019-06-28 12:10:00,ASK_DEPTH,"[(98661, 335)]"
2019-06-28 12:10:00,IMBALANCE,"[264, 335]"
2019-06-28 12:10:00,HOLDINGS_UPDATED,"{'CASH': 26577928, 'JPM': -168}"
2019-06-28 12:11:00,BID_DEPTH,"[(98655, 96)]"
2019-06-28 12:11:00,ASK_DEPTH,"[(98661, 260)]"
2019-06-28 12:11:00,IMBALANCE,"[96, 260]"
2019-06-28 12:11:00,HOLDINGS_UPDATED,"{'CASH': 26972548, 'JPM': -172}"
2019-06-28 12:12:00,BID_DEPTH,"[(98655, 147)]"
2019-06-28 12:12:00,ASK_DEPTH,"[(98912, 218)]"
2019-06-28 12:12:00,IMBALANCE,"[147, 218]"
2019-06-28 12:12:00,HOLDINGS_UPDATED,"{'CASH': 27367168, 'JPM': -176}"
2019-06-28 12:13:00,BID_DEPTH,"[(98799, 499)]"
2019-06-28 12:13:00,ASK_DEPTH,"[(98912, 570)]"
2019-06-28 12:13:00,IMBALANCE,"[499, 570]"
2019-06-28 12:13:00,HOLDINGS_UPDATED,"{'CASH': 27762364, 'JPM': -180}"
2019-06-28 12:14:00,BID_DEPTH,"[(98799, 96)]"
2019-06-28 12:14:00,ASK_DEPTH,"[(98912, 260)]"
2019-06-28 12:14:00,IMBALANCE,"[96, 260]"
2019-06-28 12:14:00,HOLDINGS_UPDATED,"{'CASH': 28157560, 'JPM': -184}"
2019-06-28 12:15:00,BID_DEPTH,"[(98799, 171)]"
2019-06-28 12:15:00,ASK_DEPTH,"[(98912, 335)]"
2019-06-28 12:15:00,IMBALANCE,"[171, 335]"
2019-06-28 12:15:00,HOLDINGS_UPDATED,"{'CASH': 28552756, 'JPM': -188}"
2019-06-28 12:16:00,BID_DEPTH,"[(98912, 95)]"
2019-06-28 12:16:00,ASK_DEPTH,"[(98944, 162)]"
2019-06-28 12:16:00,IMBALANCE,"[95, 162]"
2019-06-28 12:16:00,HOLDINGS_UPDATED,"{'CASH': 28948404, 'JPM': -192}"
2019-06-28 12:17:00,BID_DEPTH,"[(99064, 599)]"
2019-06-28 12:17:00,ASK_DEPTH,"[(99130, 570)]"
2019-06-28 12:17:00,IMBALANCE,"[599, 570]"
2019-06-28 12:17:00,HOLDINGS_UPDATED,"{'CASH': 29344660, 'JPM': -196}"
2019-06-28 12:18:00,BID_DEPTH,"[(99064, 142)]"
2019-06-28 12:18:00,ASK_DEPTH,"[(99244, 218)]"
2019-06-28 12:18:00,IMBALANCE,"[142, 218]"
2019-06-28 12:18:00,HOLDINGS_UPDATED,"{'CASH': 29740916, 'JPM': -200}"
2019-06-28 12:19:00,BID_DEPTH,"[(99244, 153)]"
2019-06-28 12:19:00,ASK_DEPTH,"[(99513, 318)]"
2019-06-28 12:19:00,IMBALANCE,"[153, 318]"
2019-06-28 12:19:00,HOLDINGS_UPDATED,"{'CASH': 30137892, 'JPM': -204}"
2019-06-28 12:20:00,BID_DEPTH,"[(99244, 48)]"
2019-06-28 12:20:00,ASK_DEPTH,"[(99513, 318)]"
2019-06-28 12:20:00,IMBALANCE,"[48, 318]"
2019-06-28 12:20:00,HOLDINGS_UPDATED,"{'CASH': 30534868, 'JPM': -208}"
2019-06-28 12:21:00,BID_DEPTH,"[(99244, 499)]"
2019-06-28 12:21:00,ASK_DEPTH,"[(99513, 670)]"
2019-06-28 12:21:00,IMBALANCE,"[499, 670]"
2019-06-28 12:21:00,HOLDINGS_UPDATED,"{'CASH': 30931844, 'JPM': -212}"
2019-06-28 12:22:00,BID_DEPTH,"[(99244, 264)]"
2019-06-28 12:22:00,ASK_DEPTH,"[(100120, 335)]"
2019-06-28 12:22:00,IMBALANCE,"[264, 335]"
2019-06-28 12:22:00,HOLDINGS_UPDATED,"{'CASH': 31328820, 'JPM': -216}"
2019-06-28 12:23:00,BID_DEPTH,"[(100178, 189)]"
2019-06-28 12:23:00,ASK_DEPTH,"[(100186, 260)]"
2019-06-28 12:23:00,IMBALANCE,"[189, 260]"
2019-06-28 12:23:00,HOLDINGS_UPDATED,"{'CASH': 31729532, 'JPM': -220}"
2019-06-28 12:24:00,BID_DEPTH,"[(100164, 147)]"
2019-06-28 12:24:00,ASK_DEPTH,"[(100178, 218)]"
2019-06-28 12:24:00,IMBALANCE,"[147, 218]"
2019-06-28 12:24:00,HOLDINGS_UPDATED,"{'CASH': 32130188, 'JPM': -224}"
2019-06-28 12:25:00,BID_DEPTH,"[(99244, 364)]"
2019-06-28 12:25:00,ASK_DEPTH,"[(100178, 335)]"
2019-06-28 12:25:00,IMBALANCE,"[364, 335]"
2019-06-28 12:25:00,HOLDINGS_UPDATED,"{'CASH': 32527164, 'JPM': -228}"
2019-06-28 12:26:00,BID_DEPTH,"[(99245, 499)]"
2019-06-28 12:26:00,ASK_DEPTH,"[(100186, 570)]"
2019-06-28 12:26:00,IMBALANCE,"[499, 570]"
2019-06-28 12:26:00,HOLDINGS_UPDATED,"{'CASH': 32924144, 'JPM': -232}"
2019-06-28 12:27:00,BID_DEPTH,"[(99244, 184)]"
2019-06-28 12:27:00,ASK_DEPTH,"[(100229, 260)]"
2019-06-28 12:27:00,IMBALANCE,"[184, 260]"
2019-06-28 12:27:00,HOLDINGS_UPDATED,"{'CASH': 33321120, 'JPM': -236}"
2019-06-28 12:28:00,BID_DEPTH,"[(98799, 196)]"
2019-06-28 12:28:00,ASK_DEPTH,"[(100229, 260)]"
2019-06-28 12:28:00,IMBALANCE,"[196, 260]"
2019-06-28 12:28:00,HOLDINGS_UPDATED,"{'CASH': 33716316, 'JPM': -240}"
2019-06-28 12:29:00,BID_DEPTH,"[(100162, 123)]"
2019-06-28 12:29:00,ASK_DEPTH,"[(100262, 194)]"
2019-06-28 12:29:00,IMBALANCE,"[123, 194]"
2019-06-28 12:29:00,HOLDINGS_UPDATED,"{'CASH': 34116964, 'JPM': -244}"
2019-06-28 12:30:00,BID_DEPTH,"[(100127, 218)]"
2019-06-28 12:30:00,ASK_DEPTH,"[(100262, 147)]"
2019-06-28 12:30:00,IMBALANCE,"[218, 147]"
2019-06-28 12:30:00,HOLDINGS_UPDATED,"{'CASH': 33715916, 'JPM': -240}"
2019-06-28 12:31:00,BID_DEPTH,"[(100127, 570)]"
2019-06-28 12:31:00,ASK_DEPTH,"[(100262, 406)]"
2019-06-28 12:31:00,IMBALANCE,"[570, 406]"
2019-06-28 12:31:00,HOLDINGS_UPDATED,"{'CASH': 33314868, 'JPM': -236}"
2019-06-28 12:32:00,BID_DEPTH,"[(100358, 260)]"
2019-06-28 12:32:00,ASK_DEPTH,"[(100369, 189)]"
2019-06-28 12:32:00,IMBALANCE,"[260, 189]"
2019-06-28 12:32:00,HOLDINGS_UPDATED,"{'CASH': 32913392, 'JPM': -232}"
2019-06-28 12:33:00,BID_DEPTH,"[(100358, 570)]"
2019-06-28 12:33:00,ASK_DEPTH,"[(100369, 406)]"
2019-06-28 12:33:00,IMBALANCE,"[570, 406]"
2019-06-28 12:33:00,HOLDINGS_UPDATED,"{'CASH': 32511916, 'JPM': -228}"
2019-06-28 12:34:00,BID_DEPTH,"[(100358, 218)]"
2019-06-28 12:34:00,ASK_DEPTH,"[(100369, 54)]"
2019-06-28 12:34:00,IMBALANCE,"[218, 54]"
2019-06-28 12:34:00,HOLDINGS_UPDATED,"{'CASH': 32110440, 'JPM': -224}"
2019-06-28 12:35:00,BID_DEPTH,"[(100369, 333)]"
2019-06-28 12:35:00,ASK_DEPTH,"[(100391, 189)]"
2019-06-28 12:35:00,IMBALANCE,"[333, 189]"
2019-06-28 12:35:00,HOLDINGS_UPDATED,"{'CASH': 31708876, 'JPM': -220}"
2019-06-28 12:36:00,BID_DEPTH,"[(100369, 267)]"
2019-06-28 12:36:00,ASK_DEPTH,"[(100521, 123)]"
2019-06-28 12:36:00,IMBALANCE,"[267, 123]"
2019-06-28 12:36:00,HOLDINGS_UPDATED,"{'CASH': 31306792, 'JPM': -216}"
2019-06-28 12:37:00,BID_DEPTH,"[(100521, 193)]"
2019-06-28 12:37:00,ASK_DEPTH,"[(100698, 147)]"
2019-06-28 12:37:00,IMBALANCE,"[193, 147]"
2019-06-28 12:37:00,HOLDINGS_UPDATED,"{'CASH': 30904000, 'JPM': -212}"
2019-06-28 12:38:00,BID_DEPTH,"[(100521, 235)]"
2019-06-28 12:38:00,ASK_DEPTH,"[(100943, 189)]"
2019-06-28 12:38:00,IMBALANCE,"[235, 189]"
2019-06-28 12:38:00,HOLDINGS_UPDATED,"{'CASH': 30500228, 'JPM': -208}"
2019-06-28 12:39:00,BID_DEPTH,"[(101117, 335)]"
2019-06-28 12:39:00,ASK_DEPTH,"[(101159, 264)]"
2019-06-28 12:39:00,IMBALANCE,"[335, 264]"
2019-06-28 12:39:00,HOLDINGS_UPDATED,"{'CASH': 30095592, 'JPM': -204}"
2019-06-28 12:40:00,BID_DEPTH,"[(101117, 194)]"
2019-06-28 12:40:00,ASK_DEPTH,"[(101207, 123)]"
2019-06-28 12:40:00,IMBALANCE,"[194, 123]"
2019-06-28 12:40:00,HOLDINGS_UPDATED,"{'CASH': 29690764, 'JPM': -200}"
2019-06-28 12:41:00,BID_DEPTH,"[(101207, 570)]"
2019-06-28 12:41:00,ASK_DEPTH,"[(101269, 499)]"
2019-06-28 12:41:00,IMBALANCE,"[570, 499]"
2019-06-28 12:41:00,HOLDINGS_UPDATED,"{'CASH': 29285688, 'JPM': -196}"
2019-06-28 12:42:00,BID_DEPTH,"[(101117, 194)]"
2019-06-28 12:42:00,ASK_DEPTH,"[(101268, 123)]"
2019-06-28 12:42:00,IMBALANCE,"[194, 123]"
2019-06-28 12:42:00,HOLDINGS_UPDATED,"{'CASH': 28880616, 'JPM': -192}"
2019-06-28 12:43:00,BID_DEPTH,"[(100521, 235)]"
2019-06-28 12:43:00,ASK_DEPTH,"[(101130, 189)]"
2019-06-28 12:43:00,IMBALANCE,"[235, 189]"
2019-06-28 12:43:00,HOLDINGS_UPDATED,"{'CASH': 28476096, 'JPM': -188}"
2019-06-28 12:44:00,BID_DEPTH,"[(100521, 235)]"
2019-06-28 12:44:00,ASK_DEPTH,"[(100807, 189)]"
2019-06-28 12:44:00,IMBALANCE,"[235, 189]"
2019-06-28 12:44:00,HOLDINGS_UPDATED,"{'CASH': 28072868, 'JPM': -184}"
2019-06-28 12:45:00,BID_DEPTH,"[(100521, 545)]"
2019-06-28 12:45:00,ASK_DEPTH,"[(100708, 499)]"
2019-06-28 12:45:00,IMBALANCE,"[545, 499]"
2019-06-28 12:45:00,HOLDINGS_UPDATED,"{'CASH': 27670036, 'JPM': -180}"
2019-06-28 12:46:00,BID_DEPTH,"[(100521, 545)]"
2019-06-28 12:46:00,ASK_DEPTH,"[(100708, 499)]"
2019-06-28 12:46:00,IMBALANCE,"[545, 499]"
2019-06-28 12:46:00,HOLDINGS_UPDATED,"{'CASH': 27267204, 'JPM': -176}"
2019-06-28 12:47:00,BID_DEPTH,"[(100636, 570)]"
2019-06-28 12:47:00,ASK_DEPTH,"[(100737, 499)]"
2019-06-28 12:47:00,IMBALANCE,"[570, 499]"
2019-06-28 12:47:00,HOLDINGS_UPDATED,"{'CASH': 26864256, 'JPM': -172}"
2019-06-28 12:48:00,BID_DEPTH,"[(100578, 260)]"
2019-06-28 12:48:00,ASK_DEPTH,"[(100768, 189)]"
2019-06-28 12:48:00,IMBALANCE,"[260, 189]"
2019-06-28 12:48:00,HOLDINGS_UPDATED,"{'CASH': 26461184, 'JPM': -168}"
2019-06-28 12:49:00,BID_DEPTH,"[(100358, 570)]"
2019-06-28 12:49:00,ASK_DEPTH,"[(100768, 499)]"
2019-06-28 12:49:00,IMBALANCE,"[570, 499]"
2019-06-28 12:49:00,HOLDINGS_UPDATED,"{'CASH': 26058112, 'JPM': -164}"
2019-06-28 12:50:00,BID_DEPTH,"[(100195, 260)]"
2019-06-28 12:50:00,ASK_DEPTH,"[(100768, 289)]"
2019-06-28 12:50:00,IMBALANCE,"[260, 289]"
2019-06-28 12:50:00,HOLDINGS_UPDATED,"{'CASH': 25655040, 'JPM': -160}"
2019-06-28 12:51:00,BID_DEPTH,"[(99566, 218)]"
2019-06-28 12:51:00,ASK_DEPTH,"[(100768, 542)]"
2019-06-28 12:51:00,IMBALANCE,"[218, 542]"
2019-06-28 12:51:00,HOLDINGS_UPDATED,"{'CASH': 25251968, 'JPM': -156}"
2019-06-28 12:52:00,BID_DEPTH,"[(99950, 194)]"
2019-06-28 12:52:00,ASK_DEPTH,"[(100768, 413)]"
2019-06-28 12:52:00,IMBALANCE,"[194, 413]"
2019-06-28 12:52:00,HOLDINGS_UPDATED,"{'CASH': 24848896, 'JPM': -152}"
2019-06-28 12:53:00,BID_DEPTH,"[(99950, 260)]"
2019-06-28 12:53:00,ASK_DEPTH,"[(100768, 589)]"
2019-06-28 12:53:00,IMBALANCE,"[260, 589]"
2019-06-28 12:53:00,HOLDINGS_UPDATED,"{'CASH': 24445824, 'JPM': -148}"
2019-06-28 12:54:00,BID_DEPTH,"[(99950, 260)]"
2019-06-28 12:54:00,ASK_DEPTH,"[(100644, 189)]"
2019-06-28 12:54:00,IMBALANCE,"[260, 189]"
2019-06-28 12:54:00,HOLDINGS_UPDATED,"{'CASH': 24043248, 'JPM': -144}"
2019-06-28 12:55:00,BID_DEPTH,"[(99815, 194)]"
2019-06-28 12:55:00,ASK_DEPTH,"[(100419, 123)]"
2019-06-28 12:55:00,IMBALANCE,"[194, 123]"
2019-06-28 12:55:00,HOLDINGS_UPDATED,"{'CASH': 23641572, 'JPM': -140}"
2019-06-28 12:56:00,BID_DEPTH,"[(99994, 194)]"
2019-06-28 12:56:00,ASK_DEPTH,"[(100116, 123)]"
2019-06-28 12:56:00,IMBALANCE,"[194, 123]"
2019-06-28 12:56:00,HOLDINGS_UPDATED,"{'CASH': 23241108, 'JPM': -136}"
2019-06-28 12:57:00,BID_DEPTH,"[(100374, 570)]"
2019-06-28 12:57:00,ASK_DEPTH,"[(100644, 499)]"
2019-06-28 12:57:00,IMBALANCE,"[570, 499]"
2019-06-28 12:57:00,HOLDINGS_UPDATED,"{'CASH': 22838532, 'JPM': -132}"
2019-06-28 12:58:00,BID_DEPTH,"[(100299, 570)]"
2019-06-28 12:58:00,ASK_DEPTH,"[(100768, 794)]"
2019-06-28 12:58:00,IMBALANCE,"[570, 794]"
2019-06-28 12:58:00,HOLDINGS_UPDATED,"{'CASH': 22435460, 'JPM': -128}"
2019-06-28 12:59:00,BID_DEPTH,"[(100074, 260)]"
2019-06-28 12:59:00,ASK_DEPTH,"[(100767, 189)]"
2019-06-28 12:59:00,IMBALANCE,"[260, 189]"
2019-06-28 12:59:00,HOLDINGS_UPDATED,"{'CASH': 22032392, 'JPM': -124}"
2019-06-28 13:00:00,BID_DEPTH,"[(99815, 218)]"
2019-06-28 13:00:00,ASK_DEPTH,"[(100768, 247)]"
2019-06-28 13:00:00,IMBALANCE,"[218, 247]"
2019-06-28 13:00:00,HOLDINGS_UPDATED,"{'CASH': 21629320, 'JPM': -120}"
2019-06-28 13:01:00,BID_DEPTH,"[(99007, 570)]"
2019-06-28 13:01:00,ASK_DEPTH,"[(100767, 499)]"
2019-06-28 13:01:00,IMBALANCE,"[570, 499]"
2019-06-28 13:01:00,HOLDINGS_UPDATED,"{'CASH': 21226252, 'JPM': -116}"
2019-06-28 13:02:00,BID_DEPTH,"[(99008, 318)]"
2019-06-28 13:02:00,ASK_DEPTH,"[(99015, 147)]"
2019-06-28 13:02:00,IMBALANCE,"[318, 147]"
2019-06-28 13:02:00,HOLDINGS_UPDATED,"{'CASH': 20830192, 'JPM': -112}"
2019-06-28 13:03:00,BID_DEPTH,"[(99008, 670)]"
2019-06-28 13:03:00,ASK_DEPTH,"[(99053, 499)]"
2019-06-28 13:03:00,IMBALANCE,"[670, 499]"
2019-06-28 13:03:00,HOLDINGS_UPDATED,"{'CASH': 20433980, 'JPM': -108}"
2019-06-28 13:04:00,BID_DEPTH,"[(99008, 294)]"
2019-06-28 13:04:00,ASK_DEPTH,"[(99053, 123)]"
2019-06-28 13:04:00,IMBALANCE,"[294, 123]"
2019-06-28 13:04:00,HOLDINGS_UPDATED,"{'CASH': 20037768, 'JPM': -104}"
2019-06-28 13:05:00,BID_DEPTH,"[(99053, 247)]"
2019-06-28 13:05:00,ASK_DEPTH,"[(99202, 218)]"
2019-06-28 13:05:00,IMBALANCE,"[247, 218]"
2019-06-28 13:05:00,HOLDINGS_UPDATED,"{'CASH': 20433980, 'JPM': -108}"
2019-06-28 13:06:00,BID_DEPTH,"[(99053, 406)]"
2019-06-28 13:06:00,ASK_DEPTH,"[(99202, 570)]"
2019-06-28 13:06:00,IMBALANCE,"[406, 570]"
2019-06-28 13:06:00,HOLDINGS_UPDATED,"{'CASH': 20830192, 'JPM': -112}"
2019-06-28 13:07:00,BID_DEPTH,"[(99008, 223)]"
2019-06-28 13:07:00,ASK_DEPTH,"[(99053, 194)]"
2019-06-28 13:07:00,IMBALANCE,"[223, 194]"
2019-06-28 13:07:00,HOLDINGS_UPDATED,"{'CASH': 21226224, 'JPM': -116}"
2019-06-28 13:08:00,BID_DEPTH,"[(99008, 149)]"
2019-06-28 13:08:00,ASK_DEPTH,"[(99053, 218)]"
2019-06-28 13:08:00,IMBALANCE,"[149, 218]"
2019-06-28 13:08:00,HOLDINGS_UPDATED,"{'CASH': 21622256, 'JPM': -120}"
2019-06-28 13:09:00,BID_DEPTH,"[(99037, 123)]"
2019-06-28 13:09:00,ASK_DEPTH,"[(99108, 194)]"
2019-06-28 13:09:00,IMBALANCE,"[123, 194]"
2019-06-28 13:09:00,HOLDINGS_UPDATED,"{'CASH': 22018404, 'JPM': -124}"
2019-06-28 13:10:00,BID_DEPTH,"[(99037, 406)]"
2019-06-28 13:10:00,ASK_DEPTH,"[(99449, 570)]"
2019-06-28 13:10:00,IMBALANCE,"[406, 570]"
2019-06-28 13:10:00,HOLDINGS_UPDATED,"{'CASH': 22414552, 'JPM': -128}"
2019-06-28 13:11:00,BID_DEPTH,"[(99310, 147)]"
2019-06-28 13:11:00,ASK_DEPTH,"[(99449, 218)]"
2019-06-28 13:11:00,IMBALANCE,"[147, 218]"
2019-06-28 13:11:00,HOLDINGS_UPDATED,"{'CASH': 22811792, 'JPM': -132}"
2019-06-28 13:12:00,BID_DEPTH,"[(99009, 499)]"
2019-06-28 13:12:00,ASK_DEPTH,"[(99817, 570)]"
2019-06-28 13:12:00,IMBALANCE,"[499, 570]"
2019-06-28 13:12:00,HOLDINGS_UPDATED,"{'CASH': 23207828, 'JPM': -136}"
2019-06-28 13:13:00,BID_DEPTH,"[(99009, 123)]"
2019-06-28 13:13:00,ASK_DEPTH,"[(99826, 194)]"
2019-06-28 13:13:00,IMBALANCE,"[123, 194]"
2019-06-28 13:13:00,HOLDINGS_UPDATED,"{'CASH': 23603864, 'JPM': -140}"
2019-06-28 13:14:00,BID_DEPTH,"[(99009, 189)]"
2019-06-28 13:14:00,ASK_DEPTH,"[(100200, 260)]"
2019-06-28 13:14:00,IMBALANCE,"[189, 260]"
2019-06-28 13:14:00,HOLDINGS_UPDATED,"{'CASH': 23999900, 'JPM': -144}"
2019-06-28 13:15:00,BID_DEPTH,"[(99008, 54)]"
2019-06-28 13:15:00,ASK_DEPTH,"[(100200, 218)]"
2019-06-28 13:15:00,IMBALANCE,"[54, 218]"
2019-06-28 13:15:00,HOLDINGS_UPDATED,"{'CASH': 24395932, 'JPM': -148}"
2019-06-28 13:16:00,BID_DEPTH,"[(99008, 499)]"
2019-06-28 13:16:00,ASK_DEPTH,"[(100200, 570)]"
2019-06-28 13:16:00,IMBALANCE,"[499, 570]"
2019-06-28 13:16:00,HOLDINGS_UPDATED,"{'CASH': 24791964, 'JPM': -152}"
2019-06-28 13:17:00,BID_DEPTH,"[(99008, 247)]"
2019-06-28 13:17:00,ASK_DEPTH,"[(100382, 218)]"
2019-06-28 13:17:00,IMBALANCE,"[247, 218]"
2019-06-28 13:17:00,HOLDINGS_UPDATED,"{'CASH': 25187996, 'JPM': -156}"
2019-06-28 13:18:00,BID_DEPTH,"[(100272, 189)]"
2019-06-28 13:18:00,ASK_DEPTH,"[(100573, 360)]"
2019-06-28 13:18:00,IMBALANCE,"[189, 360]"
2019-06-28 13:18:00,HOLDINGS_UPDATED,"{'CASH': 25589084, 'JPM': -160}"
2019-06-28 13:19:00,BID_DEPTH,"[(100272, 499)]"
2019-06-28 13:19:00,ASK_DEPTH,"[(100573, 570)]"
2019-06-28 13:19:00,IMBALANCE,"[499, 570]"
2019-06-28 13:19:00,HOLDINGS_UPDATED,"{'CASH': 25990172, 'JPM': -164}"
2019-06-28 13:20:00,BID_DEPTH,"[(100272, 364)]"
2019-06-28 13:20:00,ASK_DEPTH,"[(100573, 335)]"
2019-06-28 13:20:00,IMBALANCE,"[364, 335]"
2019-06-28 13:20:00,HOLDINGS_UPDATED,"{'CASH': 26391260, 'JPM': -168}"
2019-06-28 13:21:00,BID_DEPTH,"[(100471, 123)]"
2019-06-28 13:21:00,ASK_DEPTH,"[(100654, 194)]"
2019-06-28 13:21:00,IMBALANCE,"[123, 194]"
2019-06-28 13:21:00,HOLDINGS_UPDATED,"{'CASH': 26793144, 'JPM': -172}"
2019-06-28 13:22:00,BID_DEPTH,"[(99935, 147)]"
2019-06-28 13:22:00,ASK_DEPTH,"[(99939, 218)]"
2019-06-28 13:22:00,IMBALANCE,"[147, 218]"
2019-06-28 13:22:00,HOLDINGS_UPDATED,"{'CASH': 27192884, 'JPM': -176}"
2019-06-28 13:23:00,BID_DEPTH,"[(99935, 264)]"
2019-06-28 13:23:00,ASK_DEPTH,"[(99939, 335)]"
2019-06-28 13:23:00,IMBALANCE,"[264, 335]"
2019-06-28 13:23:00,HOLDINGS_UPDATED,"{'CASH': 27592624, 'JPM': -180}"
2019-06-28 13:24:00,BID_DEPTH,"[(99008, 359)]"
2019-06-28 13:24:00,ASK_DEPTH,"[(100095, 335)]"
2019-06-28 13:24:00,IMBALANCE,"[359, 335]"
2019-06-28 13:24:00,HOLDINGS_UPDATED,"{'CASH': 27988656, 'JPM': -184}"
2019-06-28 13:25:00,BID_DEPTH,"[(98743, 189)]"
2019-06-28 13:25:00,ASK_DEPTH,"[(100109, 260)]"
2019-06-28 13:25:00,IMBALANCE,"[189, 260]"
2019-06-28 13:25:00,HOLDINGS_UPDATED,"{'CASH': 28383628, 'JPM': -188}"
2019-06-28 13:26:00,BID_DEPTH,"[(98702, 264)]"
2019-06-28 13:26:00,ASK_DEPTH,"[(99203, 335)]"
2019-06-28 13:26:00,IMBALANCE,"[264, 335]"
2019-06-28 13:26:00,HOLDINGS_UPDATED,"{'CASH': 28778436, 'JPM': -192}"
2019-06-28 13:27:00,BID_DEPTH,"[(98703, 123)]"
2019-06-28 13:27:00,ASK_DEPTH,"[(100109, 194)]"
2019-06-28 13:27:00,IMBALANCE,"[123, 194]"
2019-06-28 13:27:00,HOLDINGS_UPDATED,"{'CASH': 29173248, 'JPM': -196}"
2019-06-28 13:28:00,BID_DEPTH,"[(98827, 189)]"
2019-06-28 13:28:00,ASK_DEPTH,"[(100109, 260)]"
2019-06-28 13:28:00,IMBALANCE,"[189, 260]"
2019-06-28 13:28:00,HOLDINGS_UPDATED,"{'CASH': 29568556, 'JPM': -200}"
2019-06-28 13:29:00,BID_DEPTH,"[(99283, 189)]"
2019-06-28 13:29:00,ASK_DEPTH,"[(99480, 260)]"
2019-06-28 13:29:00,IMBALANCE,"[189, 260]"
2019-06-28 13:29:00,HOLDINGS_UPDATED,"{'CASH': 29965688, 'JPM': -204}"
2019-06-28 13:30:00,BID_DEPTH,"[(99465, 499)]"
2019-06-28 13:30:00,ASK_DEPTH,"[(99480, 570)]"
2019-06-28 13:30:00,IMBALANCE,"[499, 570]"
2019-06-28 13:30:00,HOLDINGS_UPDATED,"{'CASH': 30363548, 'JPM': -208}"
2019-06-28 13:31:00,BID_DEPTH,"[(99465, 189)]"
2019-06-28 13:31:00,ASK_DEPTH,"[(99480, 260)]"
2019-06-28 13:31:00,IMBALANCE,"[189, 260]"
2019-06-28 13:31:00,HOLDINGS_UPDATED,"{'CASH': 30761408, 'JPM': -212}"
2019-06-28 13:32:00,BID_DEPTH,"[(99330, 499)]"
2019-06-28 13:32:00,ASK_DEPTH,"[(99480, 570)]"
2019-06-28 13:32:00,IMBALANCE,"[499, 570]"
2019-06-28 13:32:00,HOLDINGS_UPDATED,"{'CASH': 31158728, 'JPM': -216}"
2019-06-28 13:33:00,BID_DEPTH,"[(99558, 499)]"
2019-06-28 13:33:00,ASK_DEPTH,"[(99662, 570)]"
2019-06-28 13:33:00,IMBALANCE,"[499, 570]"
2019-06-28 13:33:00,HOLDINGS_UPDATED,"{'CASH': 31556960, 'JPM': -220}"
2019-06-28 13:34:00,BID_DEPTH,"[(99558, 123)]"
2019-06-28 13:34:00,ASK_DEPTH,"[(99629, 194)]"
2019-06-28 13:34:00,IMBALANCE,"[123, 194]"
2019-06-28 13:34:00,HOLDINGS_UPDATED,"{'CASH': 31955192, 'JPM': -224}"
2019-06-28 13:35:00,BID_DEPTH,"[(99483, 189)]"
2019-06-28 13:35:00,ASK_DEPTH,"[(99558, 260)]"
2019-06-28 13:35:00,IMBALANCE,"[189, 260]"
2019-06-28 13:35:00,HOLDINGS_UPDATED,"{'CASH': 32353124, 'JPM': -228}"
2019-06-28 13:36:00,BID_DEPTH,"[(99448, 147)]"
2019-06-28 13:36:00,ASK_DEPTH,"[(99558, 218)]"
2019-06-28 13:36:00,IMBALANCE,"[147, 218]"
2019-06-28 13:36:00,HOLDINGS_UPDATED,"{'CASH': 32750916, 'JPM': -232}"
2019-06-28 13:37:00,BID_DEPTH,"[(98827, 147)]"
2019-06-28 13:37:00,ASK_DEPTH,"[(99558, 218)]"
2019-06-28 13:37:00,IMBALANCE,"[147, 218]"
2019-06-28 13:37:00,HOLDINGS_UPDATED,"{'CASH': 33146224, 'JPM': -236}"
2019-06-28 13:38:00,BID_DEPTH,"[(98702, 96)]"
2019-06-28 13:38:00,ASK_DEPTH,"[(99629, 260)]"
2019-06-28 13:38:00,IMBALANCE,"[96, 260]"
2019-06-28 13:38:00,HOLDINGS_UPDATED,"{'CASH': 33541032, 'JPM': -240}"
2019-06-28 13:39:00,BID_DEPTH,"[(98702, 499)]"
2019-06-28 13:39:00,ASK_DEPTH,"[(99641, 570)]"
2019-06-28 13:39:00,IMBALANCE,"[499, 570]"
2019-06-28 13:39:00,HOLDINGS_UPDATED,"{'CASH': 33935840, 'JPM': -244}"
2019-06-28 13:40:00,BID_DEPTH,"[(98702, 499)]"
2019-06-28 13:40:00,ASK_DEPTH,"[(99854, 570)]"
2019-06-28 13:40:00,IMBALANCE,"[499, 570]"
2019-06-28 13:40:00,HOLDINGS_UPDATED,"{'CASH': 34330648, 'JPM': -248}"
2019-06-28 13:41:00,BID_DEPTH,"[(98655, 30)]"
2019-06-28 13:41:00,ASK_DEPTH,"[(99960, 194)]"
2019-06-28 13:41:00,IMBALANCE,"[30, 194]"
2019-06-28 13:41:00,HOLDINGS_UPDATED,"{'CASH': 34725268, 'JPM': -252}"
2019-06-28 13:42:00,BID_DEPTH,"[(98646, 289)]"
2019-06-28 13:42:00,ASK_DEPTH,"[(99972, 260)]"
2019-06-28 13:42:00,IMBALANCE,"[289, 260]"
2019-06-28 13:42:00,HOLDINGS_UPDATED,"{'CASH': 35119852, 'JPM': -256}"
2019-06-28 13:43:00,BID_DEPTH,"[(98646, 384)]"
2019-06-28 13:43:00,ASK_DEPTH,"[(99900, 260)]"
2019-06-28 13:43:00,IMBALANCE,"[384, 260]"
2019-06-28 13:43:00,HOLDINGS_UPDATED,"{'CASH': 35514436, 'JPM': -260}"
2019-06-28 13:44:00,BID_DEPTH,"[(99765, 147)]"
2019-06-28 13:44:00,ASK_DEPTH,"[(99900, 218)]"
2019-06-28 13:44:00,IMBALANCE,"[147, 218]"
2019-06-28 13:44:00,HOLDINGS_UPDATED,"{'CASH': 35913496, 'JPM': -264}"
2019-06-28 13:45:00,BID_DEPTH,"[(99874, 123)]"
2019-06-28 13:45:00,ASK_DEPTH,"[(99900, 194)]"
2019-06-28 13:45:00,IMBALANCE,"[123, 194]"
2019-06-28 13:45:00,HOLDINGS_UPDATED,"{'CASH': 36312992, 'JPM': -268}"
2019-06-28 13:46:00,BID_DEPTH,"[(99210, 123)]"
2019-06-28 13:46:00,ASK_DEPTH,"[(99873, 194)]"
2019-06-28 13:46:00,IMBALANCE,"[123, 194]"
2019-06-28 13:46:00,HOLDINGS_UPDATED,"{'CASH': 36709832, 'JPM': -272}"
2019-06-28 13:47:00,BID_DEPTH,"[(99166, 264)]"
2019-06-28 13:47:00,ASK_DEPTH,"[(99873, 335)]"
2019-06-28 13:47:00,IMBALANCE,"[264, 335]"
2019-06-28 13:47:00,HOLDINGS_UPDATED,"{'CASH': 37106496, 'JPM': -276}"
2019-06-28 13:48:00,BID_DEPTH,"[(99117, 264)]"
2019-06-28 13:48:00,ASK_DEPTH,"[(99231, 335)]"
2019-06-28 13:48:00,IMBALANCE,"[264, 335]"
2019-06-28 13:48:00,HOLDINGS_UPDATED,"{'CASH': 37502964, 'JPM': -280}"
2019-06-28 13:49:00,BID_DEPTH,"[(99003, 499)]"
2019-06-28 13:49:00,ASK_DEPTH,"[(99117, 570)]"
2019-06-28 13:49:00,IMBALANCE,"[499, 570]"
2019-06-28 13:49:00,HOLDINGS_UPDATED,"{'CASH': 37898976, 'JPM': -284}"
2019-06-28 13:50:00,BID_DEPTH,"[(98803, 189)]"
2019-06-28 13:50:00,ASK_DEPTH,"[(99003, 260)]"
2019-06-28 13:50:00,IMBALANCE,"[189, 260]"
2019-06-28 13:50:00,HOLDINGS_UPDATED,"{'CASH': 38294188, 'JPM': -288}"
2019-06-28 13:51:00,BID_DEPTH,"[(98646, 279)]"
2019-06-28 13:51:00,ASK_DEPTH,"[(99003, 260)]"
2019-06-28 13:51:00,IMBALANCE,"[279, 260]"
2019-06-28 13:51:00,HOLDINGS_UPDATED,"{'CASH': 38688772, 'JPM': -292}"
2019-06-28 13:52:00,BID_DEPTH,"[(98645, 171)]"
2019-06-28 13:52:00,ASK_DEPTH,"[(99003, 335)]"
2019-06-28 13:52:00,IMBALANCE,"[171, 335]"
2019-06-28 13:52:00,HOLDINGS_UPDATED,"{'CASH': 39083352, 'JPM': -296}"
2019-06-28 13:53:00,BID_DEPTH,"[(98638, 499)]"
2019-06-28 13:53:00,ASK_DEPTH,"[(99003, 570)]"
2019-06-28 13:53:00,IMBALANCE,"[499, 570]"
2019-06-28 13:53:00,HOLDINGS_UPDATED,"{'CASH': 39477904, 'JPM': -300}"
2019-06-28 13:54:00,BID_DEPTH,"[(98947, 499)]"
2019-06-28 13:54:00,ASK_DEPTH,"[(98990, 570)]"
2019-06-28 13:54:00,IMBALANCE,"[499, 570]"
2019-06-28 13:54:00,HOLDINGS_UPDATED,"{'CASH': 39873692, 'JPM': -304}"
2019-06-28 13:55:00,BID_DEPTH,"[(98772, 264)]"
2019-06-28 13:55:00,ASK_DEPTH,"[(99145, 335)]"
2019-06-28 13:55:00,IMBALANCE,"[264, 335]"
2019-06-28 13:55:00,HOLDINGS_UPDATED,"{'CASH': 40268780, 'JPM': -308}"
2019-06-28 13:56:00,BID_DEPTH,"[(98976, 123)]"
2019-06-28 13:56:00,ASK_DEPTH,"[(99231, 194)]"
2019-06-28 13:56:00,IMBALANCE,"[123, 194]"
2019-06-28 13:56:00,HOLDINGS_UPDATED,"{'CASH': 40664684, 'JPM': -312}"
2019-06-28 13:57:00,BID_DEPTH,"[(98457, 189)]"
2019-06-28 13:57:00,ASK_DEPTH,"[(98976, 171)]"
2019-06-28 13:57:00,IMBALANCE,"[189, 171]"
2019-06-28 13:57:00,HOLDINGS_UPDATED,"{'CASH': 41058512, 'JPM': -316}"
2019-06-28 13:58:00,BID_DEPTH,"[(98457, 30)]"
2019-06-28 13:58:00,ASK_DEPTH,"[(98472, 194)]"
2019-06-28 13:58:00,IMBALANCE,"[30, 194]"
2019-06-28 13:58:00,HOLDINGS_UPDATED,"{'CASH': 41452340, 'JPM': -320}"
2019-06-28 13:59:00,BID_DEPTH,"[(98456, 196)]"
2019-06-28 13:59:00,ASK_DEPTH,"[(98472, 260)]"
2019-06-28 13:59:00,IMBALANCE,"[196, 260]"
2019-06-28 13:59:00,HOLDINGS_UPDATED,"{'CASH': 41846164, 'JPM': -324}"
2019-06-28 14:00:00,BID_DEPTH,"[(98456, 189)]"
2019-06-28 14:00:00,ASK_DEPTH,"[(98472, 260)]"
2019-06-28 14:00:00,IMBALANCE,"[189, 260]"
2019-06-28 14:00:00,HOLDINGS_UPDATED,"{'CASH': 42239988, 'JPM': -328}"
2019-06-28 14:01:00,BID_DEPTH,"[(98456, 406)]"
2019-06-28 14:01:00,ASK_DEPTH,"[(98472, 570)]"
2019-06-28 14:01:00,IMBALANCE,"[406, 570]"
2019-06-28 14:01:00,HOLDINGS_UPDATED,"{'CASH': 42633812, 'JPM': -332}"
2019-06-28 14:02:00,BID_DEPTH,"[(98456, 154)]"
2019-06-28 14:02:00,ASK_DEPTH,"[(98526, 218)]"
2019-06-28 14:02:00,IMBALANCE,"[154, 218]"
2019-06-28 14:02:00,HOLDINGS_UPDATED,"{'CASH': 43027636, 'JPM': -336}"
2019-06-28 14:03:00,BID_DEPTH,"[(98456, 98)]"
2019-06-28 14:03:00,ASK_DEPTH,"[(98525, 260)]"
2019-06-28 14:03:00,IMBALANCE,"[98, 260]"
2019-06-28 14:03:00,HOLDINGS_UPDATED,"{'CASH': 43421460, 'JPM': -340}"
2019-06-28 14:04:00,BID_DEPTH,"[(98456, 606)]"
2019-06-28 14:04:00,ASK_DEPTH,"[(98525, 570)]"
2019-06-28 14:04:00,IMBALANCE,"[606, 570]"
2019-06-28 14:04:00,HOLDINGS_UPDATED,"{'CASH': 43815284, 'JPM': -344}"
2019-06-28 14:05:00,BID_DEPTH,"[(98526, 189)]"
2019-06-28 14:05:00,ASK_DEPTH,"[(98814, 260)]"
2019-06-28 14:05:00,IMBALANCE,"[189, 260]"
2019-06-28 14:05:00,HOLDINGS_UPDATED,"{'CASH': 44209388, 'JPM': -348}"
2019-06-28 14:06:00,BID_DEPTH,"[(98525, 170)]"
2019-06-28 14:06:00,ASK_DEPTH,"[(98874, 335)]"
2019-06-28 14:06:00,IMBALANCE,"[170, 335]"
2019-06-28 14:06:00,HOLDINGS_UPDATED,"{'CASH': 44603488, 'JPM': -352}"
2019-06-28 14:07:00,BID_DEPTH,"[(98456, 501)]"
2019-06-28 14:07:00,ASK_DEPTH,"[(99154, 570)]"
2019-06-28 14:07:00,IMBALANCE,"[501, 570]"
2019-06-28 14:07:00,HOLDINGS_UPDATED,"{'CASH': 44997312, 'JPM': -356}"
2019-06-28 14:08:00,BID_DEPTH,"[(98942, 264)]"
2019-06-28 14:08:00,ASK_DEPTH,"[(99114, 335)]"
2019-06-28 14:08:00,IMBALANCE,"[264, 335]"
2019-06-28 14:08:00,HOLDINGS_UPDATED,"{'CASH': 45393080, 'JPM': -360}"
2019-06-28 14:09:00,BID_DEPTH,"[(98456, 123)]"
2019-06-28 14:09:00,ASK_DEPTH,"[(99114, 194)]"
2019-06-28 14:09:00,IMBALANCE,"[123, 194]"
2019-06-28 14:09:00,HOLDINGS_UPDATED,"{'CASH': 45786904, 'JPM': -364}"
2019-06-28 14:10:00,BID_DEPTH,"[(98880, 123)]"
2019-06-28 14:10:00,ASK_DEPTH,"[(99056, 194)]"
2019-06-28 14:10:00,IMBALANCE,"[123, 194]"
2019-06-28 14:10:00,HOLDINGS_UPDATED,"{'CASH': 46182424, 'JPM': -368}"
2019-06-28 14:11:00,BID_DEPTH,"[(99154, 147)]"
2019-06-28 14:11:00,ASK_DEPTH,"[(99211, 218)]"
2019-06-28 14:11:00,IMBALANCE,"[147, 218]"
2019-06-28 14:11:00,HOLDINGS_UPDATED,"{'CASH': 46579040, 'JPM': -372}"
2019-06-28 14:12:00,BID_DEPTH,"[(99154, 189)]"
2019-06-28 14:12:00,ASK_DEPTH,"[(99211, 260)]"
2019-06-28 14:12:00,IMBALANCE,"[189, 260]"
2019-06-28 14:12:00,HOLDINGS_UPDATED,"{'CASH': 46975656, 'JPM': -376}"
2019-06-28 14:13:00,BID_DEPTH,"[(99209, 123)]"
2019-06-28 14:13:00,ASK_DEPTH,"[(99231, 194)]"
2019-06-28 14:13:00,IMBALANCE,"[123, 194]"
2019-06-28 14:13:00,HOLDINGS_UPDATED,"{'CASH': 47372492, 'JPM': -380}"
2019-06-28 14:14:00,BID_DEPTH,"[(99231, 499)]"
2019-06-28 14:14:00,ASK_DEPTH,"[(99246, 570)]"
2019-06-28 14:14:00,IMBALANCE,"[499, 570]"
2019-06-28 14:14:00,HOLDINGS_UPDATED,"{'CASH': 47769416, 'JPM': -384}"
2019-06-28 14:15:00,BID_DEPTH,"[(99209, 189)]"
2019-06-28 14:15:00,ASK_DEPTH,"[(99420, 260)]"
2019-06-28 14:15:00,IMBALANCE,"[189, 260]"
2019-06-28 14:15:00,HOLDINGS_UPDATED,"{'CASH': 48166252, 'JPM': -388}"
2019-06-28 14:16:00,BID_DEPTH,"[(99154, 123)]"
2019-06-28 14:16:00,ASK_DEPTH,"[(99226, 194)]"
2019-06-28 14:16:00,IMBALANCE,"[123, 194]"
2019-06-28 14:16:00,HOLDINGS_UPDATED,"{'CASH': 48562868, 'JPM': -392}"
2019-06-28 14:17:00,BID_DEPTH,"[(99107, 123)]"
2019-06-28 14:17:00,ASK_DEPTH,"[(99264, 194)]"
2019-06-28 14:17:00,IMBALANCE,"[123, 194]"
2019-06-28 14:17:00,HOLDINGS_UPDATED,"{'CASH': 48959296, 'JPM': -396}"
2019-06-28 14:18:00,BID_DEPTH,"[(99016, 499)]"
2019-06-28 14:18:00,ASK_DEPTH,"[(99107, 481)]"
2019-06-28 14:18:00,IMBALANCE,"[499, 481]"
2019-06-28 14:18:00,HOLDINGS_UPDATED,"{'CASH': 49355360, 'JPM': -400}"
2019-06-28 14:19:00,BID_DEPTH,"[(98217, 264)]"
2019-06-28 14:19:00,ASK_DEPTH,"[(99507, 335)]"
2019-06-28 14:19:00,IMBALANCE,"[264, 335]"
2019-06-28 14:19:00,HOLDINGS_UPDATED,"{'CASH': 49748228, 'JPM': -404}"
2019-06-28 14:20:00,BID_DEPTH,"[(98217, 223)]"
2019-06-28 14:20:00,ASK_DEPTH,"[(99587, 194)]"
2019-06-28 14:20:00,IMBALANCE,"[223, 194]"
2019-06-28 14:20:00,HOLDINGS_UPDATED,"{'CASH': 50141096, 'JPM': -408}"
2019-06-28 14:21:00,BID_DEPTH,"[(99587, 53)]"
2019-06-28 14:21:00,ASK_DEPTH,"[(99977, 218)]"
2019-06-28 14:21:00,IMBALANCE,"[53, 218]"
2019-06-28 14:21:00,HOLDINGS_UPDATED,"{'CASH': 50539444, 'JPM': -412}"
2019-06-28 14:22:00,BID_DEPTH,"[(98217, 259)]"
2019-06-28 14:22:00,ASK_DEPTH,"[(100048, 335)]"
2019-06-28 14:22:00,IMBALANCE,"[259, 335]"
2019-06-28 14:22:00,HOLDINGS_UPDATED,"{'CASH': 50932312, 'JPM': -416}"
2019-06-28 14:23:00,BID_DEPTH,[]
2019-06-28 14:23:00,ASK_DEPTH,"[(100048, 100)]"
2019-06-28 14:23:00,IMBALANCE,"[0, 100]"
2019-06-28 14:24:00,BID_DEPTH,[]
2019-06-28 14:24:00,ASK_DEPTH,"[(100048, 100)]"
2019-06-28 14:24:00,IMBALANCE,"[0, 100]"
2019-06-28 14:25:00,BID_DEPTH,[]
2019-06-28 14:25:00,ASK_DEPTH,"[(100385, 100)]"
2019-06-28 14:25:00,IMBALANCE,"[0, 100]"
2019-06-28 14:26:00,BID_DEPTH,"[(100334, 260)]"
2019-06-28 14:26:00,ASK_DEPTH,"[(100404, 189)]"
2019-06-28 14:26:00,IMBALANCE,"[260, 189]"
2019-06-28 14:26:00,HOLDINGS_UPDATED,"{'CASH': 50530696, 'JPM': -412}"
2019-06-28 14:27:00,BID_DEPTH,"[(100334, 570)]"
2019-06-28 14:27:00,ASK_DEPTH,"[(100602, 499)]"
2019-06-28 14:27:00,IMBALANCE,"[570, 499]"
2019-06-28 14:27:00,HOLDINGS_UPDATED,"{'CASH': 50128288, 'JPM': -408}"
2019-06-28 14:28:00,BID_DEPTH,"[(100603, 194)]"
2019-06-28 14:28:00,ASK_DEPTH,"[(101130, 30)]"
2019-06-28 14:28:00,IMBALANCE,"[194, 30]"
2019-06-28 14:28:00,HOLDINGS_UPDATED,"{'CASH': 49723768, 'JPM': -404}"
2019-06-28 14:29:00,BID_DEPTH,"[(101130, 96)]"
2019-06-28 14:29:00,ASK_DEPTH,"[(101203, 130)]"
2019-06-28 14:29:00,IMBALANCE,"[96, 130]"
2019-06-28 14:29:00,HOLDINGS_UPDATED,"{'CASH': 49318956, 'JPM': -400}"
2019-06-28 14:30:00,BID_DEPTH,"[(101130, 162)]"
2019-06-28 14:30:00,ASK_DEPTH,"[(101268, 96)]"
2019-06-28 14:30:00,IMBALANCE,"[162, 96]"
2019-06-28 14:30:00,HOLDINGS_UPDATED,"{'CASH': 48913884, 'JPM': -396}"
2019-06-28 14:31:00,BID_DEPTH,"[(101130, 120)]"
2019-06-28 14:31:00,ASK_DEPTH,"[(101453, 247)]"
2019-06-28 14:31:00,IMBALANCE,"[120, 247]"
2019-06-28 14:31:00,HOLDINGS_UPDATED,"{'CASH': 48508072, 'JPM': -392}"
2019-06-28 14:32:00,BID_DEPTH,"[(100602, 260)]"
2019-06-28 14:32:00,ASK_DEPTH,"[(101453, 191)]"
2019-06-28 14:32:00,IMBALANCE,"[260, 191]"
2019-06-28 14:32:00,HOLDINGS_UPDATED,"{'CASH': 48102260, 'JPM': -388}"
2019-06-28 14:33:00,BID_DEPTH,"[(100602, 194)]"
2019-06-28 14:33:00,ASK_DEPTH,"[(101453, 30)]"
2019-06-28 14:33:00,IMBALANCE,"[194, 30]"
2019-06-28 14:33:00,HOLDINGS_UPDATED,"{'CASH': 47696448, 'JPM': -384}"
2019-06-28 14:34:00,BID_DEPTH,"[(100602, 260)]"
2019-06-28 14:34:00,ASK_DEPTH,"[(101455, 394)]"
2019-06-28 14:34:00,IMBALANCE,"[260, 394]"
2019-06-28 14:34:00,HOLDINGS_UPDATED,"{'CASH': 47290628, 'JPM': -380}"
2019-06-28 14:35:00,BID_DEPTH,"[(100054, 570)]"
2019-06-28 14:35:00,ASK_DEPTH,"[(100435, 499)]"
2019-06-28 14:35:00,IMBALANCE,"[570, 499]"
2019-06-28 14:35:00,HOLDINGS_UPDATED,"{'CASH': 46888888, 'JPM': -376}"
2019-06-28 14:36:00,BID_DEPTH,"[(100054, 260)]"
2019-06-28 14:36:00,ASK_DEPTH,"[(100435, 189)]"
2019-06-28 14:36:00,IMBALANCE,"[260, 189]"
2019-06-28 14:36:00,HOLDINGS_UPDATED,"{'CASH': 46487148, 'JPM': -372}"
2019-06-28 14:37:00,BID_DEPTH,"[(100023, 194)]"
2019-06-28 14:37:00,ASK_DEPTH,"[(100638, 123)]"
2019-06-28 14:37:00,IMBALANCE,"[194, 123]"
2019-06-28 14:37:00,HOLDINGS_UPDATED,"{'CASH': 46084596, 'JPM': -368}"
2019-06-28 14:38:00,BID_DEPTH,"[(100023, 570)]"
2019-06-28 14:38:00,ASK_DEPTH,"[(101455, 406)]"
2019-06-28 14:38:00,IMBALANCE,"[570, 406]"
2019-06-28 14:38:00,HOLDINGS_UPDATED,"{'CASH': 45678776, 'JPM': -364}"
2019-06-28 14:39:00,BID_DEPTH,"[(99479, 335)]"
2019-06-28 14:39:00,ASK_DEPTH,"[(99744, 264)]"
2019-06-28 14:39:00,IMBALANCE,"[335, 264]"
2019-06-28 14:39:00,HOLDINGS_UPDATED,"{'CASH': 45279800, 'JPM': -360}"
2019-06-28 14:40:00,BID_DEPTH,"[(99744, 260)]"
2019-06-28 14:40:00,ASK_DEPTH,"[(99889, 189)]"
2019-06-28 14:40:00,IMBALANCE,"[260, 189]"
2019-06-28 14:40:00,HOLDINGS_UPDATED,"{'CASH': 44880244, 'JPM': -356}"
2019-06-28 14:41:00,BID_DEPTH,"[(99744, 100)]"
2019-06-28 14:41:00,ASK_DEPTH,[]
2019-06-28 14:41:00,IMBALANCE,"[100, 0]"
2019-06-28 14:42:00,BID_DEPTH,"[(99238, 218)]"
2019-06-28 14:42:00,ASK_DEPTH,"[(99390, 147)]"
2019-06-28 14:42:00,IMBALANCE,"[218, 147]"
2019-06-28 14:42:00,HOLDINGS_UPDATED,"{'CASH': 44482684, 'JPM': -352}"
2019-06-28 14:43:00,BID_DEPTH,"[(98956, 100)]"
2019-06-28 14:43:00,ASK_DEPTH,[]
2019-06-28 14:43:00,IMBALANCE,"[100, 0]"
2019-06-28 14:44:00,BID_DEPTH,"[(98956, 260)]"
2019-06-28 14:44:00,ASK_DEPTH,"[(99177, 189)]"
2019-06-28 14:44:00,IMBALANCE,"[260, 189]"
2019-06-28 14:44:00,HOLDINGS_UPDATED,"{'CASH': 44085976, 'JPM': -348}"
2019-06-28 14:45:00,BID_DEPTH,"[(99177, 335)]"
2019-06-28 14:45:00,ASK_DEPTH,"[(99944, 264)]"
2019-06-28 14:45:00,IMBALANCE,"[335, 264]"
2019-06-28 14:45:00,HOLDINGS_UPDATED,"{'CASH': 43686200, 'JPM': -344}"
2019-06-28 14:46:00,BID_DEPTH,"[(99786, 335)]"
2019-06-28 14:46:00,ASK_DEPTH,"[(100067, 264)]"
2019-06-28 14:46:00,IMBALANCE,"[335, 264]"
2019-06-28 14:46:00,HOLDINGS_UPDATED,"{'CASH': 43285932, 'JPM': -340}"
2019-06-28 14:47:00,BID_DEPTH,"[(99786, 194)]"
2019-06-28 14:47:00,ASK_DEPTH,"[(100024, 123)]"
2019-06-28 14:47:00,IMBALANCE,"[194, 123]"
2019-06-28 14:47:00,HOLDINGS_UPDATED,"{'CASH': 42885836, 'JPM': -336}"
2019-06-28 14:48:00,BID_DEPTH,"[(99786, 570)]"
2019-06-28 14:48:00,ASK_DEPTH,"[(100024, 499)]"
2019-06-28 14:48:00,IMBALANCE,"[570, 499]"
2019-06-28 14:48:00,HOLDINGS_UPDATED,"{'CASH': 42485740, 'JPM': -332}"
2019-06-28 14:49:00,BID_DEPTH,"[(99786, 194)]"
2019-06-28 14:49:00,ASK_DEPTH,"[(99881, 123)]"
2019-06-28 14:49:00,IMBALANCE,"[194, 123]"
2019-06-28 14:49:00,HOLDINGS_UPDATED,"{'CASH': 42086216, 'JPM': -328}"
2019-06-28 14:50:00,BID_DEPTH,"[(99781, 260)]"
2019-06-28 14:50:00,ASK_DEPTH,"[(100067, 189)]"
2019-06-28 14:50:00,IMBALANCE,"[260, 189]"
2019-06-28 14:50:00,HOLDINGS_UPDATED,"{'CASH': 41685948, 'JPM': -324}"
2019-06-28 14:51:00,BID_DEPTH,"[(99717, 570)]"
2019-06-28 14:51:00,ASK_DEPTH,"[(99839, 499)]"
2019-06-28 14:51:00,IMBALANCE,"[570, 499]"
2019-06-28 14:51:00,HOLDINGS_UPDATED,"{'CASH': 41286592, 'JPM': -320}"
2019-06-28 14:52:00,BID_DEPTH,"[(99305, 194)]"
2019-06-28 14:52:00,ASK_DEPTH,"[(99782, 123)]"
2019-06-28 14:52:00,IMBALANCE,"[194, 123]"
2019-06-28 14:52:00,HOLDINGS_UPDATED,"{'CASH': 40887464, 'JPM': -316}"
2019-06-28 14:53:00,BID_DEPTH,"[(99022, 260)]"
2019-06-28 14:53:00,ASK_DEPTH,"[(99782, 289)]"
2019-06-28 14:53:00,IMBALANCE,"[260, 289]"
2019-06-28 14:53:00,HOLDINGS_UPDATED,"{'CASH': 40488336, 'JPM': -312}"
2019-06-28 14:54:00,BID_DEPTH,"[(98861, 194)]"
2019-06-28 14:54:00,ASK_DEPTH,"[(99466, 123)]"
2019-06-28 14:54:00,IMBALANCE,"[194, 123]"
2019-06-28 14:54:00,HOLDINGS_UPDATED,"{'CASH': 40090472, 'JPM': -308}"
2019-06-28 14:55:00,BID_DEPTH,"[(99269, 570)]"
2019-06-28 14:55:00,ASK_DEPTH,"[(99782, 494)]"
2019-06-28 14:55:00,IMBALANCE,"[570, 494]"
2019-06-28 14:55:00,HOLDINGS_UPDATED,"{'CASH': 39691344, 'JPM': -304}"
2019-06-28 14:56:00,BID_DEPTH,"[(99555, 335)]"
2019-06-28 14:56:00,ASK_DEPTH,"[(99782, 364)]"
2019-06-28 14:56:00,IMBALANCE,"[335, 364]"
2019-06-28 14:56:00,HOLDINGS_UPDATED,"{'CASH': 39292216, 'JPM': -300}"
2019-06-28 14:57:00,BID_DEPTH,"[(99269, 260)]"
2019-06-28 14:57:00,ASK_DEPTH,"[(99391, 189)]"
2019-06-28 14:57:00,IMBALANCE,"[260, 189]"
2019-06-28 14:57:00,HOLDINGS_UPDATED,"{'CASH': 38894652, 'JPM': -296}"
2019-06-28 14:58:00,BID_DEPTH,"[(99391, 476)]"
2019-06-28 14:58:00,ASK_DEPTH,"[(99532, 499)]"
2019-06-28 14:58:00,IMBALANCE,"[476, 499]"
2019-06-28 14:58:00,HOLDINGS_UPDATED,"{'CASH': 38496524, 'JPM': -292}"
2019-06-28 14:59:00,BID_DEPTH,"[(99391, 27)]"
2019-06-28 14:59:00,ASK_DEPTH,"[(99917, 194)]"
2019-06-28 14:59:00,IMBALANCE,"[27, 194]"
2019-06-28 14:59:00,HOLDINGS_UPDATED,"{'CASH': 38894088, 'JPM': -296}"
2019-06-28 15:00:00,BID_DEPTH,"[(99270, 123)]"
2019-06-28 15:00:00,ASK_DEPTH,"[(99760, 194)]"
2019-06-28 15:00:00,IMBALANCE,"[123, 194]"
2019-06-28 15:00:00,HOLDINGS_UPDATED,"{'CASH': 39291168, 'JPM': -300}"
2019-06-28 15:01:00,BID_DEPTH,"[(99327, 189)]"
2019-06-28 15:01:00,ASK_DEPTH,"[(99760, 260)]"
2019-06-28 15:01:00,IMBALANCE,"[189, 260]"
2019-06-28 15:01:00,HOLDINGS_UPDATED,"{'CASH': 39688476, 'JPM': -304}"
2019-06-28 15:02:00,BID_DEPTH,"[(99292, 147)]"
2019-06-28 15:02:00,ASK_DEPTH,"[(99313, 218)]"
2019-06-28 15:02:00,IMBALANCE,"[147, 218]"
2019-06-28 15:02:00,HOLDINGS_UPDATED,"{'CASH': 40085644, 'JPM': -308}"
2019-06-28 15:03:00,BID_DEPTH,"[(99270, 147)]"
2019-06-28 15:03:00,ASK_DEPTH,"[(99313, 218)]"
2019-06-28 15:03:00,IMBALANCE,"[147, 218]"
2019-06-28 15:03:00,HOLDINGS_UPDATED,"{'CASH': 40482724, 'JPM': -312}"
2019-06-28 15:04:00,BID_DEPTH,"[(98861, 123)]"
2019-06-28 15:04:00,ASK_DEPTH,"[(98970, 194)]"
2019-06-28 15:04:00,IMBALANCE,"[123, 194]"
2019-06-28 15:04:00,HOLDINGS_UPDATED,"{'CASH': 40878168, 'JPM': -316}"
2019-06-28 15:05:00,BID_DEPTH,"[(98696, 499)]"
2019-06-28 15:05:00,ASK_DEPTH,"[(98970, 570)]"
2019-06-28 15:05:00,IMBALANCE,"[499, 570]"
2019-06-28 15:05:00,HOLDINGS_UPDATED,"{'CASH': 41272952, 'JPM': -320}"
2019-06-28 15:06:00,BID_DEPTH,[]
2019-06-28 15:06:00,ASK_DEPTH,"[(98970, 100)]"
2019-06-28 15:06:00,IMBALANCE,"[0, 100]"
2019-06-28 15:07:00,BID_DEPTH,"[(98352, 147)]"
2019-06-28 15:07:00,ASK_DEPTH,"[(98598, 218)]"
2019-06-28 15:07:00,IMBALANCE,"[147, 218]"
2019-06-28 15:07:00,HOLDINGS_UPDATED,"{'CASH': 41666360, 'JPM': -324}"
2019-06-28 15:08:00,BID_DEPTH,"[(98484, 499)]"
2019-06-28 15:08:00,ASK_DEPTH,"[(98598, 570)]"
2019-06-28 15:08:00,IMBALANCE,"[499, 570]"
2019-06-28 15:08:00,HOLDINGS_UPDATED,"{'CASH': 42060296, 'JPM': -328}"
2019-06-28 15:09:00,BID_DEPTH,"[(98206, 147)]"
2019-06-28 15:09:00,ASK_DEPTH,"[(98970, 218)]"
2019-06-28 15:09:00,IMBALANCE,"[147, 218]"
2019-06-28 15:09:00,HOLDINGS_UPDATED,"{'CASH': 42453120, 'JPM': -332}"
2019-06-28 15:10:00,BID_DEPTH,"[(98153, 147)]"
2019-06-28 15:10:00,ASK_DEPTH,"[(98279, 218)]"
2019-06-28 15:10:00,IMBALANCE,"[147, 218]"
2019-06-28 15:10:00,HOLDINGS_UPDATED,"{'CASH': 42845732, 'JPM': -336}"
2019-06-28 15:11:00,BID_DEPTH,"[(98153, 30)]"
2019-06-28 15:11:00,ASK_DEPTH,"[(98279, 194)]"
2019-06-28 15:11:00,IMBALANCE,"[30, 194]"
2019-06-28 15:11:00,HOLDINGS_UPDATED,"{'CASH': 43238344, 'JPM': -340}"
2019-06-28 15:12:00,BID_DEPTH,"[(97895, 499)]"
2019-06-28 15:12:00,ASK_DEPTH,"[(98050, 471)]"
2019-06-28 15:12:00,IMBALANCE,"[499, 471]"
2019-06-28 15:12:00,HOLDINGS_UPDATED,"{'CASH': 43629924, 'JPM': -344}"
2019-06-28 15:13:00,BID_DEPTH,"[(97895, 406)]"
2019-06-28 15:13:00,ASK_DEPTH,"[(98102, 570)]"
2019-06-28 15:13:00,IMBALANCE,"[406, 570]"
2019-06-28 15:13:00,HOLDINGS_UPDATED,"{'CASH': 44021504, 'JPM': -348}"
2019-06-28 15:14:00,BID_DEPTH,"[(97895, 96)]"
2019-06-28 15:14:00,ASK_DEPTH,"[(98153, 162)]"
2019-06-28 15:14:00,IMBALANCE,"[96, 162]"
2019-06-28 15:14:00,HOLDINGS_UPDATED,"{'CASH': 44413084, 'JPM': -352}"
2019-06-28 15:15:00,BID_DEPTH,"[(98153, 168)]"
2019-06-28 15:15:00,ASK_DEPTH,"[(98279, 335)]"
2019-06-28 15:15:00,IMBALANCE,"[168, 335]"
2019-06-28 15:15:00,HOLDINGS_UPDATED,"{'CASH': 44805696, 'JPM': -356}"
2019-06-28 15:16:00,BID_DEPTH,"[(98153, 264)]"
2019-06-28 15:16:00,ASK_DEPTH,"[(98279, 335)]"
2019-06-28 15:16:00,IMBALANCE,"[264, 335]"
2019-06-28 15:16:00,HOLDINGS_UPDATED,"{'CASH': 45198308, 'JPM': -360}"
2019-06-28 15:17:00,BID_DEPTH,"[(98153, 189)]"
2019-06-28 15:17:00,ASK_DEPTH,"[(98608, 260)]"
2019-06-28 15:17:00,IMBALANCE,"[189, 260]"
2019-06-28 15:17:00,HOLDINGS_UPDATED,"{'CASH': 45590920, 'JPM': -364}"
2019-06-28 15:18:00,BID_DEPTH,"[(98608, 223)]"
2019-06-28 15:18:00,ASK_DEPTH,"[(99270, 194)]"
2019-06-28 15:18:00,IMBALANCE,"[223, 194]"
2019-06-28 15:18:00,HOLDINGS_UPDATED,"{'CASH': 45985352, 'JPM': -368}"
2019-06-28 15:19:00,BID_DEPTH,"[(98609, 264)]"
2019-06-28 15:19:00,ASK_DEPTH,"[(99327, 335)]"
2019-06-28 15:19:00,IMBALANCE,"[264, 335]"
2019-06-28 15:19:00,HOLDINGS_UPDATED,"{'CASH': 46379788, 'JPM': -372}"
2019-06-28 15:20:00,BID_DEPTH,"[(98609, 347)]"
2019-06-28 15:20:00,ASK_DEPTH,"[(99327, 218)]"
2019-06-28 15:20:00,IMBALANCE,"[347, 218]"
2019-06-28 15:20:00,HOLDINGS_UPDATED,"{'CASH': 46774224, 'JPM': -376}"
2019-06-28 15:21:00,BID_DEPTH,"[(98925, 189)]"
2019-06-28 15:21:00,ASK_DEPTH,"[(99327, 260)]"
2019-06-28 15:21:00,IMBALANCE,"[189, 260]"
2019-06-28 15:21:00,HOLDINGS_UPDATED,"{'CASH': 47169924, 'JPM': -380}"
2019-06-28 15:22:00,BID_DEPTH,"[(98927, 264)]"
2019-06-28 15:22:00,ASK_DEPTH,"[(99760, 335)]"
2019-06-28 15:22:00,IMBALANCE,"[264, 335]"
2019-06-28 15:22:00,HOLDINGS_UPDATED,"{'CASH': 47565632, 'JPM': -384}"
2019-06-28 15:23:00,BID_DEPTH,"[(99086, 189)]"
2019-06-28 15:23:00,ASK_DEPTH,"[(99227, 260)]"
2019-06-28 15:23:00,IMBALANCE,"[189, 260]"
2019-06-28 15:23:00,HOLDINGS_UPDATED,"{'CASH': 47961976, 'JPM': -388}"
2019-06-28 15:24:00,BID_DEPTH,"[(98925, 264)]"
2019-06-28 15:24:00,ASK_DEPTH,"[(99227, 335)]"
2019-06-28 15:24:00,IMBALANCE,"[264, 335]"
2019-06-28 15:24:00,HOLDINGS_UPDATED,"{'CASH': 48357676, 'JPM': -392}"
2019-06-28 15:25:00,BID_DEPTH,"[(98925, 147)]"
2019-06-28 15:25:00,ASK_DEPTH,"[(99566, 218)]"
2019-06-28 15:25:00,IMBALANCE,"[147, 218]"
2019-06-28 15:25:00,HOLDINGS_UPDATED,"{'CASH': 48753376, 'JPM': -396}"
2019-06-28 15:26:00,BID_DEPTH,"[(99465, 189)]"
2019-06-28 15:26:00,ASK_DEPTH,"[(99760, 260)]"
2019-06-28 15:26:00,IMBALANCE,"[189, 260]"
2019-06-28 15:26:00,HOLDINGS_UPDATED,"{'CASH': 49151236, 'JPM': -400}"
2019-06-28 15:27:00,BID_DEPTH,"[(99465, 189)]"
2019-06-28 15:27:00,ASK_DEPTH,"[(100197, 260)]"
2019-06-28 15:27:00,IMBALANCE,"[189, 260]"
2019-06-28 15:27:00,HOLDINGS_UPDATED,"{'CASH': 49549096, 'JPM': -404}"
2019-06-28 15:28:00,BID_DEPTH,"[(99465, 147)]"
2019-06-28 15:28:00,ASK_DEPTH,"[(100197, 218)]"
2019-06-28 15:28:00,IMBALANCE,"[147, 218]"
2019-06-28 15:28:00,HOLDINGS_UPDATED,"{'CASH': 49946956, 'JPM': -408}"
2019-06-28 15:29:00,BID_DEPTH,"[(99465, 364)]"
2019-06-28 15:29:00,ASK_DEPTH,"[(100197, 335)]"
2019-06-28 15:29:00,IMBALANCE,"[364, 335]"
2019-06-28 15:29:00,HOLDINGS_UPDATED,"{'CASH': 50344816, 'JPM': -412}"
2019-06-28 15:30:00,BID_DEPTH,"[(100083, 189)]"
2019-06-28 15:30:00,ASK_DEPTH,"[(100193, 260)]"
2019-06-28 15:30:00,IMBALANCE,"[189, 260]"
2019-06-28 15:30:00,HOLDINGS_UPDATED,"{'CASH': 50745148, 'JPM': -416}"
2019-06-28 15:31:00,BID_DEPTH,"[(100072, 123)]"
2019-06-28 15:31:00,ASK_DEPTH,"[(100193, 194)]"
2019-06-28 15:31:00,IMBALANCE,"[123, 194]"
2019-06-28 15:31:00,HOLDINGS_UPDATED,"{'CASH': 51145436, 'JPM': -420}"
2019-06-28 15:32:00,BID_DEPTH,"[(99465, 142)]"
2019-06-28 15:32:00,ASK_DEPTH,"[(100318, 218)]"
2019-06-28 15:32:00,IMBALANCE,"[142, 218]"
2019-06-28 15:32:00,HOLDINGS_UPDATED,"{'CASH': 51543296, 'JPM': -424}"
2019-06-28 15:33:00,BID_DEPTH,"[(100319, 570)]"
2019-06-28 15:33:00,ASK_DEPTH,"[(100573, 499)]"
2019-06-28 15:33:00,IMBALANCE,"[570, 499]"
2019-06-28 15:33:00,HOLDINGS_UPDATED,"{'CASH': 51141004, 'JPM': -420}"
2019-06-28 15:34:00,BID_DEPTH,"[(100319, 335)]"
2019-06-28 15:34:00,ASK_DEPTH,"[(100822, 264)]"
2019-06-28 15:34:00,IMBALANCE,"[335, 264]"
2019-06-28 15:34:00,HOLDINGS_UPDATED,"{'CASH': 50737716, 'JPM': -416}"
2019-06-28 15:35:00,BID_DEPTH,"[(100319, 335)]"
2019-06-28 15:35:00,ASK_DEPTH,"[(100926, 264)]"
2019-06-28 15:35:00,IMBALANCE,"[335, 264]"
2019-06-28 15:35:00,HOLDINGS_UPDATED,"{'CASH': 50334012, 'JPM': -412}"
2019-06-28 15:36:00,BID_DEPTH,"[(100926, 260)]"
2019-06-28 15:36:00,ASK_DEPTH,"[(101104, 189)]"
2019-06-28 15:36:00,IMBALANCE,"[260, 189]"
2019-06-28 15:36:00,HOLDINGS_UPDATED,"{'CASH': 49929596, 'JPM': -408}"
2019-06-28 15:37:00,BID_DEPTH,"[(100926, 260)]"
2019-06-28 15:37:00,ASK_DEPTH,"[(101104, 96)]"
2019-06-28 15:37:00,IMBALANCE,"[260, 96]"
2019-06-28 15:37:00,HOLDINGS_UPDATED,"{'CASH': 49525180, 'JPM': -404}"
2019-06-28 15:38:00,BID_DEPTH,"[(101104, 218)]"
2019-06-28 15:38:00,ASK_DEPTH,"[(101234, 147)]"
2019-06-28 15:38:00,IMBALANCE,"[218, 147]"
2019-06-28 15:38:00,HOLDINGS_UPDATED,"{'CASH': 49120244, 'JPM': -400}"
2019-06-28 15:39:00,BID_DEPTH,"[(101059, 218)]"
2019-06-28 15:39:00,ASK_DEPTH,"[(101185, 147)]"
2019-06-28 15:39:00,IMBALANCE,"[218, 147]"
2019-06-28 15:39:00,HOLDINGS_UPDATED,"{'CASH': 48715504, 'JPM': -396}"
2019-06-28 15:40:00,BID_DEPTH,"[(101059, 194)]"
2019-06-28 15:40:00,ASK_DEPTH,"[(101185, 130)]"
2019-06-28 15:40:00,IMBALANCE,"[194, 130]"
2019-06-28 15:40:00,HOLDINGS_UPDATED,"{'CASH': 48310764, 'JPM': -392}"
2019-06-28 15:41:00,BID_DEPTH,"[(101059, 570)]"
2019-06-28 15:41:00,ASK_DEPTH,"[(101234, 406)]"
2019-06-28 15:41:00,IMBALANCE,"[570, 406]"
2019-06-28 15:41:00,HOLDINGS_UPDATED,"{'CASH': 47905828, 'JPM': -388}"
2019-06-28 15:42:00,BID_DEPTH,"[(101059, 335)]"
2019-06-28 15:42:00,ASK_DEPTH,"[(101258, 264)]"
2019-06-28 15:42:00,IMBALANCE,"[335, 264]"
2019-06-28 15:42:00,HOLDINGS_UPDATED,"{'CASH': 47500796, 'JPM': -384}"
2019-06-28 15:43:00,BID_DEPTH,"[(101258, 251)]"
2019-06-28 15:43:00,ASK_DEPTH,"[(101329, 147)]"
2019-06-28 15:43:00,IMBALANCE,"[251, 147]"
2019-06-28 15:43:00,HOLDINGS_UPDATED,"{'CASH': 47095480, 'JPM': -380}"
2019-06-28 15:44:00,BID_DEPTH,"[(101059, 218)]"
2019-06-28 15:44:00,ASK_DEPTH,"[(101329, 54)]"
2019-06-28 15:44:00,IMBALANCE,"[218, 54]"
2019-06-28 15:44:00,HOLDINGS_UPDATED,"{'CASH': 46690164, 'JPM': -376}"
2019-06-28 15:45:00,BID_DEPTH,"[(101117, 335)]"
2019-06-28 15:45:00,ASK_DEPTH,"[(101329, 171)]"
2019-06-28 15:45:00,IMBALANCE,"[335, 171]"
2019-06-28 15:45:00,HOLDINGS_UPDATED,"{'CASH': 46284848, 'JPM': -372}"
2019-06-28 15:46:00,BID_DEPTH,"[(101104, 218)]"
2019-06-28 15:46:00,ASK_DEPTH,"[(101146, 147)]"
2019-06-28 15:46:00,IMBALANCE,"[218, 147]"
2019-06-28 15:46:00,HOLDINGS_UPDATED,"{'CASH': 45880264, 'JPM': -368}"
2019-06-28 15:47:00,BID_DEPTH,"[(100820, 194)]"
2019-06-28 15:47:00,ASK_DEPTH,"[(101329, 30)]"
2019-06-28 15:47:00,IMBALANCE,"[194, 30]"
2019-06-28 15:47:00,HOLDINGS_UPDATED,"{'CASH': 45474948, 'JPM': -364}"
2019-06-28 15:48:00,BID_DEPTH,"[(100964, 194)]"
2019-06-28 15:48:00,ASK_DEPTH,"[(101329, 121)]"
2019-06-28 15:48:00,IMBALANCE,"[194, 121]"
2019-06-28 15:48:00,HOLDINGS_UPDATED,"{'CASH': 45069632, 'JPM': -360}"
2019-06-28 15:49:00,BID_DEPTH,"[(100820, 218)]"
2019-06-28 15:49:00,ASK_DEPTH,"[(100983, 147)]"
2019-06-28 15:49:00,IMBALANCE,"[218, 147]"
2019-06-28 15:49:00,HOLDINGS_UPDATED,"{'CASH': 44665700, 'JPM': -356}"
2019-06-28 15:50:00,BID_DEPTH,"[(100820, 194)]"
2019-06-28 15:50:00,ASK_DEPTH,"[(101454, 128)]"
2019-06-28 15:50:00,IMBALANCE,"[194, 128]"
2019-06-28 15:50:00,HOLDINGS_UPDATED,"{'CASH': 44259884, 'JPM': -352}"
2019-06-28 15:51:00,BID_DEPTH,"[(100820, 260)]"
2019-06-28 15:51:00,ASK_DEPTH,"[(101557, 189)]"
2019-06-28 15:51:00,IMBALANCE,"[260, 189]"
2019-06-28 15:51:00,HOLDINGS_UPDATED,"{'CASH': 43853656, 'JPM': -348}"
2019-06-28 15:52:00,BID_DEPTH,"[(100736, 100)]"
2019-06-28 15:52:00,ASK_DEPTH,[]
2019-06-28 15:52:00,IMBALANCE,"[100, 0]"
2019-06-28 15:53:00,BID_DEPTH,"[(100736, 218)]"
2019-06-28 15:53:00,ASK_DEPTH,"[(100820, 147)]"
2019-06-28 15:53:00,IMBALANCE,"[218, 147]"
2019-06-28 15:53:00,HOLDINGS_UPDATED,"{'CASH': 43450376, 'JPM': -344}"
2019-06-28 15:54:00,BID_DEPTH,"[(99985, 100)]"
2019-06-28 15:54:00,ASK_DEPTH,[]
2019-06-28 15:54:00,IMBALANCE,"[100, 0]"
2019-06-28 15:55:00,BID_DEPTH,"[(99985, 335)]"
2019-06-28 15:55:00,ASK_DEPTH,"[(100274, 264)]"
2019-06-28 15:55:00,IMBALANCE,"[335, 264]"
2019-06-28 15:55:00,HOLDINGS_UPDATED,"{'CASH': 43049280, 'JPM': -340}"
2019-06-28 15:56:00,BID_DEPTH,"[(99985, 194)]"
2019-06-28 15:56:00,ASK_DEPTH,"[(100341, 123)]"
2019-06-28 15:56:00,IMBALANCE,"[194, 123]"
2019-06-28 15:56:00,HOLDINGS_UPDATED,"{'CASH': 42647916, 'JPM': -336}"
2019-06-28 15:57:00,BID_DEPTH,"[(99946, 335)]"
2019-06-28 15:57:00,ASK_DEPTH,"[(100341, 264)]"
2019-06-28 15:57:00,IMBALANCE,"[335, 264]"
2019-06-28 15:57:00,HOLDINGS_UPDATED,"{'CASH': 42246552, 'JPM': -332}"
2019-06-28 15:58:00,BID_DEPTH,"[(99946, 194)]"
2019-06-28 15:58:00,ASK_DEPTH,"[(100341, 123)]"
2019-06-28 15:58:00,IMBALANCE,"[194, 123]"
2019-06-28 15:58:00,HOLDINGS_UPDATED,"{'CASH': 41845188, 'JPM': -328}"
2019-06-28 15:59:00,BID_DEPTH,"[(99353, 570)]"
2019-06-28 15:59:00,ASK_DEPTH,"[(99358, 499)]"
2019-06-28 15:59:00,IMBALANCE,"[570, 499]"
2019-06-28 15:59:00,HOLDINGS_UPDATED,"{'CASH': 41447756, 'JPM': -324}"
2019-06-28 16:00:00,BID_DEPTH,"[(99193, 260)]"
2019-06-28 16:00:00,ASK_DEPTH,"[(99464, 189)]"
2019-06-28 16:00:00,IMBALANCE,"[260, 189]"
2019-06-28 16:00:00,HOLDINGS_UPDATED,"{'CASH': 41049900, 'JPM': -320}"
2019-06-28 16:01:00,BID_DEPTH,"[(99193, 260)]"
2019-06-28 16:01:00,ASK_DEPTH,"[(99464, 155)]"
2019-06-28 16:01:00,IMBALANCE,"[260, 155]"
2019-06-28 16:01:00,MKT_CLOSED,
2019-06-28 16:01:00,FINAL_HOLDINGS,"{ JPM: -320, CASH: 41049900 }"
2019-06-28 16:01:00,FINAL_CASH_POSITION,41049900
2019-06-28 16:01:00,MARK_TO_MARKET,-320 JPM @ 99464 == -31828480
2019-06-28 16:01:00,MARKED_TO_MARKET,9221420
2019-06-28 16:01:00,ENDING_CASH,9221420
