EventTime,EventType,Event
,AGENT_TYPE,MomentumAgent
,STARTING_CASH,10000000
2019-06-28 09:30:00,HOLDINGS_UPDATED,{'CASH': 10000000}
2019-06-28 09:31:00,BID_DEPTH,"[(99985, 214)]"
2019-06-28 09:31:00,ASK_DEPTH,"[(100009, 214)]"
2019-06-28 09:31:00,IMBALANCE,"[214, 214]"
2019-06-28 09:32:00,BID_DEPTH,"[(99984, 192)]"
2019-06-28 09:32:00,ASK_DEPTH,"[(99994, 192)]"
2019-06-28 09:32:00,IMBALANCE,"[192, 192]"
2019-06-28 09:33:00,BID_DEPTH,"[(99957, 314)]"
2019-06-28 09:33:00,ASK_DEPTH,"[(99994, 214)]"
2019-06-28 09:33:00,IMBALANCE,"[314, 214]"
2019-06-28 09:34:00,BID_DEPTH,"[(99956, 256)]"
2019-06-28 09:34:00,ASK_DEPTH,"[(99994, 256)]"
2019-06-28 09:34:00,IMBALANCE,"[256, 256]"
2019-06-28 09:35:00,BID_DEPTH,"[(99947, 214)]"
2019-06-28 09:35:00,ASK_DEPTH,"[(99994, 214)]"
2019-06-28 09:35:00,IMBALANCE,"[214, 214]"
2019-06-28 09:36:00,BID_DEPTH,"[(99913, 192)]"
2019-06-28 09:36:00,ASK_DEPTH,"[(99943, 200)]"
2019-06-28 09:36:00,IMBALANCE,"[192, 200]"
2019-06-28 09:37:00,BID_DEPTH,"[(99888, 292)]"
2019-06-28 09:37:00,ASK_DEPTH,"[(99913, 192)]"
2019-06-28 09:37:00,IMBALANCE,"[292, 192]"
2019-06-28 09:38:00,BID_DEPTH,"[(99888, 329)]"
2019-06-28 09:38:00,ASK_DEPTH,"[(99906, 329)]"
2019-06-28 09:38:00,IMBALANCE,"[329, 329]"
2019-06-28 09:39:00,BID_DEPTH,"[(99433, 558)]"
2019-06-28 09:39:00,ASK_DEPTH,"[(99886, 466)]"
2019-06-28 09:39:00,IMBALANCE,"[558, 466]"
2019-06-28 09:40:00,BID_DEPTH,"[(99433, 256)]"
2019-06-28 09:40:00,ASK_DEPTH,"[(99851, 256)]"
2019-06-28 09:40:00,IMBALANCE,"[256, 256]"
2019-06-28 09:41:00,BID_DEPTH,"[(99319, 214)]"
2019-06-28 09:41:00,ASK_DEPTH,"[(99851, 214)]"
2019-06-28 09:41:00,IMBALANCE,"[214, 214]"
2019-06-28 09:42:00,BID_DEPTH,"[(99314, 256)]"
2019-06-28 09:42:00,ASK_DEPTH,"[(99851, 256)]"
2019-06-28 09:42:00,IMBALANCE,"[256, 256]"
2019-06-28 09:43:00,BID_DEPTH,"[(99846, 192)]"
2019-06-28 09:43:00,ASK_DEPTH,"[(99851, 192)]"
2019-06-28 09:43:00,IMBALANCE,"[192, 192]"
2019-06-28 09:44:00,BID_DEPTH,"[(99846, 214)]"
2019-06-28 09:44:00,ASK_DEPTH,"[(99886, 122)]"
2019-06-28 09:44:00,IMBALANCE,"[214, 122]"
2019-06-28 09:45:00,BID_DEPTH,"[(99825, 192)]"
2019-06-28 09:45:00,ASK_DEPTH,"[(99906, 192)]"
2019-06-28 09:45:00,IMBALANCE,"[192, 192]"
2019-06-28 09:46:00,BID_DEPTH,"[(99847, 256)]"
2019-06-28 09:46:00,ASK_DEPTH,"[(99906, 256)]"
2019-06-28 09:46:00,IMBALANCE,"[256, 256]"
2019-06-28 09:47:00,BID_DEPTH,"[(99847, 558)]"
2019-06-28 09:47:00,ASK_DEPTH,"[(99906, 558)]"
2019-06-28 09:47:00,IMBALANCE,"[558, 558]"
2019-06-28 09:48:00,BID_DEPTH,"[(99847, 256)]"
2019-06-28 09:48:00,ASK_DEPTH,"[(99917, 256)]"
2019-06-28 09:48:00,IMBALANCE,"[256, 256]"
2019-06-28 09:49:00,BID_DEPTH,"[(99847, 558)]"
2019-06-28 09:49:00,ASK_DEPTH,"[(99994, 558)]"
2019-06-28 09:49:00,IMBALANCE,"[558, 558]"
2019-06-28 09:50:00,BID_DEPTH,"[(99994, 558)]"
2019-06-28 09:50:00,ASK_DEPTH,"[(100044, 558)]"
2019-06-28 09:50:00,IMBALANCE,"[558, 558]"
2019-06-28 09:51:00,BID_DEPTH,"[(99995, 256)]"
2019-06-28 09:51:00,ASK_DEPTH,"[(100094, 256)]"
2019-06-28 09:51:00,IMBALANCE,"[256, 256]"
2019-06-28 09:52:00,BID_DEPTH,"[(99995, 214)]"
2019-06-28 09:52:00,ASK_DEPTH,"[(100094, 214)]"
2019-06-28 09:52:00,IMBALANCE,"[214, 214]"
2019-06-28 09:53:00,BID_DEPTH,"[(99994, 329)]"
2019-06-28 09:53:00,ASK_DEPTH,"[(100094, 329)]"
2019-06-28 09:53:00,IMBALANCE,"[329, 329]"
2019-06-28 09:54:00,BID_DEPTH,"[(99994, 192)]"
2019-06-28 09:54:00,ASK_DEPTH,"[(100094, 192)]"
2019-06-28 09:54:00,IMBALANCE,"[192, 192]"
2019-06-28 09:55:00,BID_DEPTH,"[(99847, 214)]"
2019-06-28 09:55:00,ASK_DEPTH,"[(100092, 214)]"
2019-06-28 09:55:00,IMBALANCE,"[214, 214]"
2019-06-28 09:56:00,BID_DEPTH,"[(99361, 256)]"
2019-06-28 09:56:00,ASK_DEPTH,"[(99376, 256)]"
2019-06-28 09:56:00,IMBALANCE,"[256, 256]"
2019-06-28 09:57:00,BID_DEPTH,"[(99361, 214)]"
2019-06-28 09:57:00,ASK_DEPTH,"[(99376, 214)]"
2019-06-28 09:57:00,IMBALANCE,"[214, 214]"
2019-06-28 09:58:00,BID_DEPTH,"[(99326, 256)]"
2019-06-28 09:58:00,ASK_DEPTH,"[(99361, 256)]"
2019-06-28 09:58:00,IMBALANCE,"[256, 256]"
2019-06-28 09:59:00,BID_DEPTH,"[(99230, 256)]"
2019-06-28 09:59:00,ASK_DEPTH,"[(99327, 256)]"
2019-06-28 09:59:00,IMBALANCE,"[256, 256]"
2019-06-28 10:00:00,BID_DEPTH,"[(99230, 214)]"
2019-06-28 10:00:00,ASK_DEPTH,"[(99273, 214)]"
2019-06-28 10:00:00,IMBALANCE,"[214, 214]"
2019-06-28 10:01:00,BID_DEPTH,"[(99274, 256)]"
2019-06-28 10:01:00,ASK_DEPTH,"[(99327, 256)]"
2019-06-28 10:01:00,IMBALANCE,"[256, 256]"
2019-06-28 10:02:00,BID_DEPTH,"[(99327, 214)]"
2019-06-28 10:02:00,ASK_DEPTH,"[(99361, 214)]"
2019-06-28 10:02:00,IMBALANCE,"[214, 214]"
2019-06-28 10:03:00,BID_DEPTH,"[(99327, 558)]"
2019-06-28 10:03:00,ASK_DEPTH,"[(99376, 558)]"
2019-06-28 10:03:00,IMBALANCE,"[558, 558]"
2019-06-28 10:04:00,BID_DEPTH,"[(99327, 192)]"
2019-06-28 10:04:00,ASK_DEPTH,"[(99376, 192)]"
2019-06-28 10:04:00,IMBALANCE,"[192, 192]"
2019-06-28 10:05:00,BID_DEPTH,"[(99361, 558)]"
2019-06-28 10:05:00,ASK_DEPTH,"[(99542, 558)]"
2019-06-28 10:05:00,IMBALANCE,"[558, 558]"
2019-06-28 10:06:00,BID_DEPTH,"[(99513, 214)]"
2019-06-28 10:06:00,ASK_DEPTH,"[(99549, 214)]"
2019-06-28 10:06:00,IMBALANCE,"[214, 214]"
2019-06-28 10:07:00,BID_DEPTH,"[(99513, 314)]"
2019-06-28 10:07:00,ASK_DEPTH,"[(99549, 214)]"
2019-06-28 10:07:00,IMBALANCE,"[314, 214]"
2019-06-28 10:08:00,BID_DEPTH,"[(99541, 214)]"
2019-06-28 10:08:00,ASK_DEPTH,"[(99671, 214)]"
2019-06-28 10:08:00,IMBALANCE,"[214, 214]"
2019-06-28 10:09:00,BID_DEPTH,"[(99541, 558)]"
2019-06-28 10:09:00,ASK_DEPTH,"[(99711, 558)]"
2019-06-28 10:09:00,IMBALANCE,"[558, 558]"
2019-06-28 10:10:00,BID_DEPTH,"[(99711, 256)]"
2019-06-28 10:10:00,ASK_DEPTH,"[(99720, 256)]"
2019-06-28 10:10:00,IMBALANCE,"[256, 256]"
2019-06-28 10:11:00,BID_DEPTH,"[(99896, 214)]"
2019-06-28 10:11:00,ASK_DEPTH,"[(99968, 214)]"
2019-06-28 10:11:00,IMBALANCE,"[214, 214]"
2019-06-28 10:12:00,BID_DEPTH,"[(99925, 256)]"
2019-06-28 10:12:00,ASK_DEPTH,"[(99968, 256)]"
2019-06-28 10:12:00,IMBALANCE,"[256, 256]"
2019-06-28 10:13:00,BID_DEPTH,"[(99925, 558)]"
2019-06-28 10:13:00,ASK_DEPTH,"[(99966, 558)]"
2019-06-28 10:13:00,IMBALANCE,"[558, 558]"
2019-06-28 10:14:00,BID_DEPTH,"[(99925, 329)]"
2019-06-28 10:14:00,ASK_DEPTH,"[(99966, 429)]"
2019-06-28 10:14:00,IMBALANCE,"[329, 429]"
2019-06-28 10:15:00,BID_DEPTH,"[(99925, 329)]"
2019-06-28 10:15:00,ASK_DEPTH,"[(99966, 429)]"
2019-06-28 10:15:00,IMBALANCE,"[329, 429]"
2019-06-28 10:16:00,BID_DEPTH,"[(99896, 558)]"
2019-06-28 10:16:00,ASK_DEPTH,"[(99966, 658)]"
2019-06-28 10:16:00,IMBALANCE,"[558, 658]"
2019-06-28 10:17:00,BID_DEPTH,"[(99896, 329)]"
2019-06-28 10:17:00,ASK_DEPTH,"[(99925, 529)]"
2019-06-28 10:17:00,IMBALANCE,"[329, 529]"
2019-06-28 10:18:00,BID_DEPTH,"[(99720, 356)]"
2019-06-28 10:18:00,ASK_DEPTH,"[(99925, 456)]"
2019-06-28 10:18:00,IMBALANCE,"[356, 456]"
2019-06-28 10:19:00,BID_DEPTH,"[(99720, 658)]"
2019-06-28 10:19:00,ASK_DEPTH,"[(99736, 558)]"
2019-06-28 10:19:00,IMBALANCE,"[658, 558]"
2019-06-28 10:20:00,BID_DEPTH,"[(99717, 329)]"
2019-06-28 10:20:00,ASK_DEPTH,"[(99736, 329)]"
2019-06-28 10:20:00,IMBALANCE,"[329, 329]"
2019-06-28 10:21:00,BID_DEPTH,"[(99711, 502)]"
2019-06-28 10:21:00,ASK_DEPTH,"[(99736, 558)]"
2019-06-28 10:21:00,IMBALANCE,"[502, 558]"
2019-06-28 10:21:00,HOLDINGS_UPDATED,"{'CASH': 10697977, 'JPM': -7}"
2019-06-28 10:22:00,BID_DEPTH,"[(99703, 200)]"
2019-06-28 10:22:00,ASK_DEPTH,"[(99736, 256)]"
2019-06-28 10:22:00,IMBALANCE,"[200, 256]"
2019-06-28 10:22:00,HOLDINGS_UPDATED,"{'CASH': 11395898, 'JPM': -14}"
2019-06-28 10:23:00,BID_DEPTH,"[(99618, 192)]"
2019-06-28 10:23:00,ASK_DEPTH,"[(99703, 136)]"
2019-06-28 10:23:00,IMBALANCE,"[192, 136]"
2019-06-28 10:23:00,HOLDINGS_UPDATED,"{'CASH': 10697977, 'JPM': -7}"
2019-06-28 10:24:00,BID_DEPTH,"[(99618, 214)]"
2019-06-28 10:24:00,ASK_DEPTH,"[(99703, 158)]"
2019-06-28 10:24:00,IMBALANCE,"[214, 158]"
2019-06-28 10:24:00,HOLDINGS_UPDATED,{'CASH': 10000056}
2019-06-28 10:25:00,BID_DEPTH,"[(99618, 214)]"
2019-06-28 10:25:00,ASK_DEPTH,"[(99703, 158)]"
2019-06-28 10:25:00,IMBALANCE,"[214, 158]"
2019-06-28 10:25:00,HOLDINGS_UPDATED,"{'CASH': 9302135, 'JPM': 7}"
2019-06-28 10:26:00,BID_DEPTH,"[(99545, 329)]"
2019-06-28 10:26:00,ASK_DEPTH,"[(99602, 273)]"
2019-06-28 10:26:00,IMBALANCE,"[329, 273]"
2019-06-28 10:26:00,HOLDINGS_UPDATED,"{'CASH': 8604921, 'JPM': 14}"
2019-06-28 10:27:00,BID_DEPTH,"[(99545, 192)]"
2019-06-28 10:27:00,ASK_DEPTH,"[(99793, 136)]"
2019-06-28 10:27:00,IMBALANCE,"[192, 136]"
2019-06-28 10:27:00,HOLDINGS_UPDATED,"{'CASH': 7906370, 'JPM': 21}"
2019-06-28 10:28:00,BID_DEPTH,"[(99793, 265)]"
2019-06-28 10:28:00,ASK_DEPTH,"[(100019, 273)]"
2019-06-28 10:28:00,IMBALANCE,"[265, 273]"
2019-06-28 10:28:00,HOLDINGS_UPDATED,"{'CASH': 7206237, 'JPM': 28}"
2019-06-28 10:29:00,BID_DEPTH,"[(99793, 192)]"
2019-06-28 10:29:00,ASK_DEPTH,"[(100161, 200)]"
2019-06-28 10:29:00,IMBALANCE,"[192, 200]"
2019-06-28 10:29:00,HOLDINGS_UPDATED,"{'CASH': 6505110, 'JPM': 35}"
2019-06-28 10:30:00,BID_DEPTH,"[(99793, 192)]"
2019-06-28 10:30:00,ASK_DEPTH,"[(100191, 200)]"
2019-06-28 10:30:00,IMBALANCE,"[192, 200]"
2019-06-28 10:30:00,HOLDINGS_UPDATED,"{'CASH': 5803773, 'JPM': 42}"
2019-06-28 10:31:00,BID_DEPTH,"[(100191, 256)]"
2019-06-28 10:31:00,ASK_DEPTH,"[(100654, 200)]"
2019-06-28 10:31:00,IMBALANCE,"[256, 200]"
2019-06-28 10:31:00,HOLDINGS_UPDATED,"{'CASH': 5099195, 'JPM': 49}"
2019-06-28 10:32:00,BID_DEPTH,"[(100654, 214)]"
2019-06-28 10:32:00,ASK_DEPTH,"[(101375, 158)]"
2019-06-28 10:32:00,IMBALANCE,"[214, 158]"
2019-06-28 10:32:00,HOLDINGS_UPDATED,"{'CASH': 4389570, 'JPM': 56}"
2019-06-28 10:33:00,BID_DEPTH,"[(100654, 329)]"
2019-06-28 10:33:00,ASK_DEPTH,"[(100974, 273)]"
2019-06-28 10:33:00,IMBALANCE,"[329, 273]"
2019-06-28 10:33:00,HOLDINGS_UPDATED,"{'CASH': 3682752, 'JPM': 63}"
2019-06-28 10:34:00,BID_DEPTH,"[(100974, 214)]"
2019-06-28 10:34:00,ASK_DEPTH,"[(101644, 158)]"
2019-06-28 10:34:00,IMBALANCE,"[214, 158]"
2019-06-28 10:34:00,HOLDINGS_UPDATED,"{'CASH': 2971244, 'JPM': 70}"
2019-06-28 10:35:00,BID_DEPTH,"[(101469, 192)]"
2019-06-28 10:35:00,ASK_DEPTH,"[(101511, 136)]"
2019-06-28 10:35:00,IMBALANCE,"[192, 136]"
2019-06-28 10:35:00,HOLDINGS_UPDATED,"{'CASH': 2260667, 'JPM': 77}"
2019-06-28 10:36:00,BID_DEPTH,"[(101460, 558)]"
2019-06-28 10:36:00,ASK_DEPTH,"[(101529, 502)]"
2019-06-28 10:36:00,IMBALANCE,"[558, 502]"
2019-06-28 10:36:00,HOLDINGS_UPDATED,"{'CASH': 1549964, 'JPM': 84}"
2019-06-28 10:37:00,BID_DEPTH,"[(101358, 192)]"
2019-06-28 10:37:00,ASK_DEPTH,"[(101529, 136)]"
2019-06-28 10:37:00,IMBALANCE,"[192, 136]"
2019-06-28 10:37:00,HOLDINGS_UPDATED,"{'CASH': 839261, 'JPM': 91}"
2019-06-28 10:38:00,BID_DEPTH,"[(101358, 558)]"
2019-06-28 10:38:00,ASK_DEPTH,"[(101529, 502)]"
2019-06-28 10:38:00,IMBALANCE,"[558, 502]"
2019-06-28 10:38:00,HOLDINGS_UPDATED,"{'CASH': 128558, 'JPM': 98}"
2019-06-28 10:39:00,BID_DEPTH,"[(101226, 214)]"
2019-06-28 10:39:00,ASK_DEPTH,"[(101529, 158)]"
2019-06-28 10:39:00,IMBALANCE,"[214, 158]"
2019-06-28 10:39:00,HOLDINGS_UPDATED,"{'CASH': -582145, 'JPM': 105}"
2019-06-28 10:40:00,BID_DEPTH,"[(100654, 192)]"
2019-06-28 10:40:00,ASK_DEPTH,"[(102001, 136)]"
2019-06-28 10:40:00,IMBALANCE,"[192, 136]"
2019-06-28 10:40:00,HOLDINGS_UPDATED,"{'CASH': -1296152, 'JPM': 112}"
2019-06-28 10:41:00,BID_DEPTH,"[(100328, 100)]"
2019-06-28 10:41:00,ASK_DEPTH,[]
2019-06-28 10:41:00,IMBALANCE,"[100, 0]"
2019-06-28 10:42:00,BID_DEPTH,"[(100233, 329)]"
2019-06-28 10:42:00,ASK_DEPTH,"[(100328, 273)]"
2019-06-28 10:42:00,IMBALANCE,"[329, 273]"
2019-06-28 10:42:00,HOLDINGS_UPDATED,"{'CASH': -1998448, 'JPM': 119}"
2019-06-28 10:43:00,BID_DEPTH,"[(100233, 256)]"
2019-06-28 10:43:00,ASK_DEPTH,"[(100417, 200)]"
2019-06-28 10:43:00,IMBALANCE,"[256, 200]"
2019-06-28 10:43:00,HOLDINGS_UPDATED,"{'CASH': -2701367, 'JPM': 126}"
2019-06-28 10:44:00,BID_DEPTH,"[(100191, 256)]"
2019-06-28 10:44:00,ASK_DEPTH,"[(100451, 200)]"
2019-06-28 10:44:00,IMBALANCE,"[256, 200]"
2019-06-28 10:44:00,HOLDINGS_UPDATED,"{'CASH': -3404524, 'JPM': 133}"
2019-06-28 10:45:00,BID_DEPTH,"[(100191, 100)]"
2019-06-28 10:45:00,ASK_DEPTH,[]
2019-06-28 10:45:00,IMBALANCE,"[100, 0]"
2019-06-28 10:46:00,BID_DEPTH,"[(99976, 100)]"
2019-06-28 10:46:00,ASK_DEPTH,[]
2019-06-28 10:46:00,IMBALANCE,"[100, 0]"
2019-06-28 10:47:00,BID_DEPTH,"[(99868, 558)]"
2019-06-28 10:47:00,ASK_DEPTH,"[(100451, 502)]"
2019-06-28 10:47:00,IMBALANCE,"[558, 502]"
2019-06-28 10:47:00,HOLDINGS_UPDATED,"{'CASH': -4107681, 'JPM': 140}"
2019-06-28 10:48:00,BID_DEPTH,"[(99964, 100)]"
2019-06-28 10:48:00,ASK_DEPTH,[]
2019-06-28 10:48:00,IMBALANCE,"[100, 0]"
2019-06-28 10:49:00,BID_DEPTH,"[(99892, 214)]"
2019-06-28 10:49:00,ASK_DEPTH,"[(99964, 158)]"
2019-06-28 10:49:00,IMBALANCE,"[214, 158]"
2019-06-28 10:49:00,HOLDINGS_UPDATED,"{'CASH': -4807429, 'JPM': 147}"
2019-06-28 10:50:00,BID_DEPTH,"[(99892, 214)]"
2019-06-28 10:50:00,ASK_DEPTH,"[(99964, 158)]"
2019-06-28 10:50:00,IMBALANCE,"[214, 158]"
2019-06-28 10:50:00,HOLDINGS_UPDATED,"{'CASH': -5507177, 'JPM': 154}"
2019-06-28 10:51:00,BID_DEPTH,"[(99965, 214)]"
2019-06-28 10:51:00,ASK_DEPTH,"[(99979, 158)]"
2019-06-28 10:51:00,IMBALANCE,"[214, 158]"
2019-06-28 10:51:00,HOLDINGS_UPDATED,"{'CASH': -6207030, 'JPM': 161}"
2019-06-28 10:52:00,BID_DEPTH,"[(100119, 558)]"
2019-06-28 10:52:00,ASK_DEPTH,"[(100143, 502)]"
2019-06-28 10:52:00,IMBALANCE,"[558, 502]"
2019-06-28 10:52:00,HOLDINGS_UPDATED,"{'CASH': -6908031, 'JPM': 168}"
2019-06-28 10:53:00,BID_DEPTH,"[(99980, 329)]"
2019-06-28 10:53:00,ASK_DEPTH,"[(100314, 273)]"
2019-06-28 10:53:00,IMBALANCE,"[329, 273]"
2019-06-28 10:53:00,HOLDINGS_UPDATED,"{'CASH': -7610229, 'JPM': 175}"
2019-06-28 10:54:00,BID_DEPTH,"[(100141, 558)]"
2019-06-28 10:54:00,ASK_DEPTH,"[(100175, 502)]"
2019-06-28 10:54:00,IMBALANCE,"[558, 502]"
2019-06-28 10:54:00,HOLDINGS_UPDATED,"{'CASH': -8311454, 'JPM': 182}"
2019-06-28 10:55:00,BID_DEPTH,"[(100141, 214)]"
2019-06-28 10:55:00,ASK_DEPTH,"[(100285, 158)]"
2019-06-28 10:55:00,IMBALANCE,"[214, 158]"
2019-06-28 10:55:00,HOLDINGS_UPDATED,"{'CASH': -9013449, 'JPM': 189}"
2019-06-28 10:56:00,BID_DEPTH,"[(99980, 192)]"
2019-06-28 10:56:00,ASK_DEPTH,"[(100314, 136)]"
2019-06-28 10:56:00,IMBALANCE,"[192, 136]"
2019-06-28 10:56:00,HOLDINGS_UPDATED,"{'CASH': -9715647, 'JPM': 196}"
2019-06-28 10:57:00,BID_DEPTH,"[(99980, 192)]"
2019-06-28 10:57:00,ASK_DEPTH,"[(100314, 136)]"
2019-06-28 10:57:00,IMBALANCE,"[192, 136]"
2019-06-28 10:57:00,HOLDINGS_UPDATED,"{'CASH': -10417845, 'JPM': 203}"
2019-06-28 10:58:00,BID_DEPTH,"[(99980, 192)]"
2019-06-28 10:58:00,ASK_DEPTH,"[(100314, 136)]"
2019-06-28 10:58:00,IMBALANCE,"[192, 136]"
2019-06-28 10:58:00,HOLDINGS_UPDATED,"{'CASH': -11120043, 'JPM': 210}"
2019-06-28 10:59:00,BID_DEPTH,"[(99964, 256)]"
2019-06-28 10:59:00,ASK_DEPTH,"[(99979, 186)]"
2019-06-28 10:59:00,IMBALANCE,"[256, 186]"
2019-06-28 10:59:00,HOLDINGS_UPDATED,"{'CASH': -11819896, 'JPM': 217}"
2019-06-28 11:00:00,BID_DEPTH,"[(99875, 256)]"
2019-06-28 11:00:00,ASK_DEPTH,"[(99979, 200)]"
2019-06-28 11:00:00,IMBALANCE,"[256, 200]"
2019-06-28 11:00:00,HOLDINGS_UPDATED,"{'CASH': -12519749, 'JPM': 224}"
2019-06-28 11:01:00,BID_DEPTH,"[(99868, 100)]"
2019-06-28 11:01:00,ASK_DEPTH,[]
2019-06-28 11:01:00,IMBALANCE,"[100, 0]"
2019-06-28 11:02:00,BID_DEPTH,"[(99738, 558)]"
2019-06-28 11:02:00,ASK_DEPTH,"[(99868, 602)]"
2019-06-28 11:02:00,IMBALANCE,"[558, 602]"
2019-06-28 11:02:00,HOLDINGS_UPDATED,"{'CASH': -13218825, 'JPM': 231}"
2019-06-28 11:03:00,BID_DEPTH,"[(99624, 214)]"
2019-06-28 11:03:00,ASK_DEPTH,"[(99868, 130)]"
2019-06-28 11:03:00,IMBALANCE,"[214, 130]"
2019-06-28 11:03:00,HOLDINGS_UPDATED,"{'CASH': -13917901, 'JPM': 238}"
2019-06-28 11:04:00,BID_DEPTH,"[(99602, 200)]"
2019-06-28 11:04:00,ASK_DEPTH,"[(99875, 256)]"
2019-06-28 11:04:00,IMBALANCE,"[200, 256]"
2019-06-28 11:04:00,HOLDINGS_UPDATED,"{'CASH': -13220687, 'JPM': 231}"
2019-06-28 11:05:00,BID_DEPTH,"[(99270, 273)]"
2019-06-28 11:05:00,ASK_DEPTH,"[(99602, 429)]"
2019-06-28 11:05:00,IMBALANCE,"[273, 429]"
2019-06-28 11:05:00,HOLDINGS_UPDATED,"{'CASH': -12525797, 'JPM': 224}"
2019-06-28 11:06:00,BID_DEPTH,"[(99217, 200)]"
2019-06-28 11:06:00,ASK_DEPTH,"[(99270, 256)]"
2019-06-28 11:06:00,IMBALANCE,"[200, 256]"
2019-06-28 11:06:00,HOLDINGS_UPDATED,"{'CASH': -11831278, 'JPM': 217}"
2019-06-28 11:07:00,BID_DEPTH,"[(99251, 273)]"
2019-06-28 11:07:00,ASK_DEPTH,"[(99267, 329)]"
2019-06-28 11:07:00,IMBALANCE,"[273, 329]"
2019-06-28 11:07:00,HOLDINGS_UPDATED,"{'CASH': -11136521, 'JPM': 210}"
2019-06-28 11:08:00,BID_DEPTH,"[(98996, 136)]"
2019-06-28 11:08:00,ASK_DEPTH,"[(98998, 100)]"
2019-06-28 11:08:00,IMBALANCE,"[136, 100]"
2019-06-28 11:08:00,HOLDINGS_UPDATED,"{'CASH': -10443549, 'JPM': 203}"
2019-06-28 11:09:00,BID_DEPTH,"[(98851, 136)]"
2019-06-28 11:09:00,ASK_DEPTH,"[(99040, 192)]"
2019-06-28 11:09:00,IMBALANCE,"[136, 192]"
2019-06-28 11:09:00,HOLDINGS_UPDATED,"{'CASH': -9751592, 'JPM': 196}"
2019-06-28 11:10:00,BID_DEPTH,"[(99040, 273)]"
2019-06-28 11:10:00,ASK_DEPTH,"[(99270, 329)]"
2019-06-28 11:10:00,IMBALANCE,"[273, 329]"
2019-06-28 11:10:00,HOLDINGS_UPDATED,"{'CASH': -9058312, 'JPM': 189}"
2019-06-28 11:11:00,BID_DEPTH,"[(98851, 502)]"
2019-06-28 11:11:00,ASK_DEPTH,"[(99270, 558)]"
2019-06-28 11:11:00,IMBALANCE,"[502, 558]"
2019-06-28 11:11:00,HOLDINGS_UPDATED,"{'CASH': -8366355, 'JPM': 182}"
2019-06-28 11:12:00,BID_DEPTH,"[(98851, 200)]"
2019-06-28 11:12:00,ASK_DEPTH,"[(99545, 256)]"
2019-06-28 11:12:00,IMBALANCE,"[200, 256]"
2019-06-28 11:12:00,HOLDINGS_UPDATED,"{'CASH': -7674398, 'JPM': 175}"
2019-06-28 11:13:00,BID_DEPTH,"[(98851, 200)]"
2019-06-28 11:13:00,ASK_DEPTH,"[(99545, 256)]"
2019-06-28 11:13:00,IMBALANCE,"[200, 256]"
2019-06-28 11:13:00,HOLDINGS_UPDATED,"{'CASH': -6982441, 'JPM': 168}"
2019-06-28 11:14:00,BID_DEPTH,"[(98851, 236)]"
2019-06-28 11:14:00,ASK_DEPTH,"[(99586, 192)]"
2019-06-28 11:14:00,IMBALANCE,"[236, 192]"
2019-06-28 11:14:00,HOLDINGS_UPDATED,"{'CASH': -6290484, 'JPM': 161}"
2019-06-28 11:15:00,BID_DEPTH,"[(99586, 181)]"
2019-06-28 11:15:00,ASK_DEPTH,"[(99602, 329)]"
2019-06-28 11:15:00,IMBALANCE,"[181, 329]"
2019-06-28 11:15:00,HOLDINGS_UPDATED,"{'CASH': -5593382, 'JPM': 154}"
2019-06-28 11:16:00,BID_DEPTH,"[(99259, 502)]"
2019-06-28 11:16:00,ASK_DEPTH,"[(99602, 558)]"
2019-06-28 11:16:00,IMBALANCE,"[502, 558]"
2019-06-28 11:16:00,HOLDINGS_UPDATED,"{'CASH': -4898569, 'JPM': 147}"
2019-06-28 11:17:00,BID_DEPTH,"[(99538, 158)]"
2019-06-28 11:17:00,ASK_DEPTH,"[(99602, 211)]"
2019-06-28 11:17:00,IMBALANCE,"[158, 211]"
2019-06-28 11:17:00,HOLDINGS_UPDATED,"{'CASH': -4201803, 'JPM': 140}"
2019-06-28 11:18:00,BID_DEPTH,"[(99219, 273)]"
2019-06-28 11:18:00,ASK_DEPTH,"[(99602, 323)]"
2019-06-28 11:18:00,IMBALANCE,"[273, 323]"
2019-06-28 11:18:00,HOLDINGS_UPDATED,"{'CASH': -3507270, 'JPM': 133}"
2019-06-28 11:19:00,BID_DEPTH,"[(98703, 273)]"
2019-06-28 11:19:00,ASK_DEPTH,"[(99602, 320)]"
2019-06-28 11:19:00,IMBALANCE,"[273, 320]"
2019-06-28 11:19:00,HOLDINGS_UPDATED,"{'CASH': -2816349, 'JPM': 126}"
2019-06-28 11:20:00,BID_DEPTH,"[(98649, 273)]"
2019-06-28 11:20:00,ASK_DEPTH,"[(99601, 329)]"
2019-06-28 11:20:00,IMBALANCE,"[273, 329]"
2019-06-28 11:20:00,HOLDINGS_UPDATED,"{'CASH': -2125806, 'JPM': 119}"
2019-06-28 11:21:00,BID_DEPTH,"[(98530, 136)]"
2019-06-28 11:21:00,ASK_DEPTH,"[(99601, 189)]"
2019-06-28 11:21:00,IMBALANCE,"[136, 189]"
2019-06-28 11:21:00,HOLDINGS_UPDATED,"{'CASH': -1436096, 'JPM': 112}"
2019-06-28 11:22:00,BID_DEPTH,"[(98436, 136)]"
2019-06-28 11:22:00,ASK_DEPTH,"[(98715, 192)]"
2019-06-28 11:22:00,IMBALANCE,"[136, 192]"
2019-06-28 11:22:00,HOLDINGS_UPDATED,"{'CASH': -747044, 'JPM': 105}"
2019-06-28 11:23:00,BID_DEPTH,"[(98436, 502)]"
2019-06-28 11:23:00,ASK_DEPTH,"[(98715, 555)]"
2019-06-28 11:23:00,IMBALANCE,"[502, 555]"
2019-06-28 11:23:00,HOLDINGS_UPDATED,"{'CASH': -57992, 'JPM': 98}"
2019-06-28 11:24:00,BID_DEPTH,"[(98108, 273)]"
2019-06-28 11:24:00,ASK_DEPTH,"[(98944, 329)]"
2019-06-28 11:24:00,IMBALANCE,"[273, 329]"
2019-06-28 11:24:00,HOLDINGS_UPDATED,"{'CASH': 628764, 'JPM': 91}"
2019-06-28 11:25:00,BID_DEPTH,"[(98066, 136)]"
2019-06-28 11:25:00,ASK_DEPTH,"[(98944, 189)]"
2019-06-28 11:25:00,IMBALANCE,"[136, 189]"
2019-06-28 11:25:00,HOLDINGS_UPDATED,"{'CASH': 1315226, 'JPM': 84}"
2019-06-28 11:26:00,BID_DEPTH,"[(98268, 136)]"
2019-06-28 11:26:00,ASK_DEPTH,"[(98572, 192)]"
2019-06-28 11:26:00,IMBALANCE,"[136, 192]"
2019-06-28 11:26:00,HOLDINGS_UPDATED,"{'CASH': 2003102, 'JPM': 77}"
2019-06-28 11:27:00,BID_DEPTH,"[(98341, 158)]"
2019-06-28 11:27:00,ASK_DEPTH,"[(98571, 214)]"
2019-06-28 11:27:00,IMBALANCE,"[158, 214]"
2019-06-28 11:27:00,HOLDINGS_UPDATED,"{'CASH': 2691489, 'JPM': 70}"
2019-06-28 11:28:00,BID_DEPTH,"[(98268, 273)]"
2019-06-28 11:28:00,ASK_DEPTH,"[(98571, 326)]"
2019-06-28 11:28:00,IMBALANCE,"[273, 326]"
2019-06-28 11:28:00,HOLDINGS_UPDATED,"{'CASH': 3379365, 'JPM': 63}"
2019-06-28 11:29:00,BID_DEPTH,"[(98571, 136)]"
2019-06-28 11:29:00,ASK_DEPTH,"[(99287, 192)]"
2019-06-28 11:29:00,IMBALANCE,"[136, 192]"
2019-06-28 11:29:00,HOLDINGS_UPDATED,"{'CASH': 4069362, 'JPM': 56}"
2019-06-28 11:30:00,BID_DEPTH,"[(98066, 136)]"
2019-06-28 11:30:00,ASK_DEPTH,"[(99346, 192)]"
2019-06-28 11:30:00,IMBALANCE,"[136, 192]"
2019-06-28 11:30:00,HOLDINGS_UPDATED,"{'CASH': 4755824, 'JPM': 49}"
2019-06-28 11:31:00,BID_DEPTH,"[(98066, 258)]"
2019-06-28 11:31:00,ASK_DEPTH,"[(99346, 211)]"
2019-06-28 11:31:00,IMBALANCE,"[258, 211]"
2019-06-28 11:31:00,HOLDINGS_UPDATED,"{'CASH': 5442286, 'JPM': 42}"
2019-06-28 11:32:00,BID_DEPTH,"[(99346, 502)]"
2019-06-28 11:32:00,ASK_DEPTH,"[(99576, 558)]"
2019-06-28 11:32:00,IMBALANCE,"[502, 558]"
2019-06-28 11:32:00,HOLDINGS_UPDATED,"{'CASH': 6137708, 'JPM': 35}"
2019-06-28 11:33:00,BID_DEPTH,"[(97833, 200)]"
2019-06-28 11:33:00,ASK_DEPTH,"[(99601, 250)]"
2019-06-28 11:33:00,IMBALANCE,"[200, 250]"
2019-06-28 11:33:00,HOLDINGS_UPDATED,"{'CASH': 6822539, 'JPM': 28}"
2019-06-28 11:34:00,BID_DEPTH,[]
2019-06-28 11:34:00,ASK_DEPTH,"[(99602, 88)]"
2019-06-28 11:34:00,IMBALANCE,"[0, 88]"
2019-06-28 11:35:00,BID_DEPTH,"[(99703, 200)]"
2019-06-28 11:35:00,ASK_DEPTH,"[(99823, 256)]"
2019-06-28 11:35:00,IMBALANCE,"[200, 256]"
2019-06-28 11:35:00,HOLDINGS_UPDATED,"{'CASH': 7520460, 'JPM': 21}"
2019-06-28 11:36:00,BID_DEPTH,"[(99624, 158)]"
2019-06-28 11:36:00,ASK_DEPTH,"[(99823, 211)]"
2019-06-28 11:36:00,IMBALANCE,"[158, 211]"
2019-06-28 11:36:00,HOLDINGS_UPDATED,"{'CASH': 8217828, 'JPM': 14}"
2019-06-28 11:37:00,BID_DEPTH,"[(99842, 158)]"
2019-06-28 11:37:00,ASK_DEPTH,"[(99843, 214)]"
2019-06-28 11:37:00,IMBALANCE,"[158, 214]"
2019-06-28 11:37:00,HOLDINGS_UPDATED,"{'CASH': 8916722, 'JPM': 7}"
2019-06-28 11:38:00,BID_DEPTH,"[(99784, 200)]"
2019-06-28 11:38:00,ASK_DEPTH,"[(99846, 256)]"
2019-06-28 11:38:00,IMBALANCE,"[200, 256]"
2019-06-28 11:38:00,HOLDINGS_UPDATED,{'CASH': 9615210}
2019-06-28 11:39:00,BID_DEPTH,"[(99689, 200)]"
2019-06-28 11:39:00,ASK_DEPTH,"[(99819, 256)]"
2019-06-28 11:39:00,IMBALANCE,"[200, 256]"
2019-06-28 11:39:00,HOLDINGS_UPDATED,"{'CASH': 10313033, 'JPM': -7}"
2019-06-28 11:40:00,BID_DEPTH,"[(99471, 502)]"
2019-06-28 11:40:00,ASK_DEPTH,"[(99819, 558)]"
2019-06-28 11:40:00,IMBALANCE,"[502, 558]"
2019-06-28 11:40:00,HOLDINGS_UPDATED,"{'CASH': 11009330, 'JPM': -14}"
2019-06-28 11:41:00,BID_DEPTH,[]
2019-06-28 11:41:00,ASK_DEPTH,"[(99819, 100)]"
2019-06-28 11:41:00,IMBALANCE,"[0, 100]"
2019-06-28 11:42:00,BID_DEPTH,[]
2019-06-28 11:42:00,ASK_DEPTH,"[(99084, 100)]"
2019-06-28 11:42:00,IMBALANCE,"[0, 100]"
2019-06-28 11:43:00,BID_DEPTH,[]
2019-06-28 11:43:00,ASK_DEPTH,"[(99363, 100)]"
2019-06-28 11:43:00,IMBALANCE,"[0, 100]"
2019-06-28 11:44:00,BID_DEPTH,"[(99243, 200)]"
2019-06-28 11:44:00,ASK_DEPTH,"[(99363, 356)]"
2019-06-28 11:44:00,IMBALANCE,"[200, 356]"
2019-06-28 11:44:00,HOLDINGS_UPDATED,"{'CASH': 11704031, 'JPM': -21}"
2019-06-28 11:45:00,BID_DEPTH,"[(99327, 158)]"
2019-06-28 11:45:00,ASK_DEPTH,"[(99363, 311)]"
2019-06-28 11:45:00,IMBALANCE,"[158, 311]"
2019-06-28 11:45:00,HOLDINGS_UPDATED,"{'CASH': 12399320, 'JPM': -28}"
2019-06-28 11:46:00,BID_DEPTH,"[(99265, 502)]"
2019-06-28 11:46:00,ASK_DEPTH,"[(99363, 552)]"
2019-06-28 11:46:00,IMBALANCE,"[502, 552]"
2019-06-28 11:46:00,HOLDINGS_UPDATED,"{'CASH': 13094175, 'JPM': -35}"
2019-06-28 11:47:00,BID_DEPTH,"[(99265, 136)]"
2019-06-28 11:47:00,ASK_DEPTH,"[(99403, 192)]"
2019-06-28 11:47:00,IMBALANCE,"[136, 192]"
2019-06-28 11:47:00,HOLDINGS_UPDATED,"{'CASH': 13789030, 'JPM': -42}"
2019-06-28 11:48:00,BID_DEPTH,"[(99403, 502)]"
2019-06-28 11:48:00,ASK_DEPTH,"[(99471, 658)]"
2019-06-28 11:48:00,IMBALANCE,"[502, 658]"
2019-06-28 11:48:00,HOLDINGS_UPDATED,"{'CASH': 14484851, 'JPM': -49}"
2019-06-28 11:49:00,BID_DEPTH,"[(99403, 502)]"
2019-06-28 11:49:00,ASK_DEPTH,"[(99471, 555)]"
2019-06-28 11:49:00,IMBALANCE,"[502, 555]"
2019-06-28 11:49:00,HOLDINGS_UPDATED,"{'CASH': 15180672, 'JPM': -56}"
2019-06-28 11:50:00,BID_DEPTH,"[(99471, 200)]"
2019-06-28 11:50:00,ASK_DEPTH,"[(99813, 256)]"
2019-06-28 11:50:00,IMBALANCE,"[200, 256]"
2019-06-28 11:50:00,HOLDINGS_UPDATED,"{'CASH': 15876969, 'JPM': -63}"
2019-06-28 11:51:00,BID_DEPTH,"[(99196, 192)]"
2019-06-28 11:51:00,ASK_DEPTH,"[(99846, 136)]"
2019-06-28 11:51:00,IMBALANCE,"[192, 136]"
2019-06-28 11:51:00,HOLDINGS_UPDATED,"{'CASH': 15178047, 'JPM': -56}"
2019-06-28 11:52:00,BID_DEPTH,"[(99932, 329)]"
2019-06-28 11:52:00,ASK_DEPTH,"[(100078, 273)]"
2019-06-28 11:52:00,IMBALANCE,"[329, 273]"
2019-06-28 11:52:00,HOLDINGS_UPDATED,"{'CASH': 14477501, 'JPM': -49}"
2019-06-28 11:53:00,BID_DEPTH,"[(99932, 426)]"
2019-06-28 11:53:00,ASK_DEPTH,"[(100172, 273)]"
2019-06-28 11:53:00,IMBALANCE,"[426, 273]"
2019-06-28 11:53:00,HOLDINGS_UPDATED,"{'CASH': 13776297, 'JPM': -42}"
2019-06-28 11:54:00,BID_DEPTH,"[(99932, 286)]"
2019-06-28 11:54:00,ASK_DEPTH,"[(100261, 136)]"
2019-06-28 11:54:00,IMBALANCE,"[286, 136]"
2019-06-28 11:54:00,HOLDINGS_UPDATED,"{'CASH': 13074470, 'JPM': -35}"
2019-06-28 11:55:00,BID_DEPTH,"[(99932, 183)]"
2019-06-28 11:55:00,ASK_DEPTH,"[(100278, 136)]"
2019-06-28 11:55:00,IMBALANCE,"[183, 136]"
2019-06-28 11:55:00,HOLDINGS_UPDATED,"{'CASH': 12372524, 'JPM': -28}"
2019-06-28 11:56:00,BID_DEPTH,"[(100003, 256)]"
2019-06-28 11:56:00,ASK_DEPTH,"[(100318, 200)]"
2019-06-28 11:56:00,IMBALANCE,"[256, 200]"
2019-06-28 11:56:00,HOLDINGS_UPDATED,"{'CASH': 11670298, 'JPM': -21}"
2019-06-28 11:57:00,BID_DEPTH,"[(100309, 329)]"
2019-06-28 11:57:00,ASK_DEPTH,"[(100385, 273)]"
2019-06-28 11:57:00,IMBALANCE,"[329, 273]"
2019-06-28 11:57:00,HOLDINGS_UPDATED,"{'CASH': 10967603, 'JPM': -14}"
2019-06-28 11:58:00,BID_DEPTH,"[(100039, 192)]"
2019-06-28 11:58:00,ASK_DEPTH,"[(100279, 136)]"
2019-06-28 11:58:00,IMBALANCE,"[192, 136]"
2019-06-28 11:58:00,HOLDINGS_UPDATED,"{'CASH': 10265650, 'JPM': -7}"
2019-06-28 11:59:00,BID_DEPTH,"[(100003, 311)]"
2019-06-28 11:59:00,ASK_DEPTH,"[(100426, 158)]"
2019-06-28 11:59:00,IMBALANCE,"[311, 158]"
2019-06-28 11:59:00,HOLDINGS_UPDATED,{'CASH': 9562668}
2019-06-28 12:00:00,BID_DEPTH,"[(100004, 214)]"
2019-06-28 12:00:00,ASK_DEPTH,"[(100776, 158)]"
2019-06-28 12:00:00,IMBALANCE,"[214, 158]"
2019-06-28 12:00:00,HOLDINGS_UPDATED,"{'CASH': 8857236, 'JPM': 7}"
2019-06-28 12:01:00,BID_DEPTH,"[(100003, 552)]"
2019-06-28 12:01:00,ASK_DEPTH,"[(100058, 502)]"
2019-06-28 12:01:00,IMBALANCE,"[552, 502]"
2019-06-28 12:01:00,HOLDINGS_UPDATED,"{'CASH': 8156830, 'JPM': 14}"
2019-06-28 12:02:00,BID_DEPTH,"[(100486, 214)]"
2019-06-28 12:02:00,ASK_DEPTH,"[(100532, 158)]"
2019-06-28 12:02:00,IMBALANCE,"[214, 158]"
2019-06-28 12:02:00,HOLDINGS_UPDATED,"{'CASH': 7453106, 'JPM': 21}"
2019-06-28 12:03:00,BID_DEPTH,"[(100486, 189)]"
2019-06-28 12:03:00,ASK_DEPTH,"[(100616, 136)]"
2019-06-28 12:03:00,IMBALANCE,"[189, 136]"
2019-06-28 12:03:00,HOLDINGS_UPDATED,"{'CASH': 6748794, 'JPM': 28}"
2019-06-28 12:04:00,BID_DEPTH,"[(101107, 329)]"
2019-06-28 12:04:00,ASK_DEPTH,"[(101382, 273)]"
2019-06-28 12:04:00,IMBALANCE,"[329, 273]"
2019-06-28 12:04:00,HOLDINGS_UPDATED,"{'CASH': 6039120, 'JPM': 35}"
2019-06-28 12:05:00,BID_DEPTH,"[(101107, 353)]"
2019-06-28 12:05:00,ASK_DEPTH,"[(101470, 200)]"
2019-06-28 12:05:00,IMBALANCE,"[353, 200]"
2019-06-28 12:05:00,HOLDINGS_UPDATED,"{'CASH': 5328830, 'JPM': 42}"
2019-06-28 12:06:00,BID_DEPTH,"[(100865, 329)]"
2019-06-28 12:06:00,ASK_DEPTH,"[(101107, 179)]"
2019-06-28 12:06:00,IMBALANCE,"[329, 179]"
2019-06-28 12:06:00,HOLDINGS_UPDATED,"{'CASH': 4621081, 'JPM': 49}"
2019-06-28 12:07:00,BID_DEPTH,"[(100486, 186)]"
2019-06-28 12:07:00,ASK_DEPTH,"[(100865, 39)]"
2019-06-28 12:07:00,IMBALANCE,"[186, 39]"
2019-06-28 12:07:00,HOLDINGS_UPDATED,"{'CASH': 3915026, 'JPM': 56}"
2019-06-28 12:08:00,BID_DEPTH,"[(100486, 208)]"
2019-06-28 12:08:00,ASK_DEPTH,"[(101372, 158)]"
2019-06-28 12:08:00,IMBALANCE,"[208, 158]"
2019-06-28 12:08:00,HOLDINGS_UPDATED,"{'CASH': 3205422, 'JPM': 63}"
2019-06-28 12:09:00,BID_DEPTH,"[(100794, 256)]"
2019-06-28 12:09:00,ASK_DEPTH,"[(101372, 200)]"
2019-06-28 12:09:00,IMBALANCE,"[256, 200]"
2019-06-28 12:09:00,HOLDINGS_UPDATED,"{'CASH': 2495818, 'JPM': 70}"
2019-06-28 12:10:00,BID_DEPTH,"[(100597, 214)]"
2019-06-28 12:10:00,ASK_DEPTH,"[(100885, 158)]"
2019-06-28 12:10:00,IMBALANCE,"[214, 158]"
2019-06-28 12:10:00,HOLDINGS_UPDATED,"{'CASH': 1789623, 'JPM': 77}"
2019-06-28 12:11:00,BID_DEPTH,"[(100761, 192)]"
2019-06-28 12:11:00,ASK_DEPTH,"[(101109, 136)]"
2019-06-28 12:11:00,IMBALANCE,"[192, 136]"
2019-06-28 12:11:00,HOLDINGS_UPDATED,"{'CASH': 1081860, 'JPM': 84}"
2019-06-28 12:12:00,BID_DEPTH,"[(100597, 289)]"
2019-06-28 12:12:00,ASK_DEPTH,"[(100761, 236)]"
2019-06-28 12:12:00,IMBALANCE,"[289, 236]"
2019-06-28 12:12:00,HOLDINGS_UPDATED,"{'CASH': 376533, 'JPM': 91}"
2019-06-28 12:13:00,BID_DEPTH,"[(100597, 286)]"
2019-06-28 12:13:00,ASK_DEPTH,"[(100761, 108)]"
2019-06-28 12:13:00,IMBALANCE,"[286, 108]"
2019-06-28 12:13:00,HOLDINGS_UPDATED,"{'CASH': -328794, 'JPM': 98}"
2019-06-28 12:14:00,BID_DEPTH,"[(100597, 649)]"
2019-06-28 12:14:00,ASK_DEPTH,"[(101085, 502)]"
2019-06-28 12:14:00,IMBALANCE,"[649, 502]"
2019-06-28 12:14:00,HOLDINGS_UPDATED,"{'CASH': -1036389, 'JPM': 105}"
2019-06-28 12:15:00,BID_DEPTH,"[(100597, 417)]"
2019-06-28 12:15:00,ASK_DEPTH,"[(101109, 273)]"
2019-06-28 12:15:00,IMBALANCE,"[417, 273]"
2019-06-28 12:15:00,HOLDINGS_UPDATED,"{'CASH': -1744152, 'JPM': 112}"
2019-06-28 12:16:00,BID_DEPTH,"[(100597, 414)]"
2019-06-28 12:16:00,ASK_DEPTH,"[(100648, 273)]"
2019-06-28 12:16:00,IMBALANCE,"[414, 273]"
2019-06-28 12:16:00,HOLDINGS_UPDATED,"{'CASH': -2448688, 'JPM': 119}"
2019-06-28 12:17:00,BID_DEPTH,"[(100395, 192)]"
2019-06-28 12:17:00,ASK_DEPTH,"[(100605, 136)]"
2019-06-28 12:17:00,IMBALANCE,"[192, 136]"
2019-06-28 12:17:00,HOLDINGS_UPDATED,"{'CASH': -3152923, 'JPM': 126}"
2019-06-28 12:18:00,BID_DEPTH,"[(100395, 211)]"
2019-06-28 12:18:00,ASK_DEPTH,"[(100605, 158)]"
2019-06-28 12:18:00,IMBALANCE,"[211, 158]"
2019-06-28 12:18:00,HOLDINGS_UPDATED,"{'CASH': -3857158, 'JPM': 133}"
2019-06-28 12:19:00,BID_DEPTH,"[(100395, 326)]"
2019-06-28 12:19:00,ASK_DEPTH,"[(100540, 273)]"
2019-06-28 12:19:00,IMBALANCE,"[326, 273]"
2019-06-28 12:19:00,HOLDINGS_UPDATED,"{'CASH': -4560938, 'JPM': 140}"
2019-06-28 12:20:00,BID_DEPTH,"[(100433, 329)]"
2019-06-28 12:20:00,ASK_DEPTH,"[(100510, 273)]"
2019-06-28 12:20:00,IMBALANCE,"[329, 273]"
2019-06-28 12:20:00,HOLDINGS_UPDATED,"{'CASH': -5264508, 'JPM': 147}"
2019-06-28 12:21:00,BID_DEPTH,"[(100481, 192)]"
2019-06-28 12:21:00,ASK_DEPTH,"[(100618, 236)]"
2019-06-28 12:21:00,IMBALANCE,"[192, 236]"
2019-06-28 12:21:00,HOLDINGS_UPDATED,"{'CASH': -5968834, 'JPM': 154}"
2019-06-28 12:22:00,BID_DEPTH,"[(100481, 214)]"
2019-06-28 12:22:00,ASK_DEPTH,"[(100618, 130)]"
2019-06-28 12:22:00,IMBALANCE,"[214, 130]"
2019-06-28 12:22:00,HOLDINGS_UPDATED,"{'CASH': -6673160, 'JPM': 161}"
2019-06-28 12:23:00,BID_DEPTH,"[(100433, 192)]"
2019-06-28 12:23:00,ASK_DEPTH,"[(100681, 136)]"
2019-06-28 12:23:00,IMBALANCE,"[192, 136]"
2019-06-28 12:23:00,HOLDINGS_UPDATED,"{'CASH': -7377927, 'JPM': 168}"
2019-06-28 12:24:00,BID_DEPTH,"[(100409, 192)]"
2019-06-28 12:24:00,ASK_DEPTH,"[(100630, 136)]"
2019-06-28 12:24:00,IMBALANCE,"[192, 136]"
2019-06-28 12:24:00,HOLDINGS_UPDATED,"{'CASH': -8082337, 'JPM': 175}"
2019-06-28 12:25:00,BID_DEPTH,"[(100473, 256)]"
2019-06-28 12:25:00,ASK_DEPTH,"[(100685, 200)]"
2019-06-28 12:25:00,IMBALANCE,"[256, 200]"
2019-06-28 12:25:00,HOLDINGS_UPDATED,"{'CASH': -8787132, 'JPM': 182}"
2019-06-28 12:26:00,BID_DEPTH,"[(100409, 558)]"
2019-06-28 12:26:00,ASK_DEPTH,"[(100518, 502)]"
2019-06-28 12:26:00,IMBALANCE,"[558, 502]"
2019-06-28 12:26:00,HOLDINGS_UPDATED,"{'CASH': -9490758, 'JPM': 189}"
2019-06-28 12:27:00,BID_DEPTH,"[(100409, 329)]"
2019-06-28 12:27:00,ASK_DEPTH,"[(100637, 273)]"
2019-06-28 12:27:00,IMBALANCE,"[329, 273]"
2019-06-28 12:27:00,HOLDINGS_UPDATED,"{'CASH': -10195217, 'JPM': 196}"
2019-06-28 12:28:00,BID_DEPTH,"[(100409, 256)]"
2019-06-28 12:28:00,ASK_DEPTH,"[(100576, 200)]"
2019-06-28 12:28:00,IMBALANCE,"[256, 200]"
2019-06-28 12:28:00,HOLDINGS_UPDATED,"{'CASH': -10899249, 'JPM': 203}"
2019-06-28 12:29:00,BID_DEPTH,"[(100598, 214)]"
2019-06-28 12:29:00,ASK_DEPTH,"[(100638, 158)]"
2019-06-28 12:29:00,IMBALANCE,"[214, 158]"
2019-06-28 12:29:00,HOLDINGS_UPDATED,"{'CASH': -11603715, 'JPM': 210}"
2019-06-28 12:30:00,BID_DEPTH,"[(100402, 192)]"
2019-06-28 12:30:00,ASK_DEPTH,"[(100409, 136)]"
2019-06-28 12:30:00,IMBALANCE,"[192, 136]"
2019-06-28 12:30:00,HOLDINGS_UPDATED,"{'CASH': -12306578, 'JPM': 217}"
2019-06-28 12:31:00,BID_DEPTH,"[(100331, 256)]"
2019-06-28 12:31:00,ASK_DEPTH,"[(100638, 200)]"
2019-06-28 12:31:00,IMBALANCE,"[256, 200]"
2019-06-28 12:31:00,HOLDINGS_UPDATED,"{'CASH': -13011044, 'JPM': 224}"
2019-06-28 12:32:00,BID_DEPTH,"[(99897, 329)]"
2019-06-28 12:32:00,ASK_DEPTH,"[(100668, 273)]"
2019-06-28 12:32:00,IMBALANCE,"[329, 273]"
2019-06-28 12:32:00,HOLDINGS_UPDATED,"{'CASH': -13715720, 'JPM': 231}"
2019-06-28 12:33:00,BID_DEPTH,"[(99089, 214)]"
2019-06-28 12:33:00,ASK_DEPTH,"[(99621, 158)]"
2019-06-28 12:33:00,IMBALANCE,"[214, 158]"
2019-06-28 12:33:00,HOLDINGS_UPDATED,"{'CASH': -14413067, 'JPM': 238}"
2019-06-28 12:34:00,BID_DEPTH,"[(99089, 192)]"
2019-06-28 12:34:00,ASK_DEPTH,"[(99621, 136)]"
2019-06-28 12:34:00,IMBALANCE,"[192, 136]"
2019-06-28 12:34:00,HOLDINGS_UPDATED,"{'CASH': -15110414, 'JPM': 245}"
2019-06-28 12:35:00,BID_DEPTH,"[(99449, 136)]"
2019-06-28 12:35:00,ASK_DEPTH,"[(99605, 192)]"
2019-06-28 12:35:00,IMBALANCE,"[136, 192]"
2019-06-28 12:35:00,HOLDINGS_UPDATED,"{'CASH': -14414271, 'JPM': 238}"
2019-06-28 12:36:00,BID_DEPTH,"[(99449, 158)]"
2019-06-28 12:36:00,ASK_DEPTH,"[(99631, 214)]"
2019-06-28 12:36:00,IMBALANCE,"[158, 214]"
2019-06-28 12:36:00,HOLDINGS_UPDATED,"{'CASH': -13718128, 'JPM': 231}"
2019-06-28 12:37:00,BID_DEPTH,"[(99398, 158)]"
2019-06-28 12:37:00,ASK_DEPTH,"[(99751, 214)]"
2019-06-28 12:37:00,IMBALANCE,"[158, 214]"
2019-06-28 12:37:00,HOLDINGS_UPDATED,"{'CASH': -13022342, 'JPM': 224}"
2019-06-28 12:38:00,BID_DEPTH,"[(99751, 136)]"
2019-06-28 12:38:00,ASK_DEPTH,"[(99869, 192)]"
2019-06-28 12:38:00,IMBALANCE,"[136, 192]"
2019-06-28 12:38:00,HOLDINGS_UPDATED,"{'CASH': -12324085, 'JPM': 217}"
2019-06-28 12:39:00,BID_DEPTH,"[(99824, 502)]"
2019-06-28 12:39:00,ASK_DEPTH,"[(99869, 655)]"
2019-06-28 12:39:00,IMBALANCE,"[502, 655]"
2019-06-28 12:39:00,HOLDINGS_UPDATED,"{'CASH': -11625317, 'JPM': 210}"
2019-06-28 12:40:00,BID_DEPTH,"[(99778, 158)]"
2019-06-28 12:40:00,ASK_DEPTH,"[(99869, 308)]"
2019-06-28 12:40:00,IMBALANCE,"[158, 308]"
2019-06-28 12:40:00,HOLDINGS_UPDATED,"{'CASH': -10926871, 'JPM': 203}"
2019-06-28 12:41:00,BID_DEPTH,"[(99698, 200)]"
2019-06-28 12:41:00,ASK_DEPTH,"[(99869, 347)]"
2019-06-28 12:41:00,IMBALANCE,"[200, 347]"
2019-06-28 12:41:00,HOLDINGS_UPDATED,"{'CASH': -10228985, 'JPM': 196}"
2019-06-28 12:42:00,BID_DEPTH,"[(99698, 136)]"
2019-06-28 12:42:00,ASK_DEPTH,"[(99949, 192)]"
2019-06-28 12:42:00,IMBALANCE,"[136, 192]"
2019-06-28 12:42:00,HOLDINGS_UPDATED,"{'CASH': -9531099, 'JPM': 189}"
2019-06-28 12:43:00,BID_DEPTH,"[(99089, 273)]"
2019-06-28 12:43:00,ASK_DEPTH,"[(100096, 329)]"
2019-06-28 12:43:00,IMBALANCE,"[273, 329]"
2019-06-28 12:43:00,HOLDINGS_UPDATED,"{'CASH': -8837476, 'JPM': 182}"
2019-06-28 12:44:00,BID_DEPTH,"[(99029, 273)]"
2019-06-28 12:44:00,ASK_DEPTH,"[(100189, 329)]"
2019-06-28 12:44:00,IMBALANCE,"[273, 329]"
2019-06-28 12:44:00,HOLDINGS_UPDATED,"{'CASH': -8144273, 'JPM': 175}"
2019-06-28 12:45:00,BID_DEPTH,[]
2019-06-28 12:45:00,ASK_DEPTH,"[(100189, 97)]"
2019-06-28 12:45:00,IMBALANCE,"[0, 97]"
2019-06-28 12:46:00,BID_DEPTH,"[(100189, 39)]"
2019-06-28 12:46:00,ASK_DEPTH,"[(100345, 192)]"
2019-06-28 12:46:00,IMBALANCE,"[39, 192]"
2019-06-28 12:46:00,HOLDINGS_UPDATED,"{'CASH': -7442950, 'JPM': 168}"
2019-06-28 12:47:00,BID_DEPTH,"[(99978, 158)]"
2019-06-28 12:47:00,ASK_DEPTH,"[(100200, 214)]"
2019-06-28 12:47:00,IMBALANCE,"[158, 214]"
2019-06-28 12:47:00,HOLDINGS_UPDATED,"{'CASH': -6743104, 'JPM': 161}"
2019-06-28 12:48:00,BID_DEPTH,"[(99933, 158)]"
2019-06-28 12:48:00,ASK_DEPTH,"[(100050, 214)]"
2019-06-28 12:48:00,IMBALANCE,"[158, 214]"
2019-06-28 12:48:00,HOLDINGS_UPDATED,"{'CASH': -6043573, 'JPM': 154}"
2019-06-28 12:49:00,BID_DEPTH,"[(99775, 273)]"
2019-06-28 12:49:00,ASK_DEPTH,"[(99933, 243)]"
2019-06-28 12:49:00,IMBALANCE,"[273, 243]"
2019-06-28 12:49:00,HOLDINGS_UPDATED,"{'CASH': -5345148, 'JPM': 147}"
2019-06-28 12:50:00,BID_DEPTH,"[(99872, 502)]"
2019-06-28 12:50:00,ASK_DEPTH,"[(99933, 469)]"
2019-06-28 12:50:00,IMBALANCE,"[502, 469]"
2019-06-28 12:50:00,HOLDINGS_UPDATED,"{'CASH': -4646044, 'JPM': 140}"
2019-06-28 12:51:00,BID_DEPTH,"[(99775, 158)]"
2019-06-28 12:51:00,ASK_DEPTH,"[(99949, 214)]"
2019-06-28 12:51:00,IMBALANCE,"[158, 214]"
2019-06-28 12:51:00,HOLDINGS_UPDATED,"{'CASH': -3947619, 'JPM': 133}"
2019-06-28 12:52:00,BID_DEPTH,"[(99029, 170)]"
2019-06-28 12:52:00,ASK_DEPTH,"[(100153, 256)]"
2019-06-28 12:52:00,IMBALANCE,"[170, 256]"
2019-06-28 12:52:00,HOLDINGS_UPDATED,"{'CASH': -3254416, 'JPM': 126}"
2019-06-28 12:53:00,BID_DEPTH,[]
2019-06-28 12:53:00,ASK_DEPTH,"[(100159, 100)]"
2019-06-28 12:53:00,IMBALANCE,"[0, 100]"
2019-06-28 12:54:00,BID_DEPTH,"[(100137, 158)]"
2019-06-28 12:54:00,ASK_DEPTH,"[(100200, 214)]"
2019-06-28 12:54:00,IMBALANCE,"[158, 214]"
2019-06-28 12:54:00,HOLDINGS_UPDATED,"{'CASH': -2553457, 'JPM': 119}"
2019-06-28 12:55:00,BID_DEPTH,"[(100181, 158)]"
2019-06-28 12:55:00,ASK_DEPTH,"[(100200, 211)]"
2019-06-28 12:55:00,IMBALANCE,"[158, 211]"
2019-06-28 12:55:00,HOLDINGS_UPDATED,"{'CASH': -1852190, 'JPM': 112}"
2019-06-28 12:56:00,BID_DEPTH,"[(99635, 136)]"
2019-06-28 12:56:00,ASK_DEPTH,"[(100200, 386)]"
2019-06-28 12:56:00,IMBALANCE,"[136, 386]"
2019-06-28 12:56:00,HOLDINGS_UPDATED,"{'CASH': -1154745, 'JPM': 105}"
2019-06-28 12:57:00,BID_DEPTH,[]
2019-06-28 12:57:00,ASK_DEPTH,"[(99618, 100)]"
2019-06-28 12:57:00,IMBALANCE,"[0, 100]"
2019-06-28 12:58:00,BID_DEPTH,"[(99193, 136)]"
2019-06-28 12:58:00,ASK_DEPTH,"[(99618, 192)]"
2019-06-28 12:58:00,IMBALANCE,"[136, 192]"
2019-06-28 12:58:00,HOLDINGS_UPDATED,"{'CASH': -460394, 'JPM': 98}"
2019-06-28 12:59:00,BID_DEPTH,"[(99193, 502)]"
2019-06-28 12:59:00,ASK_DEPTH,"[(99618, 555)]"
2019-06-28 12:59:00,IMBALANCE,"[502, 555]"
2019-06-28 12:59:00,HOLDINGS_UPDATED,"{'CASH': 233957, 'JPM': 91}"
2019-06-28 13:00:00,BID_DEPTH,"[(99356, 200)]"
2019-06-28 13:00:00,ASK_DEPTH,"[(99618, 250)]"
2019-06-28 13:00:00,IMBALANCE,"[200, 250]"
2019-06-28 13:00:00,HOLDINGS_UPDATED,"{'CASH': 929449, 'JPM': 84}"
2019-06-28 13:01:00,BID_DEPTH,"[(99306, 136)]"
2019-06-28 13:01:00,ASK_DEPTH,"[(99618, 183)]"
2019-06-28 13:01:00,IMBALANCE,"[136, 183]"
2019-06-28 13:01:00,HOLDINGS_UPDATED,"{'CASH': 1624591, 'JPM': 77}"
2019-06-28 13:02:00,BID_DEPTH,"[(98637, 136)]"
2019-06-28 13:02:00,ASK_DEPTH,"[(99103, 192)]"
2019-06-28 13:02:00,IMBALANCE,"[136, 192]"
2019-06-28 13:02:00,HOLDINGS_UPDATED,"{'CASH': 2315050, 'JPM': 70}"
2019-06-28 13:03:00,BID_DEPTH,"[(98518, 158)]"
2019-06-28 13:03:00,ASK_DEPTH,"[(99103, 211)]"
2019-06-28 13:03:00,IMBALANCE,"[158, 211]"
2019-06-28 13:03:00,HOLDINGS_UPDATED,"{'CASH': 3004676, 'JPM': 63}"
2019-06-28 13:04:00,BID_DEPTH,"[(98229, 502)]"
2019-06-28 13:04:00,ASK_DEPTH,"[(99103, 652)]"
2019-06-28 13:04:00,IMBALANCE,"[502, 652]"
2019-06-28 13:04:00,HOLDINGS_UPDATED,"{'CASH': 3692279, 'JPM': 56}"
2019-06-28 13:05:00,BID_DEPTH,"[(98422, 158)]"
2019-06-28 13:05:00,ASK_DEPTH,"[(99103, 305)]"
2019-06-28 13:05:00,IMBALANCE,"[158, 305]"
2019-06-28 13:05:00,HOLDINGS_UPDATED,"{'CASH': 4381233, 'JPM': 49}"
2019-06-28 13:06:00,BID_DEPTH,"[(98435, 273)]"
2019-06-28 13:06:00,ASK_DEPTH,"[(99103, 329)]"
2019-06-28 13:06:00,IMBALANCE,"[273, 329]"
2019-06-28 13:06:00,HOLDINGS_UPDATED,"{'CASH': 5070278, 'JPM': 42}"
2019-06-28 13:07:00,BID_DEPTH,"[(98435, 502)]"
2019-06-28 13:07:00,ASK_DEPTH,"[(99103, 655)]"
2019-06-28 13:07:00,IMBALANCE,"[502, 655]"
2019-06-28 13:07:00,HOLDINGS_UPDATED,"{'CASH': 5759323, 'JPM': 35}"
2019-06-28 13:08:00,BID_DEPTH,"[(98356, 158)]"
2019-06-28 13:08:00,ASK_DEPTH,"[(99103, 308)]"
2019-06-28 13:08:00,IMBALANCE,"[158, 308]"
2019-06-28 13:08:00,HOLDINGS_UPDATED,"{'CASH': 6447815, 'JPM': 28}"
2019-06-28 13:09:00,BID_DEPTH,"[(98356, 158)]"
2019-06-28 13:09:00,ASK_DEPTH,"[(99434, 214)]"
2019-06-28 13:09:00,IMBALANCE,"[158, 214]"
2019-06-28 13:09:00,HOLDINGS_UPDATED,"{'CASH': 7136307, 'JPM': 21}"
2019-06-28 13:10:00,BID_DEPTH,"[(98357, 273)]"
2019-06-28 13:10:00,ASK_DEPTH,"[(99434, 329)]"
2019-06-28 13:10:00,IMBALANCE,"[273, 329]"
2019-06-28 13:10:00,HOLDINGS_UPDATED,"{'CASH': 7824806, 'JPM': 14}"
2019-06-28 13:11:00,BID_DEPTH,"[(98356, 502)]"
2019-06-28 13:11:00,ASK_DEPTH,"[(99618, 546)]"
2019-06-28 13:11:00,IMBALANCE,"[502, 546]"
2019-06-28 13:11:00,HOLDINGS_UPDATED,"{'CASH': 8513298, 'JPM': 7}"
2019-06-28 13:12:00,BID_DEPTH,"[(98744, 273)]"
2019-06-28 13:12:00,ASK_DEPTH,"[(99018, 329)]"
2019-06-28 13:12:00,IMBALANCE,"[273, 329]"
2019-06-28 13:12:00,HOLDINGS_UPDATED,{'CASH': 9204506}
2019-06-28 13:13:00,BID_DEPTH,"[(98700, 502)]"
2019-06-28 13:13:00,ASK_DEPTH,"[(98744, 558)]"
2019-06-28 13:13:00,IMBALANCE,"[502, 558]"
2019-06-28 13:13:00,HOLDINGS_UPDATED,"{'CASH': 9895406, 'JPM': -7}"
2019-06-28 13:14:00,BID_DEPTH,"[(98573, 158)]"
2019-06-28 13:14:00,ASK_DEPTH,"[(99018, 214)]"
2019-06-28 13:14:00,IMBALANCE,"[158, 214]"
2019-06-28 13:14:00,HOLDINGS_UPDATED,"{'CASH': 10585417, 'JPM': -14}"
2019-06-28 13:15:00,BID_DEPTH,"[(99018, 502)]"
2019-06-28 13:15:00,ASK_DEPTH,"[(99200, 558)]"
2019-06-28 13:15:00,IMBALANCE,"[502, 558]"
2019-06-28 13:15:00,HOLDINGS_UPDATED,"{'CASH': 11278543, 'JPM': -21}"
2019-06-28 13:16:00,BID_DEPTH,"[(99018, 273)]"
2019-06-28 13:16:00,ASK_DEPTH,"[(99200, 329)]"
2019-06-28 13:16:00,IMBALANCE,"[273, 329]"
2019-06-28 13:16:00,HOLDINGS_UPDATED,"{'CASH': 11971669, 'JPM': -28}"
2019-06-28 13:17:00,BID_DEPTH,"[(98229, 502)]"
2019-06-28 13:17:00,ASK_DEPTH,"[(99200, 558)]"
2019-06-28 13:17:00,IMBALANCE,"[502, 558]"
2019-06-28 13:17:00,HOLDINGS_UPDATED,"{'CASH': 12659272, 'JPM': -35}"
2019-06-28 13:18:00,BID_DEPTH,"[(98229, 200)]"
2019-06-28 13:18:00,ASK_DEPTH,"[(99420, 256)]"
2019-06-28 13:18:00,IMBALANCE,"[200, 256]"
2019-06-28 13:18:00,HOLDINGS_UPDATED,"{'CASH': 13346875, 'JPM': -42}"
2019-06-28 13:19:00,BID_DEPTH,"[(98987, 158)]"
2019-06-28 13:19:00,ASK_DEPTH,"[(99420, 214)]"
2019-06-28 13:19:00,IMBALANCE,"[158, 214]"
2019-06-28 13:19:00,HOLDINGS_UPDATED,"{'CASH': 14039784, 'JPM': -49}"
2019-06-28 13:20:00,BID_DEPTH,"[(99514, 200)]"
2019-06-28 13:20:00,ASK_DEPTH,"[(99564, 256)]"
2019-06-28 13:20:00,IMBALANCE,"[200, 256]"
2019-06-28 13:20:00,HOLDINGS_UPDATED,"{'CASH': 14736382, 'JPM': -56}"
2019-06-28 13:21:00,BID_DEPTH,"[(98862, 502)]"
2019-06-28 13:21:00,ASK_DEPTH,"[(99564, 558)]"
2019-06-28 13:21:00,IMBALANCE,"[502, 558]"
2019-06-28 13:21:00,HOLDINGS_UPDATED,"{'CASH': 15428416, 'JPM': -63}"
2019-06-28 13:22:00,BID_DEPTH,"[(99442, 158)]"
2019-06-28 13:22:00,ASK_DEPTH,"[(99564, 214)]"
2019-06-28 13:22:00,IMBALANCE,"[158, 214]"
2019-06-28 13:22:00,HOLDINGS_UPDATED,"{'CASH': 16124510, 'JPM': -70}"
2019-06-28 13:23:00,BID_DEPTH,"[(99080, 200)]"
2019-06-28 13:23:00,ASK_DEPTH,"[(99564, 256)]"
2019-06-28 13:23:00,IMBALANCE,"[200, 256]"
2019-06-28 13:23:00,HOLDINGS_UPDATED,"{'CASH': 16818070, 'JPM': -77}"
2019-06-28 13:24:00,BID_DEPTH,"[(99080, 136)]"
2019-06-28 13:24:00,ASK_DEPTH,"[(99658, 192)]"
2019-06-28 13:24:00,IMBALANCE,"[136, 192]"
2019-06-28 13:24:00,HOLDINGS_UPDATED,"{'CASH': 17511630, 'JPM': -84}"
2019-06-28 13:25:00,BID_DEPTH,"[(98202, 273)]"
2019-06-28 13:25:00,ASK_DEPTH,"[(99815, 329)]"
2019-06-28 13:25:00,IMBALANCE,"[273, 329]"
2019-06-28 13:25:00,HOLDINGS_UPDATED,"{'CASH': 18199044, 'JPM': -91}"
2019-06-28 13:26:00,BID_DEPTH,"[(99977, 410)]"
2019-06-28 13:26:00,ASK_DEPTH,"[(99996, 558)]"
2019-06-28 13:26:00,IMBALANCE,"[410, 558]"
2019-06-28 13:26:00,HOLDINGS_UPDATED,"{'CASH': 18898883, 'JPM': -98}"
2019-06-28 13:27:00,BID_DEPTH,"[(98202, 273)]"
2019-06-28 13:27:00,ASK_DEPTH,"[(100141, 329)]"
2019-06-28 13:27:00,IMBALANCE,"[273, 329]"
2019-06-28 13:27:00,HOLDINGS_UPDATED,"{'CASH': 19586297, 'JPM': -105}"
2019-06-28 13:28:00,BID_DEPTH,"[(97891, 136)]"
2019-06-28 13:28:00,ASK_DEPTH,"[(100141, 192)]"
2019-06-28 13:28:00,IMBALANCE,"[136, 192]"
2019-06-28 13:28:00,HOLDINGS_UPDATED,"{'CASH': 20271534, 'JPM': -112}"
2019-06-28 13:29:00,BID_DEPTH,[]
2019-06-28 13:29:00,ASK_DEPTH,"[(100200, 91)]"
2019-06-28 13:29:00,IMBALANCE,"[0, 91]"
2019-06-28 13:30:00,BID_DEPTH,"[(100200, 109)]"
2019-06-28 13:30:00,ASK_DEPTH,"[(100591, 256)]"
2019-06-28 13:30:00,IMBALANCE,"[109, 256]"
2019-06-28 13:30:00,HOLDINGS_UPDATED,"{'CASH': 20972934, 'JPM': -119}"
2019-06-28 13:31:00,BID_DEPTH,"[(100443, 502)]"
2019-06-28 13:31:00,ASK_DEPTH,"[(100591, 558)]"
2019-06-28 13:31:00,IMBALANCE,"[502, 558]"
2019-06-28 13:31:00,HOLDINGS_UPDATED,"{'CASH': 21676035, 'JPM': -126}"
2019-06-28 13:32:00,BID_DEPTH,"[(100443, 136)]"
2019-06-28 13:32:00,ASK_DEPTH,"[(100591, 192)]"
2019-06-28 13:32:00,IMBALANCE,"[136, 192]"
2019-06-28 13:32:00,HOLDINGS_UPDATED,"{'CASH': 22379136, 'JPM': -133}"
2019-06-28 13:33:00,BID_DEPTH,"[(100339, 200)]"
2019-06-28 13:33:00,ASK_DEPTH,"[(100617, 256)]"
2019-06-28 13:33:00,IMBALANCE,"[200, 256]"
2019-06-28 13:33:00,HOLDINGS_UPDATED,"{'CASH': 23081509, 'JPM': -140}"
2019-06-28 13:34:00,BID_DEPTH,"[(100339, 558)]"
2019-06-28 13:34:00,ASK_DEPTH,"[(100617, 572)]"
2019-06-28 13:34:00,IMBALANCE,"[558, 572]"
2019-06-28 13:34:00,HOLDINGS_UPDATED,"{'CASH': 22377190, 'JPM': -133}"
2019-06-28 13:35:00,BID_DEPTH,"[(100339, 211)]"
2019-06-28 13:35:00,ASK_DEPTH,"[(100487, 158)]"
2019-06-28 13:35:00,IMBALANCE,"[211, 158]"
2019-06-28 13:35:00,HOLDINGS_UPDATED,"{'CASH': 21673781, 'JPM': -126}"
2019-06-28 13:36:00,BID_DEPTH,"[(100423, 214)]"
2019-06-28 13:36:00,ASK_DEPTH,"[(100487, 358)]"
2019-06-28 13:36:00,IMBALANCE,"[214, 358]"
2019-06-28 13:36:00,HOLDINGS_UPDATED,"{'CASH': 20970372, 'JPM': -119}"
2019-06-28 13:37:00,BID_DEPTH,"[(100423, 555)]"
2019-06-28 13:37:00,ASK_DEPTH,"[(100480, 502)]"
2019-06-28 13:37:00,IMBALANCE,"[555, 502]"
2019-06-28 13:37:00,HOLDINGS_UPDATED,"{'CASH': 20267012, 'JPM': -112}"
2019-06-28 13:38:00,BID_DEPTH,"[(100458, 192)]"
2019-06-28 13:38:00,ASK_DEPTH,"[(100617, 78)]"
2019-06-28 13:38:00,IMBALANCE,"[192, 78]"
2019-06-28 13:38:00,HOLDINGS_UPDATED,"{'CASH': 19562693, 'JPM': -105}"
2019-06-28 13:39:00,BID_DEPTH,"[(100458, 526)]"
2019-06-28 13:39:00,ASK_DEPTH,"[(100622, 273)]"
2019-06-28 13:39:00,IMBALANCE,"[526, 273]"
2019-06-28 13:39:00,HOLDINGS_UPDATED,"{'CASH': 18858339, 'JPM': -98}"
2019-06-28 13:40:00,BID_DEPTH,"[(100458, 823)]"
2019-06-28 13:40:00,ASK_DEPTH,"[(100707, 273)]"
2019-06-28 13:40:00,IMBALANCE,"[823, 273]"
2019-06-28 13:40:00,HOLDINGS_UPDATED,"{'CASH': 18153390, 'JPM': -91}"
2019-06-28 13:41:00,BID_DEPTH,"[(100549, 214)]"
2019-06-28 13:41:00,ASK_DEPTH,"[(100814, 158)]"
2019-06-28 13:41:00,IMBALANCE,"[214, 158]"
2019-06-28 13:41:00,HOLDINGS_UPDATED,"{'CASH': 17447692, 'JPM': -84}"
2019-06-28 13:42:00,BID_DEPTH,"[(100458, 949)]"
2019-06-28 13:42:00,ASK_DEPTH,"[(100841, 502)]"
2019-06-28 13:42:00,IMBALANCE,"[949, 502]"
2019-06-28 13:42:00,HOLDINGS_UPDATED,"{'CASH': 16741805, 'JPM': -77}"
2019-06-28 13:43:00,BID_DEPTH,"[(100458, 644)]"
2019-06-28 13:43:00,ASK_DEPTH,"[(100655, 200)]"
2019-06-28 13:43:00,IMBALANCE,"[644, 200]"
2019-06-28 13:43:00,HOLDINGS_UPDATED,"{'CASH': 16037220, 'JPM': -70}"
2019-06-28 13:44:00,BID_DEPTH,"[(100458, 492)]"
2019-06-28 13:44:00,ASK_DEPTH,"[(100841, 136)]"
2019-06-28 13:44:00,IMBALANCE,"[492, 136]"
2019-06-28 13:44:00,HOLDINGS_UPDATED,"{'CASH': 15331333, 'JPM': -63}"
2019-06-28 13:45:00,BID_DEPTH,"[(100818, 192)]"
2019-06-28 13:45:00,ASK_DEPTH,"[(100898, 136)]"
2019-06-28 13:45:00,IMBALANCE,"[192, 136]"
2019-06-28 13:45:00,HOLDINGS_UPDATED,"{'CASH': 14625047, 'JPM': -56}"
2019-06-28 13:46:00,BID_DEPTH,"[(100819, 256)]"
2019-06-28 13:46:00,ASK_DEPTH,"[(101069, 200)]"
2019-06-28 13:46:00,IMBALANCE,"[256, 200]"
2019-06-28 13:46:00,HOLDINGS_UPDATED,"{'CASH': 13917564, 'JPM': -49}"
2019-06-28 13:47:00,BID_DEPTH,"[(100819, 311)]"
2019-06-28 13:47:00,ASK_DEPTH,"[(101233, 158)]"
2019-06-28 13:47:00,IMBALANCE,"[311, 158]"
2019-06-28 13:47:00,HOLDINGS_UPDATED,"{'CASH': 13208933, 'JPM': -42}"
2019-06-28 13:48:00,BID_DEPTH,"[(100819, 286)]"
2019-06-28 13:48:00,ASK_DEPTH,"[(100866, 136)]"
2019-06-28 13:48:00,IMBALANCE,"[286, 136]"
2019-06-28 13:48:00,HOLDINGS_UPDATED,"{'CASH': 12502871, 'JPM': -35}"
2019-06-28 13:49:00,BID_DEPTH,"[(100819, 305)]"
2019-06-28 13:49:00,ASK_DEPTH,"[(101233, 158)]"
2019-06-28 13:49:00,IMBALANCE,"[305, 158]"
2019-06-28 13:49:00,HOLDINGS_UPDATED,"{'CASH': 11794240, 'JPM': -28}"
2019-06-28 13:50:00,BID_DEPTH,"[(100703, 558)]"
2019-06-28 13:50:00,ASK_DEPTH,"[(100819, 502)]"
2019-06-28 13:50:00,IMBALANCE,"[558, 502]"
2019-06-28 13:50:00,HOLDINGS_UPDATED,"{'CASH': 11088507, 'JPM': -21}"
2019-06-28 13:51:00,BID_DEPTH,"[(100703, 655)]"
2019-06-28 13:51:00,ASK_DEPTH,"[(100793, 502)]"
2019-06-28 13:51:00,IMBALANCE,"[655, 502]"
2019-06-28 13:51:00,HOLDINGS_UPDATED,"{'CASH': 10382956, 'JPM': -14}"
2019-06-28 13:52:00,BID_DEPTH,"[(100763, 329)]"
2019-06-28 13:52:00,ASK_DEPTH,"[(100920, 273)]"
2019-06-28 13:52:00,IMBALANCE,"[329, 273]"
2019-06-28 13:52:00,HOLDINGS_UPDATED,"{'CASH': 9676516, 'JPM': -7}"
2019-06-28 13:53:00,BID_DEPTH,"[(100703, 423)]"
2019-06-28 13:53:00,ASK_DEPTH,"[(100920, 273)]"
2019-06-28 13:53:00,IMBALANCE,"[423, 273]"
2019-06-28 13:53:00,HOLDINGS_UPDATED,{'CASH': 8970076}
2019-06-28 13:54:00,BID_DEPTH,"[(100650, 329)]"
2019-06-28 13:54:00,ASK_DEPTH,"[(101013, 273)]"
2019-06-28 13:54:00,IMBALANCE,"[329, 273]"
2019-06-28 13:54:00,HOLDINGS_UPDATED,"{'CASH': 8262985, 'JPM': 7}"
2019-06-28 13:55:00,BID_DEPTH,"[(100461, 256)]"
2019-06-28 13:55:00,ASK_DEPTH,"[(100650, 200)]"
2019-06-28 13:55:00,IMBALANCE,"[256, 200]"
2019-06-28 13:55:00,HOLDINGS_UPDATED,"{'CASH': 7558435, 'JPM': 14}"
2019-06-28 13:56:00,BID_DEPTH,"[(100458, 211)]"
2019-06-28 13:56:00,ASK_DEPTH,"[(101383, 158)]"
2019-06-28 13:56:00,IMBALANCE,"[211, 158]"
2019-06-28 13:56:00,HOLDINGS_UPDATED,"{'CASH': 6848754, 'JPM': 21}"
2019-06-28 13:57:00,BID_DEPTH,"[(100351, 558)]"
2019-06-28 13:57:00,ASK_DEPTH,"[(100457, 502)]"
2019-06-28 13:57:00,IMBALANCE,"[558, 502]"
2019-06-28 13:57:00,HOLDINGS_UPDATED,"{'CASH': 6145555, 'JPM': 28}"
2019-06-28 13:58:00,BID_DEPTH,"[(100081, 256)]"
2019-06-28 13:58:00,ASK_DEPTH,"[(100248, 200)]"
2019-06-28 13:58:00,IMBALANCE,"[256, 200]"
2019-06-28 13:58:00,HOLDINGS_UPDATED,"{'CASH': 5443819, 'JPM': 35}"
2019-06-28 13:59:00,BID_DEPTH,"[(99656, 329)]"
2019-06-28 13:59:00,ASK_DEPTH,"[(100248, 273)]"
2019-06-28 13:59:00,IMBALANCE,"[329, 273]"
2019-06-28 13:59:00,HOLDINGS_UPDATED,"{'CASH': 4742083, 'JPM': 42}"
2019-06-28 14:00:00,BID_DEPTH,"[(99581, 329)]"
2019-06-28 14:00:00,ASK_DEPTH,"[(99656, 373)]"
2019-06-28 14:00:00,IMBALANCE,"[329, 373]"
2019-06-28 14:00:00,HOLDINGS_UPDATED,"{'CASH': 4044491, 'JPM': 49}"
2019-06-28 14:01:00,BID_DEPTH,"[(99409, 192)]"
2019-06-28 14:01:00,ASK_DEPTH,"[(99561, 136)]"
2019-06-28 14:01:00,IMBALANCE,"[192, 136]"
2019-06-28 14:01:00,HOLDINGS_UPDATED,"{'CASH': 3347564, 'JPM': 56}"
2019-06-28 14:02:00,BID_DEPTH,"[(99350, 558)]"
2019-06-28 14:02:00,ASK_DEPTH,"[(99378, 502)]"
2019-06-28 14:02:00,IMBALANCE,"[558, 502]"
2019-06-28 14:02:00,HOLDINGS_UPDATED,"{'CASH': 2651918, 'JPM': 63}"
2019-06-28 14:03:00,BID_DEPTH,"[(99350, 256)]"
2019-06-28 14:03:00,ASK_DEPTH,"[(99656, 272)]"
2019-06-28 14:03:00,IMBALANCE,"[256, 272]"
2019-06-28 14:03:00,HOLDINGS_UPDATED,"{'CASH': 1954326, 'JPM': 70}"
2019-06-28 14:04:00,BID_DEPTH,"[(99657, 558)]"
2019-06-28 14:04:00,ASK_DEPTH,"[(99968, 502)]"
2019-06-28 14:04:00,IMBALANCE,"[558, 502]"
2019-06-28 14:04:00,HOLDINGS_UPDATED,"{'CASH': 1254550, 'JPM': 77}"
2019-06-28 14:05:00,BID_DEPTH,"[(100030, 100)]"
2019-06-28 14:05:00,ASK_DEPTH,"[(100136, 136)]"
2019-06-28 14:05:00,IMBALANCE,"[100, 136]"
2019-06-28 14:05:00,HOLDINGS_UPDATED,"{'CASH': 553598, 'JPM': 84}"
2019-06-28 14:06:00,BID_DEPTH,"[(100030, 164)]"
2019-06-28 14:06:00,ASK_DEPTH,"[(100327, 200)]"
2019-06-28 14:06:00,IMBALANCE,"[164, 200]"
2019-06-28 14:06:00,HOLDINGS_UPDATED,"{'CASH': -148691, 'JPM': 91}"
2019-06-28 14:07:00,BID_DEPTH,"[(100246, 214)]"
2019-06-28 14:07:00,ASK_DEPTH,"[(100351, 158)]"
2019-06-28 14:07:00,IMBALANCE,"[214, 158]"
2019-06-28 14:07:00,HOLDINGS_UPDATED,"{'CASH': -851148, 'JPM': 98}"
2019-06-28 14:08:00,BID_DEPTH,"[(100155, 558)]"
2019-06-28 14:08:00,ASK_DEPTH,"[(100448, 502)]"
2019-06-28 14:08:00,IMBALANCE,"[558, 502]"
2019-06-28 14:08:00,HOLDINGS_UPDATED,"{'CASH': -1554284, 'JPM': 105}"
2019-06-28 14:09:00,BID_DEPTH,"[(100030, 100)]"
2019-06-28 14:09:00,ASK_DEPTH,"[(100202, 136)]"
2019-06-28 14:09:00,IMBALANCE,"[100, 136]"
2019-06-28 14:09:00,HOLDINGS_UPDATED,"{'CASH': -2255698, 'JPM': 112}"
2019-06-28 14:10:00,BID_DEPTH,"[(100030, 270)]"
2019-06-28 14:10:00,ASK_DEPTH,"[(100448, 329)]"
2019-06-28 14:10:00,IMBALANCE,"[270, 329]"
2019-06-28 14:10:00,HOLDINGS_UPDATED,"{'CASH': -1555488, 'JPM': 105}"
2019-06-28 14:11:00,BID_DEPTH,"[(100217, 273)]"
2019-06-28 14:11:00,ASK_DEPTH,"[(100448, 329)]"
2019-06-28 14:11:00,IMBALANCE,"[273, 329]"
2019-06-28 14:11:00,HOLDINGS_UPDATED,"{'CASH': -853969, 'JPM': 98}"
2019-06-28 14:12:00,BID_DEPTH,"[(100030, 502)]"
2019-06-28 14:12:00,ASK_DEPTH,"[(100448, 558)]"
2019-06-28 14:12:00,IMBALANCE,"[502, 558]"
2019-06-28 14:12:00,HOLDINGS_UPDATED,"{'CASH': -153759, 'JPM': 91}"
2019-06-28 14:13:00,BID_DEPTH,"[(99931, 158)]"
2019-06-28 14:13:00,ASK_DEPTH,"[(100485, 214)]"
2019-06-28 14:13:00,IMBALANCE,"[158, 214]"
2019-06-28 14:13:00,HOLDINGS_UPDATED,"{'CASH': 545758, 'JPM': 84}"
2019-06-28 14:14:00,BID_DEPTH,"[(99931, 602)]"
2019-06-28 14:14:00,ASK_DEPTH,"[(100485, 558)]"
2019-06-28 14:14:00,IMBALANCE,"[602, 558]"
2019-06-28 14:14:00,HOLDINGS_UPDATED,"{'CASH': 1245275, 'JPM': 77}"
2019-06-28 14:15:00,BID_DEPTH,"[(99931, 342)]"
2019-06-28 14:15:00,ASK_DEPTH,"[(100485, 329)]"
2019-06-28 14:15:00,IMBALANCE,"[342, 329]"
2019-06-28 14:15:00,HOLDINGS_UPDATED,"{'CASH': 1944792, 'JPM': 70}"
2019-06-28 14:16:00,BID_DEPTH,"[(99909, 200)]"
2019-06-28 14:16:00,ASK_DEPTH,"[(100485, 256)]"
2019-06-28 14:16:00,IMBALANCE,"[200, 256]"
2019-06-28 14:16:00,HOLDINGS_UPDATED,"{'CASH': 2644155, 'JPM': 63}"
2019-06-28 14:17:00,BID_DEPTH,"[(100039, 158)]"
2019-06-28 14:17:00,ASK_DEPTH,"[(100242, 214)]"
2019-06-28 14:17:00,IMBALANCE,"[158, 214]"
2019-06-28 14:17:00,HOLDINGS_UPDATED,"{'CASH': 3344428, 'JPM': 56}"
2019-06-28 14:18:00,BID_DEPTH,"[(99860, 273)]"
2019-06-28 14:18:00,ASK_DEPTH,"[(100242, 329)]"
2019-06-28 14:18:00,IMBALANCE,"[273, 329]"
2019-06-28 14:18:00,HOLDINGS_UPDATED,"{'CASH': 4043448, 'JPM': 49}"
2019-06-28 14:19:00,BID_DEPTH,"[(99804, 273)]"
2019-06-28 14:19:00,ASK_DEPTH,"[(100316, 329)]"
2019-06-28 14:19:00,IMBALANCE,"[273, 329]"
2019-06-28 14:19:00,HOLDINGS_UPDATED,"{'CASH': 4742076, 'JPM': 42}"
2019-06-28 14:20:00,BID_DEPTH,"[(100316, 44)]"
2019-06-28 14:20:00,ASK_DEPTH,"[(100406, 192)]"
2019-06-28 14:20:00,IMBALANCE,"[44, 192]"
2019-06-28 14:20:00,HOLDINGS_UPDATED,"{'CASH': 5444288, 'JPM': 35}"
2019-06-28 14:21:00,BID_DEPTH,"[(99805, 300)]"
2019-06-28 14:21:00,ASK_DEPTH,"[(100477, 256)]"
2019-06-28 14:21:00,IMBALANCE,"[300, 256]"
2019-06-28 14:21:00,HOLDINGS_UPDATED,"{'CASH': 6142923, 'JPM': 28}"
2019-06-28 14:22:00,BID_DEPTH,"[(100455, 200)]"
2019-06-28 14:22:00,ASK_DEPTH,"[(100477, 256)]"
2019-06-28 14:22:00,IMBALANCE,"[200, 256]"
2019-06-28 14:22:00,HOLDINGS_UPDATED,"{'CASH': 6846108, 'JPM': 21}"
2019-06-28 14:23:00,BID_DEPTH,"[(100170, 158)]"
2019-06-28 14:23:00,ASK_DEPTH,"[(100455, 214)]"
2019-06-28 14:23:00,IMBALANCE,"[158, 214]"
2019-06-28 14:23:00,HOLDINGS_UPDATED,"{'CASH': 7547298, 'JPM': 14}"
2019-06-28 14:24:00,BID_DEPTH,"[(99805, 272)]"
2019-06-28 14:24:00,ASK_DEPTH,"[(100455, 256)]"
2019-06-28 14:24:00,IMBALANCE,"[272, 256]"
2019-06-28 14:24:00,HOLDINGS_UPDATED,"{'CASH': 8245933, 'JPM': 7}"
2019-06-28 14:25:00,BID_DEPTH,"[(99793, 502)]"
2019-06-28 14:25:00,ASK_DEPTH,"[(99805, 558)]"
2019-06-28 14:25:00,IMBALANCE,"[502, 558]"
2019-06-28 14:25:00,HOLDINGS_UPDATED,{'CASH': 8944484}
2019-06-28 14:26:00,BID_DEPTH,"[(99867, 200)]"
2019-06-28 14:26:00,ASK_DEPTH,"[(100174, 256)]"
2019-06-28 14:26:00,IMBALANCE,"[200, 256]"
2019-06-28 14:26:00,HOLDINGS_UPDATED,"{'CASH': 9643553, 'JPM': -7}"
2019-06-28 14:27:00,BID_DEPTH,"[(100370, 200)]"
2019-06-28 14:27:00,ASK_DEPTH,"[(100389, 256)]"
2019-06-28 14:27:00,IMBALANCE,"[200, 256]"
2019-06-28 14:27:00,HOLDINGS_UPDATED,"{'CASH': 10346143, 'JPM': -14}"
2019-06-28 14:28:00,BID_DEPTH,"[(100294, 273)]"
2019-06-28 14:28:00,ASK_DEPTH,"[(100504, 329)]"
2019-06-28 14:28:00,IMBALANCE,"[273, 329]"
2019-06-28 14:28:00,HOLDINGS_UPDATED,"{'CASH': 11048201, 'JPM': -21}"
2019-06-28 14:29:00,BID_DEPTH,"[(99740, 136)]"
2019-06-28 14:29:00,ASK_DEPTH,"[(100548, 192)]"
2019-06-28 14:29:00,IMBALANCE,"[136, 192]"
2019-06-28 14:29:00,HOLDINGS_UPDATED,"{'CASH': 11746381, 'JPM': -28}"
2019-06-28 14:30:00,BID_DEPTH,[]
2019-06-28 14:30:00,ASK_DEPTH,"[(100593, 100)]"
2019-06-28 14:30:00,IMBALANCE,"[0, 100]"
2019-06-28 14:31:00,BID_DEPTH,[]
2019-06-28 14:31:00,ASK_DEPTH,"[(100853, 100)]"
2019-06-28 14:31:00,IMBALANCE,"[0, 100]"
2019-06-28 14:32:00,BID_DEPTH,"[(100788, 158)]"
2019-06-28 14:32:00,ASK_DEPTH,"[(101015, 214)]"
2019-06-28 14:32:00,IMBALANCE,"[158, 214]"
2019-06-28 14:32:00,HOLDINGS_UPDATED,"{'CASH': 12451897, 'JPM': -35}"
2019-06-28 14:33:00,BID_DEPTH,"[(100955, 502)]"
2019-06-28 14:33:00,ASK_DEPTH,"[(101015, 558)]"
2019-06-28 14:33:00,IMBALANCE,"[502, 558]"
2019-06-28 14:33:00,HOLDINGS_UPDATED,"{'CASH': 13158582, 'JPM': -42}"
2019-06-28 14:34:00,BID_DEPTH,"[(100885, 136)]"
2019-06-28 14:34:00,ASK_DEPTH,"[(101015, 192)]"
2019-06-28 14:34:00,IMBALANCE,"[136, 192]"
2019-06-28 14:34:00,HOLDINGS_UPDATED,"{'CASH': 13864777, 'JPM': -49}"
2019-06-28 14:35:00,BID_DEPTH,"[(101069, 158)]"
2019-06-28 14:35:00,ASK_DEPTH,"[(101120, 214)]"
2019-06-28 14:35:00,IMBALANCE,"[158, 214]"
2019-06-28 14:35:00,HOLDINGS_UPDATED,"{'CASH': 14572260, 'JPM': -56}"
2019-06-28 14:36:00,BID_DEPTH,"[(100885, 858)]"
2019-06-28 14:36:00,ASK_DEPTH,"[(101120, 502)]"
2019-06-28 14:36:00,IMBALANCE,"[858, 502]"
2019-06-28 14:36:00,HOLDINGS_UPDATED,"{'CASH': 13864420, 'JPM': -49}"
2019-06-28 14:37:00,BID_DEPTH,"[(101120, 329)]"
2019-06-28 14:37:00,ASK_DEPTH,"[(101629, 273)]"
2019-06-28 14:37:00,IMBALANCE,"[329, 273]"
2019-06-28 14:37:00,HOLDINGS_UPDATED,"{'CASH': 13153017, 'JPM': -42}"
2019-06-28 14:38:00,BID_DEPTH,"[(102042, 256)]"
2019-06-28 14:38:00,ASK_DEPTH,"[(102831, 200)]"
2019-06-28 14:38:00,IMBALANCE,"[256, 200]"
2019-06-28 14:38:00,HOLDINGS_UPDATED,"{'CASH': 12433200, 'JPM': -35}"
2019-06-28 14:39:00,BID_DEPTH,"[(102164, 192)]"
2019-06-28 14:39:00,ASK_DEPTH,"[(102831, 136)]"
2019-06-28 14:39:00,IMBALANCE,"[192, 136]"
2019-06-28 14:39:00,HOLDINGS_UPDATED,"{'CASH': 11713383, 'JPM': -28}"
2019-06-28 14:40:00,BID_DEPTH,"[(101629, 100)]"
2019-06-28 14:40:00,ASK_DEPTH,[]
2019-06-28 14:40:00,IMBALANCE,"[100, 0]"
2019-06-28 14:41:00,BID_DEPTH,"[(101355, 329)]"
2019-06-28 14:41:00,ASK_DEPTH,"[(102042, 373)]"
2019-06-28 14:41:00,IMBALANCE,"[329, 373]"
2019-06-28 14:41:00,HOLDINGS_UPDATED,"{'CASH': 10999089, 'JPM': -21}"
2019-06-28 14:42:00,BID_DEPTH,"[(101464, 256)]"
2019-06-28 14:42:00,ASK_DEPTH,"[(101512, 200)]"
2019-06-28 14:42:00,IMBALANCE,"[256, 200]"
2019-06-28 14:42:00,HOLDINGS_UPDATED,"{'CASH': 10288505, 'JPM': -14}"
2019-06-28 14:43:00,BID_DEPTH,"[(101368, 256)]"
2019-06-28 14:43:00,ASK_DEPTH,"[(102042, 172)]"
2019-06-28 14:43:00,IMBALANCE,"[256, 172]"
2019-06-28 14:43:00,HOLDINGS_UPDATED,"{'CASH': 9574211, 'JPM': -7}"
2019-06-28 14:44:00,BID_DEPTH,"[(101368, 214)]"
2019-06-28 14:44:00,ASK_DEPTH,"[(101630, 158)]"
2019-06-28 14:44:00,IMBALANCE,"[214, 158]"
2019-06-28 14:44:00,HOLDINGS_UPDATED,{'CASH': 8862801}
2019-06-28 14:45:00,BID_DEPTH,"[(101247, 214)]"
2019-06-28 14:45:00,ASK_DEPTH,"[(101630, 158)]"
2019-06-28 14:45:00,IMBALANCE,"[214, 158]"
2019-06-28 14:45:00,HOLDINGS_UPDATED,"{'CASH': 8151391, 'JPM': 7}"
2019-06-28 14:46:00,BID_DEPTH,"[(101083, 100)]"
2019-06-28 14:46:00,ASK_DEPTH,[]
2019-06-28 14:46:00,IMBALANCE,"[100, 0]"
2019-06-28 14:47:00,BID_DEPTH,"[(100885, 192)]"
2019-06-28 14:47:00,ASK_DEPTH,"[(101083, 136)]"
2019-06-28 14:47:00,IMBALANCE,"[192, 136]"
2019-06-28 14:47:00,HOLDINGS_UPDATED,"{'CASH': 7443810, 'JPM': 14}"
2019-06-28 14:48:00,BID_DEPTH,"[(100177, 192)]"
2019-06-28 14:48:00,ASK_DEPTH,"[(101247, 136)]"
2019-06-28 14:48:00,IMBALANCE,"[192, 136]"
2019-06-28 14:48:00,HOLDINGS_UPDATED,"{'CASH': 6735081, 'JPM': 21}"
2019-06-28 14:49:00,BID_DEPTH,"[(100157, 214)]"
2019-06-28 14:49:00,ASK_DEPTH,"[(100171, 144)]"
2019-06-28 14:49:00,IMBALANCE,"[214, 144]"
2019-06-28 14:49:00,HOLDINGS_UPDATED,"{'CASH': 6033884, 'JPM': 28}"
2019-06-28 14:50:00,BID_DEPTH,"[(99323, 558)]"
2019-06-28 14:50:00,ASK_DEPTH,"[(100171, 502)]"
2019-06-28 14:50:00,IMBALANCE,"[558, 502]"
2019-06-28 14:50:00,HOLDINGS_UPDATED,"{'CASH': 5332687, 'JPM': 35}"
2019-06-28 14:51:00,BID_DEPTH,"[(99171, 558)]"
2019-06-28 14:51:00,ASK_DEPTH,"[(99482, 502)]"
2019-06-28 14:51:00,IMBALANCE,"[558, 502]"
2019-06-28 14:51:00,HOLDINGS_UPDATED,"{'CASH': 4636313, 'JPM': 42}"
2019-06-28 14:52:00,BID_DEPTH,"[(99297, 256)]"
2019-06-28 14:52:00,ASK_DEPTH,"[(99482, 200)]"
2019-06-28 14:52:00,IMBALANCE,"[256, 200]"
2019-06-28 14:52:00,HOLDINGS_UPDATED,"{'CASH': 3939939, 'JPM': 49}"
2019-06-28 14:53:00,BID_DEPTH,"[(99392, 558)]"
2019-06-28 14:53:00,ASK_DEPTH,"[(99398, 502)]"
2019-06-28 14:53:00,IMBALANCE,"[558, 502]"
2019-06-28 14:53:00,HOLDINGS_UPDATED,"{'CASH': 3244153, 'JPM': 56}"
2019-06-28 14:54:00,BID_DEPTH,"[(99398, 214)]"
2019-06-28 14:54:00,ASK_DEPTH,"[(99481, 158)]"
2019-06-28 14:54:00,IMBALANCE,"[214, 158]"
2019-06-28 14:54:00,HOLDINGS_UPDATED,"{'CASH': 2547786, 'JPM': 63}"
2019-06-28 14:55:00,BID_DEPTH,"[(99398, 192)]"
2019-06-28 14:55:00,ASK_DEPTH,"[(99766, 136)]"
2019-06-28 14:55:00,IMBALANCE,"[192, 136]"
2019-06-28 14:55:00,HOLDINGS_UPDATED,"{'CASH': 1849424, 'JPM': 70}"
2019-06-28 14:56:00,BID_DEPTH,"[(99766, 329)]"
2019-06-28 14:56:00,ASK_DEPTH,"[(99825, 273)]"
2019-06-28 14:56:00,IMBALANCE,"[329, 273]"
2019-06-28 14:56:00,HOLDINGS_UPDATED,"{'CASH': 1150649, 'JPM': 77}"
2019-06-28 14:57:00,BID_DEPTH,"[(99766, 192)]"
2019-06-28 14:57:00,ASK_DEPTH,"[(99964, 136)]"
2019-06-28 14:57:00,IMBALANCE,"[192, 136]"
2019-06-28 14:57:00,HOLDINGS_UPDATED,"{'CASH': 450901, 'JPM': 84}"
2019-06-28 14:58:00,BID_DEPTH,"[(99766, 214)]"
2019-06-28 14:58:00,ASK_DEPTH,"[(99963, 158)]"
2019-06-28 14:58:00,IMBALANCE,"[214, 158]"
2019-06-28 14:58:00,HOLDINGS_UPDATED,"{'CASH': -248840, 'JPM': 91}"
2019-06-28 14:59:00,BID_DEPTH,"[(99837, 558)]"
2019-06-28 14:59:00,ASK_DEPTH,"[(99892, 502)]"
2019-06-28 14:59:00,IMBALANCE,"[558, 502]"
2019-06-28 14:59:00,HOLDINGS_UPDATED,"{'CASH': -948084, 'JPM': 98}"
2019-06-28 15:00:00,BID_DEPTH,"[(99766, 136)]"
2019-06-28 15:00:00,ASK_DEPTH,"[(99892, 192)]"
2019-06-28 15:00:00,IMBALANCE,"[136, 192]"
2019-06-28 15:00:00,HOLDINGS_UPDATED,"{'CASH': -249722, 'JPM': 91}"
2019-06-28 15:01:00,BID_DEPTH,"[(99712, 158)]"
2019-06-28 15:01:00,ASK_DEPTH,"[(99892, 211)]"
2019-06-28 15:01:00,IMBALANCE,"[158, 211]"
2019-06-28 15:01:00,HOLDINGS_UPDATED,"{'CASH': 448262, 'JPM': 84}"
2019-06-28 15:02:00,BID_DEPTH,"[(99709, 158)]"
2019-06-28 15:02:00,ASK_DEPTH,"[(99713, 214)]"
2019-06-28 15:02:00,IMBALANCE,"[158, 214]"
2019-06-28 15:02:00,HOLDINGS_UPDATED,"{'CASH': 1146225, 'JPM': 77}"
2019-06-28 15:03:00,BID_DEPTH,"[(99554, 200)]"
2019-06-28 15:03:00,ASK_DEPTH,"[(99963, 256)]"
2019-06-28 15:03:00,IMBALANCE,"[200, 256]"
2019-06-28 15:03:00,HOLDINGS_UPDATED,"{'CASH': 1843103, 'JPM': 70}"
2019-06-28 15:04:00,BID_DEPTH,"[(99500, 273)]"
2019-06-28 15:04:00,ASK_DEPTH,"[(99963, 326)]"
2019-06-28 15:04:00,IMBALANCE,"[273, 326]"
2019-06-28 15:04:00,HOLDINGS_UPDATED,"{'CASH': 2539603, 'JPM': 63}"
2019-06-28 15:05:00,BID_DEPTH,"[(99500, 200)]"
2019-06-28 15:05:00,ASK_DEPTH,"[(99963, 250)]"
2019-06-28 15:05:00,IMBALANCE,"[200, 250]"
2019-06-28 15:05:00,HOLDINGS_UPDATED,"{'CASH': 3236103, 'JPM': 56}"
2019-06-28 15:06:00,BID_DEPTH,"[(99500, 136)]"
2019-06-28 15:06:00,ASK_DEPTH,"[(100027, 192)]"
2019-06-28 15:06:00,IMBALANCE,"[136, 192]"
2019-06-28 15:06:00,HOLDINGS_UPDATED,"{'CASH': 3932603, 'JPM': 49}"
2019-06-28 15:07:00,BID_DEPTH,"[(99500, 602)]"
2019-06-28 15:07:00,ASK_DEPTH,"[(100422, 558)]"
2019-06-28 15:07:00,IMBALANCE,"[602, 558]"
2019-06-28 15:07:00,HOLDINGS_UPDATED,"{'CASH': 4629103, 'JPM': 42}"
2019-06-28 15:08:00,BID_DEPTH,"[(100650, 502)]"
2019-06-28 15:08:00,ASK_DEPTH,"[(100727, 558)]"
2019-06-28 15:08:00,IMBALANCE,"[502, 558]"
2019-06-28 15:08:00,HOLDINGS_UPDATED,"{'CASH': 5333653, 'JPM': 35}"
2019-06-28 15:09:00,BID_DEPTH,"[(100727, 273)]"
2019-06-28 15:09:00,ASK_DEPTH,"[(100809, 329)]"
2019-06-28 15:09:00,IMBALANCE,"[273, 329]"
2019-06-28 15:09:00,HOLDINGS_UPDATED,"{'CASH': 6038742, 'JPM': 28}"
2019-06-28 15:10:00,BID_DEPTH,"[(100727, 158)]"
2019-06-28 15:10:00,ASK_DEPTH,"[(100843, 214)]"
2019-06-28 15:10:00,IMBALANCE,"[158, 214]"
2019-06-28 15:10:00,HOLDINGS_UPDATED,"{'CASH': 6743831, 'JPM': 21}"
2019-06-28 15:11:00,BID_DEPTH,"[(100723, 502)]"
2019-06-28 15:11:00,ASK_DEPTH,"[(101033, 558)]"
2019-06-28 15:11:00,IMBALANCE,"[502, 558]"
2019-06-28 15:11:00,HOLDINGS_UPDATED,"{'CASH': 7448892, 'JPM': 14}"
2019-06-28 15:12:00,BID_DEPTH,"[(100554, 502)]"
2019-06-28 15:12:00,ASK_DEPTH,"[(101033, 558)]"
2019-06-28 15:12:00,IMBALANCE,"[502, 558]"
2019-06-28 15:12:00,HOLDINGS_UPDATED,"{'CASH': 8152770, 'JPM': 7}"
2019-06-28 15:13:00,BID_DEPTH,"[(100511, 273)]"
2019-06-28 15:13:00,ASK_DEPTH,"[(101033, 329)]"
2019-06-28 15:13:00,IMBALANCE,"[273, 329]"
2019-06-28 15:13:00,HOLDINGS_UPDATED,{'CASH': 8856347}
2019-06-28 15:14:00,BID_DEPTH,"[(100784, 158)]"
2019-06-28 15:14:00,ASK_DEPTH,"[(101066, 214)]"
2019-06-28 15:14:00,IMBALANCE,"[158, 214]"
2019-06-28 15:14:00,HOLDINGS_UPDATED,"{'CASH': 9561835, 'JPM': -7}"
2019-06-28 15:15:00,BID_DEPTH,"[(100779, 200)]"
2019-06-28 15:15:00,ASK_DEPTH,"[(101066, 256)]"
2019-06-28 15:15:00,IMBALANCE,"[200, 256]"
2019-06-28 15:15:00,HOLDINGS_UPDATED,"{'CASH': 10267288, 'JPM': -14}"
2019-06-28 15:16:00,BID_DEPTH,"[(100971, 502)]"
2019-06-28 15:16:00,ASK_DEPTH,"[(101362, 558)]"
2019-06-28 15:16:00,IMBALANCE,"[502, 558]"
2019-06-28 15:16:00,HOLDINGS_UPDATED,"{'CASH': 10974085, 'JPM': -21}"
2019-06-28 15:17:00,BID_DEPTH,"[(101017, 200)]"
2019-06-28 15:17:00,ASK_DEPTH,"[(101362, 256)]"
2019-06-28 15:17:00,IMBALANCE,"[200, 256]"
2019-06-28 15:17:00,HOLDINGS_UPDATED,"{'CASH': 11681204, 'JPM': -28}"
2019-06-28 15:18:00,BID_DEPTH,"[(101066, 502)]"
2019-06-28 15:18:00,ASK_DEPTH,"[(101362, 558)]"
2019-06-28 15:18:00,IMBALANCE,"[502, 558]"
2019-06-28 15:18:00,HOLDINGS_UPDATED,"{'CASH': 12388666, 'JPM': -35}"
2019-06-28 15:19:00,BID_DEPTH,"[(101066, 336)]"
2019-06-28 15:19:00,ASK_DEPTH,"[(101153, 192)]"
2019-06-28 15:19:00,IMBALANCE,"[336, 192]"
2019-06-28 15:19:00,HOLDINGS_UPDATED,"{'CASH': 13096128, 'JPM': -42}"
2019-06-28 15:20:00,BID_DEPTH,"[(101067, 136)]"
2019-06-28 15:20:00,ASK_DEPTH,"[(101153, 192)]"
2019-06-28 15:20:00,IMBALANCE,"[136, 192]"
2019-06-28 15:20:00,HOLDINGS_UPDATED,"{'CASH': 13803597, 'JPM': -49}"
2019-06-28 15:21:00,BID_DEPTH,"[(101066, 758)]"
2019-06-28 15:21:00,ASK_DEPTH,"[(101207, 502)]"
2019-06-28 15:21:00,IMBALANCE,"[758, 502]"
2019-06-28 15:21:00,HOLDINGS_UPDATED,"{'CASH': 13095148, 'JPM': -42}"
2019-06-28 15:22:00,BID_DEPTH,"[(101066, 211)]"
2019-06-28 15:22:00,ASK_DEPTH,"[(101273, 158)]"
2019-06-28 15:22:00,IMBALANCE,"[211, 158]"
2019-06-28 15:22:00,HOLDINGS_UPDATED,"{'CASH': 12386237, 'JPM': -35}"
2019-06-28 15:23:00,BID_DEPTH,"[(101040, 192)]"
2019-06-28 15:23:00,ASK_DEPTH,"[(101310, 136)]"
2019-06-28 15:23:00,IMBALANCE,"[192, 136]"
2019-06-28 15:23:00,HOLDINGS_UPDATED,"{'CASH': 11677067, 'JPM': -28}"
2019-06-28 15:24:00,BID_DEPTH,"[(101025, 256)]"
2019-06-28 15:24:00,ASK_DEPTH,"[(101040, 200)]"
2019-06-28 15:24:00,IMBALANCE,"[256, 200]"
2019-06-28 15:24:00,HOLDINGS_UPDATED,"{'CASH': 10969787, 'JPM': -21}"
2019-06-28 15:25:00,BID_DEPTH,"[(100993, 329)]"
2019-06-28 15:25:00,ASK_DEPTH,"[(101143, 273)]"
2019-06-28 15:25:00,IMBALANCE,"[329, 273]"
2019-06-28 15:25:00,HOLDINGS_UPDATED,"{'CASH': 10261786, 'JPM': -14}"
2019-06-28 15:26:00,BID_DEPTH,"[(100934, 558)]"
2019-06-28 15:26:00,ASK_DEPTH,"[(101393, 502)]"
2019-06-28 15:26:00,IMBALANCE,"[558, 502]"
2019-06-28 15:26:00,HOLDINGS_UPDATED,"{'CASH': 9552035, 'JPM': -7}"
2019-06-28 15:27:00,BID_DEPTH,"[(100934, 353)]"
2019-06-28 15:27:00,ASK_DEPTH,"[(101967, 200)]"
2019-06-28 15:27:00,IMBALANCE,"[353, 200]"
2019-06-28 15:27:00,HOLDINGS_UPDATED,{'CASH': 8838266}
2019-06-28 15:28:00,BID_DEPTH,"[(101877, 329)]"
2019-06-28 15:28:00,ASK_DEPTH,"[(102251, 273)]"
2019-06-28 15:28:00,IMBALANCE,"[329, 273]"
2019-06-28 15:28:00,HOLDINGS_UPDATED,"{'CASH': 8122509, 'JPM': 7}"
2019-06-28 15:29:00,BID_DEPTH,"[(101877, 329)]"
2019-06-28 15:29:00,ASK_DEPTH,"[(102024, 273)]"
2019-06-28 15:29:00,IMBALANCE,"[329, 273]"
2019-06-28 15:29:00,HOLDINGS_UPDATED,"{'CASH': 7408341, 'JPM': 14}"
2019-06-28 15:30:00,BID_DEPTH,"[(101877, 192)]"
2019-06-28 15:30:00,ASK_DEPTH,"[(101920, 136)]"
2019-06-28 15:30:00,IMBALANCE,"[192, 136]"
2019-06-28 15:30:00,HOLDINGS_UPDATED,"{'CASH': 6694901, 'JPM': 21}"
2019-06-28 15:31:00,BID_DEPTH,"[(101877, 329)]"
2019-06-28 15:31:00,ASK_DEPTH,"[(102080, 273)]"
2019-06-28 15:31:00,IMBALANCE,"[329, 273]"
2019-06-28 15:31:00,HOLDINGS_UPDATED,"{'CASH': 5980341, 'JPM': 28}"
2019-06-28 15:32:00,BID_DEPTH,"[(101856, 429)]"
2019-06-28 15:32:00,ASK_DEPTH,"[(102079, 273)]"
2019-06-28 15:32:00,IMBALANCE,"[429, 273]"
2019-06-28 15:32:00,HOLDINGS_UPDATED,"{'CASH': 5265788, 'JPM': 35}"
2019-06-28 15:33:00,BID_DEPTH,"[(101856, 256)]"
2019-06-28 15:33:00,ASK_DEPTH,"[(102080, 200)]"
2019-06-28 15:33:00,IMBALANCE,"[256, 200]"
2019-06-28 15:33:00,HOLDINGS_UPDATED,"{'CASH': 4551228, 'JPM': 42}"
2019-06-28 15:34:00,BID_DEPTH,"[(101856, 214)]"
2019-06-28 15:34:00,ASK_DEPTH,"[(102080, 158)]"
2019-06-28 15:34:00,IMBALANCE,"[214, 158]"
2019-06-28 15:34:00,HOLDINGS_UPDATED,"{'CASH': 3836668, 'JPM': 49}"
2019-06-28 15:35:00,BID_DEPTH,"[(101828, 329)]"
2019-06-28 15:35:00,ASK_DEPTH,"[(102079, 373)]"
2019-06-28 15:35:00,IMBALANCE,"[329, 373]"
2019-06-28 15:35:00,HOLDINGS_UPDATED,"{'CASH': 3122115, 'JPM': 56}"
2019-06-28 15:36:00,BID_DEPTH,"[(101618, 192)]"
2019-06-28 15:36:00,ASK_DEPTH,"[(102079, 108)]"
2019-06-28 15:36:00,IMBALANCE,"[192, 108]"
2019-06-28 15:36:00,HOLDINGS_UPDATED,"{'CASH': 2407562, 'JPM': 63}"
2019-06-28 15:37:00,BID_DEPTH,"[(101618, 192)]"
2019-06-28 15:37:00,ASK_DEPTH,"[(102079, 336)]"
2019-06-28 15:37:00,IMBALANCE,"[192, 336]"
2019-06-28 15:37:00,HOLDINGS_UPDATED,"{'CASH': 1693009, 'JPM': 70}"
2019-06-28 15:38:00,BID_DEPTH,"[(101339, 192)]"
2019-06-28 15:38:00,ASK_DEPTH,"[(102079, 308)]"
2019-06-28 15:38:00,IMBALANCE,"[192, 308]"
2019-06-28 15:38:00,HOLDINGS_UPDATED,"{'CASH': 978456, 'JPM': 77}"
2019-06-28 15:39:00,BID_DEPTH,"[(101339, 256)]"
2019-06-28 15:39:00,ASK_DEPTH,"[(102079, 344)]"
2019-06-28 15:39:00,IMBALANCE,"[256, 344]"
2019-06-28 15:39:00,HOLDINGS_UPDATED,"{'CASH': 263903, 'JPM': 84}"
2019-06-28 15:40:00,BID_DEPTH,"[(101328, 214)]"
2019-06-28 15:40:00,ASK_DEPTH,"[(102079, 174)]"
2019-06-28 15:40:00,IMBALANCE,"[214, 174]"
2019-06-28 15:40:00,HOLDINGS_UPDATED,"{'CASH': -450650, 'JPM': 91}"
2019-06-28 15:41:00,BID_DEPTH,"[(101275, 214)]"
2019-06-28 15:41:00,ASK_DEPTH,"[(102079, 158)]"
2019-06-28 15:41:00,IMBALANCE,"[214, 158]"
2019-06-28 15:41:00,HOLDINGS_UPDATED,"{'CASH': -1165203, 'JPM': 98}"
2019-06-28 15:42:00,BID_DEPTH,"[(101136, 558)]"
2019-06-28 15:42:00,ASK_DEPTH,"[(101191, 502)]"
2019-06-28 15:42:00,IMBALANCE,"[558, 502]"
2019-06-28 15:42:00,HOLDINGS_UPDATED,"{'CASH': -1873540, 'JPM': 105}"
2019-06-28 15:43:00,BID_DEPTH,"[(101117, 214)]"
2019-06-28 15:43:00,ASK_DEPTH,"[(102079, 158)]"
2019-06-28 15:43:00,IMBALANCE,"[214, 158]"
2019-06-28 15:43:00,HOLDINGS_UPDATED,"{'CASH': -2588093, 'JPM': 112}"
2019-06-28 15:44:00,BID_DEPTH,"[(100901, 558)]"
2019-06-28 15:44:00,ASK_DEPTH,"[(102079, 502)]"
2019-06-28 15:44:00,IMBALANCE,"[558, 502]"
2019-06-28 15:44:00,HOLDINGS_UPDATED,"{'CASH': -3302646, 'JPM': 119}"
2019-06-28 15:45:00,BID_DEPTH,"[(100888, 256)]"
2019-06-28 15:45:00,ASK_DEPTH,"[(102079, 200)]"
2019-06-28 15:45:00,IMBALANCE,"[256, 200]"
2019-06-28 15:45:00,HOLDINGS_UPDATED,"{'CASH': -4017199, 'JPM': 126}"
2019-06-28 15:46:00,BID_DEPTH,"[(100646, 192)]"
2019-06-28 15:46:00,ASK_DEPTH,"[(102080, 136)]"
2019-06-28 15:46:00,IMBALANCE,"[192, 136]"
2019-06-28 15:46:00,HOLDINGS_UPDATED,"{'CASH': -4731759, 'JPM': 133}"
2019-06-28 15:47:00,BID_DEPTH,"[(100649, 192)]"
2019-06-28 15:47:00,ASK_DEPTH,"[(100690, 136)]"
2019-06-28 15:47:00,IMBALANCE,"[192, 136]"
2019-06-28 15:47:00,HOLDINGS_UPDATED,"{'CASH': -5436589, 'JPM': 140}"
2019-06-28 15:48:00,BID_DEPTH,"[(100646, 192)]"
2019-06-28 15:48:00,ASK_DEPTH,"[(102234, 136)]"
2019-06-28 15:48:00,IMBALANCE,"[192, 136]"
2019-06-28 15:48:00,HOLDINGS_UPDATED,"{'CASH': -6152227, 'JPM': 147}"
2019-06-28 15:49:00,BID_DEPTH,"[(100646, 100)]"
2019-06-28 15:49:00,ASK_DEPTH,[]
2019-06-28 15:49:00,IMBALANCE,"[100, 0]"
2019-06-28 15:50:00,BID_DEPTH,"[(100646, 256)]"
2019-06-28 15:50:00,ASK_DEPTH,"[(102234, 200)]"
2019-06-28 15:50:00,IMBALANCE,"[256, 200]"
2019-06-28 15:50:00,HOLDINGS_UPDATED,"{'CASH': -6867865, 'JPM': 154}"
2019-06-28 15:51:00,BID_DEPTH,"[(100625, 100)]"
2019-06-28 15:51:00,ASK_DEPTH,[]
2019-06-28 15:51:00,IMBALANCE,"[100, 0]"
2019-06-28 15:52:00,BID_DEPTH,"[(100581, 100)]"
2019-06-28 15:52:00,ASK_DEPTH,[]
2019-06-28 15:52:00,IMBALANCE,"[100, 0]"
2019-06-28 15:53:00,BID_DEPTH,"[(100398, 192)]"
2019-06-28 15:53:00,ASK_DEPTH,"[(100581, 136)]"
2019-06-28 15:53:00,IMBALANCE,"[192, 136]"
2019-06-28 15:53:00,HOLDINGS_UPDATED,"{'CASH': -7571932, 'JPM': 161}"
2019-06-28 15:54:00,BID_DEPTH,"[(100270, 329)]"
2019-06-28 15:54:00,ASK_DEPTH,"[(100581, 273)]"
2019-06-28 15:54:00,IMBALANCE,"[329, 273]"
2019-06-28 15:54:00,HOLDINGS_UPDATED,"{'CASH': -8275999, 'JPM': 168}"
2019-06-28 15:55:00,BID_DEPTH,"[(100220, 100)]"
2019-06-28 15:55:00,ASK_DEPTH,[]
2019-06-28 15:55:00,IMBALANCE,"[100, 0]"
2019-06-28 15:56:00,BID_DEPTH,"[(99939, 558)]"
2019-06-28 15:56:00,ASK_DEPTH,"[(100018, 502)]"
2019-06-28 15:56:00,IMBALANCE,"[558, 502]"
2019-06-28 15:56:00,HOLDINGS_UPDATED,"{'CASH': -8976125, 'JPM': 175}"
2019-06-28 15:57:00,BID_DEPTH,"[(100182, 100)]"
2019-06-28 15:57:00,ASK_DEPTH,[]
2019-06-28 15:57:00,IMBALANCE,"[100, 0]"
2019-06-28 15:58:00,BID_DEPTH,"[(100210, 558)]"
2019-06-28 15:58:00,ASK_DEPTH,"[(100299, 502)]"
2019-06-28 15:58:00,IMBALANCE,"[558, 502]"
2019-06-28 15:58:00,HOLDINGS_UPDATED,"{'CASH': -9678218, 'JPM': 182}"
2019-06-28 15:59:00,BID_DEPTH,"[(100113, 214)]"
2019-06-28 15:59:00,ASK_DEPTH,"[(100418, 158)]"
2019-06-28 15:59:00,IMBALANCE,"[214, 158]"
2019-06-28 15:59:00,HOLDINGS_UPDATED,"{'CASH': -10381144, 'JPM': 189}"
2019-06-28 16:00:00,BID_DEPTH,"[(100681, 502)]"
2019-06-28 16:00:00,ASK_DEPTH,"[(100722, 558)]"
2019-06-28 16:00:00,IMBALANCE,"[502, 558]"
2019-06-28 16:00:00,HOLDINGS_UPDATED,"{'CASH': -9676377, 'JPM': 182}"
2019-06-28 16:01:00,BID_DEPTH,"[(100681, 430)]"
2019-06-28 16:01:00,ASK_DEPTH,"[(100722, 555)]"
2019-06-28 16:01:00,IMBALANCE,"[430, 555]"
2019-06-28 16:01:00,MKT_CLOSED,
2019-06-28 16:01:00,FINAL_HOLDINGS,"{ JPM: 182, CASH: -9676377 }"
2019-06-28 16:01:00,FINAL_CASH_POSITION,-9676377
2019-06-28 16:01:00,MARK_TO_MARKET,182 JPM @ 100722 == 18331404
2019-06-28 16:01:00,MARKED_TO_MARKET,8655027
2019-06-28 16:01:00,ENDING_CASH,8655027
