EventTime,EventType,Event
,AGENT_TYPE,MomentumAgent
,STARTING_CASH,10000000
2019-06-28 09:30:00,HOLDINGS_UPDATED,{'CASH': 10000000}
2019-06-28 09:31:00,BID_DEPTH,"[(99984, 564)]"
2019-06-28 09:31:00,ASK_DEPTH,"[(99995, 564)]"
2019-06-28 09:31:00,IMBALANCE,"[564, 564]"
2019-06-28 09:32:00,BID_DEPTH,"[(99984, 332)]"
2019-06-28 09:32:00,ASK_DEPTH,"[(100019, 332)]"
2019-06-28 09:32:00,IMBALANCE,"[332, 332]"
2019-06-28 09:33:00,BID_DEPTH,"[(100015, 216)]"
2019-06-28 09:33:00,ASK_DEPTH,"[(100022, 216)]"
2019-06-28 09:33:00,IMBALANCE,"[216, 216]"
2019-06-28 09:34:00,BID_DEPTH,"[(100015, 216)]"
2019-06-28 09:34:00,ASK_DEPTH,"[(100023, 216)]"
2019-06-28 09:34:00,IMBALANCE,"[216, 216]"
2019-06-28 09:35:00,BID_DEPTH,"[(100015, 193)]"
2019-06-28 09:35:00,ASK_DEPTH,"[(100024, 193)]"
2019-06-28 09:35:00,IMBALANCE,"[193, 193]"
2019-06-28 09:36:00,BID_DEPTH,"[(100015, 332)]"
2019-06-28 09:36:00,ASK_DEPTH,"[(100024, 332)]"
2019-06-28 09:36:00,IMBALANCE,"[332, 332]"
2019-06-28 09:37:00,BID_DEPTH,"[(100023, 564)]"
2019-06-28 09:37:00,ASK_DEPTH,"[(100025, 564)]"
2019-06-28 09:37:00,IMBALANCE,"[564, 564]"
2019-06-28 09:38:00,BID_DEPTH,"[(100023, 258)]"
2019-06-28 09:38:00,ASK_DEPTH,"[(100062, 258)]"
2019-06-28 09:38:00,IMBALANCE,"[258, 258]"
2019-06-28 09:39:00,BID_DEPTH,"[(100023, 258)]"
2019-06-28 09:39:00,ASK_DEPTH,"[(100062, 258)]"
2019-06-28 09:39:00,IMBALANCE,"[258, 258]"
2019-06-28 09:40:00,BID_DEPTH,"[(100023, 564)]"
2019-06-28 09:40:00,ASK_DEPTH,"[(100086, 564)]"
2019-06-28 09:40:00,IMBALANCE,"[564, 564]"
2019-06-28 09:41:00,BID_DEPTH,"[(100038, 458)]"
2019-06-28 09:41:00,ASK_DEPTH,"[(100086, 258)]"
2019-06-28 09:41:00,IMBALANCE,"[458, 258]"
2019-06-28 09:42:00,BID_DEPTH,"[(100038, 458)]"
2019-06-28 09:42:00,ASK_DEPTH,"[(100086, 258)]"
2019-06-28 09:42:00,IMBALANCE,"[458, 258]"
2019-06-28 09:43:00,BID_DEPTH,"[(100038, 416)]"
2019-06-28 09:43:00,ASK_DEPTH,"[(100310, 216)]"
2019-06-28 09:43:00,IMBALANCE,"[416, 216]"
2019-06-28 09:44:00,BID_DEPTH,"[(100038, 393)]"
2019-06-28 09:44:00,ASK_DEPTH,"[(100453, 193)]"
2019-06-28 09:44:00,IMBALANCE,"[393, 193]"
2019-06-28 09:45:00,BID_DEPTH,"[(100431, 216)]"
2019-06-28 09:45:00,ASK_DEPTH,"[(100574, 216)]"
2019-06-28 09:45:00,IMBALANCE,"[216, 216]"
2019-06-28 09:46:00,BID_DEPTH,"[(100431, 664)]"
2019-06-28 09:46:00,ASK_DEPTH,"[(100574, 564)]"
2019-06-28 09:46:00,IMBALANCE,"[664, 564]"
2019-06-28 09:47:00,BID_DEPTH,"[(100431, 316)]"
2019-06-28 09:47:00,ASK_DEPTH,"[(100573, 216)]"
2019-06-28 09:47:00,IMBALANCE,"[316, 216]"
2019-06-28 09:48:00,BID_DEPTH,"[(100431, 664)]"
2019-06-28 09:48:00,ASK_DEPTH,"[(100591, 564)]"
2019-06-28 09:48:00,IMBALANCE,"[664, 564]"
2019-06-28 09:49:00,BID_DEPTH,"[(100431, 216)]"
2019-06-28 09:49:00,ASK_DEPTH,"[(100454, 216)]"
2019-06-28 09:49:00,IMBALANCE,"[216, 216]"
2019-06-28 09:50:00,BID_DEPTH,"[(100566, 216)]"
2019-06-28 09:50:00,ASK_DEPTH,"[(100591, 216)]"
2019-06-28 09:50:00,IMBALANCE,"[216, 216]"
2019-06-28 09:51:00,BID_DEPTH,"[(100566, 216)]"
2019-06-28 09:51:00,ASK_DEPTH,"[(100591, 216)]"
2019-06-28 09:51:00,IMBALANCE,"[216, 216]"
2019-06-28 09:52:00,BID_DEPTH,"[(100376, 216)]"
2019-06-28 09:52:00,ASK_DEPTH,"[(100566, 216)]"
2019-06-28 09:52:00,IMBALANCE,"[216, 216]"
2019-06-28 09:53:00,BID_DEPTH,"[(100274, 332)]"
2019-06-28 09:53:00,ASK_DEPTH,"[(100566, 532)]"
2019-06-28 09:53:00,IMBALANCE,"[332, 532]"
2019-06-28 09:54:00,BID_DEPTH,"[(100377, 258)]"
2019-06-28 09:54:00,ASK_DEPTH,"[(100566, 258)]"
2019-06-28 09:54:00,IMBALANCE,"[258, 258]"
2019-06-28 09:55:00,BID_DEPTH,"[(100378, 358)]"
2019-06-28 09:55:00,ASK_DEPTH,"[(100566, 258)]"
2019-06-28 09:55:00,IMBALANCE,"[358, 258]"
2019-06-28 09:56:00,BID_DEPTH,"[(100591, 564)]"
2019-06-28 09:56:00,ASK_DEPTH,"[(100652, 564)]"
2019-06-28 09:56:00,IMBALANCE,"[564, 564]"
2019-06-28 09:57:00,BID_DEPTH,"[(100591, 332)]"
2019-06-28 09:57:00,ASK_DEPTH,"[(100789, 332)]"
2019-06-28 09:57:00,IMBALANCE,"[332, 332]"
2019-06-28 09:58:00,BID_DEPTH,"[(100616, 332)]"
2019-06-28 09:58:00,ASK_DEPTH,"[(100793, 332)]"
2019-06-28 09:58:00,IMBALANCE,"[332, 332]"
2019-06-28 09:59:00,BID_DEPTH,"[(100616, 193)]"
2019-06-28 09:59:00,ASK_DEPTH,"[(101224, 193)]"
2019-06-28 09:59:00,IMBALANCE,"[193, 193]"
2019-06-28 10:00:00,BID_DEPTH,"[(101000, 332)]"
2019-06-28 10:00:00,ASK_DEPTH,"[(101253, 332)]"
2019-06-28 10:00:00,IMBALANCE,"[332, 332]"
2019-06-28 10:01:00,BID_DEPTH,"[(101000, 193)]"
2019-06-28 10:01:00,ASK_DEPTH,"[(101065, 193)]"
2019-06-28 10:01:00,IMBALANCE,"[193, 193]"
2019-06-28 10:02:00,BID_DEPTH,"[(100378, 332)]"
2019-06-28 10:02:00,ASK_DEPTH,"[(101065, 332)]"
2019-06-28 10:02:00,IMBALANCE,"[332, 332]"
2019-06-28 10:03:00,BID_DEPTH,"[(100377, 564)]"
2019-06-28 10:03:00,ASK_DEPTH,"[(100591, 564)]"
2019-06-28 10:03:00,IMBALANCE,"[564, 564]"
2019-06-28 10:04:00,BID_DEPTH,"[(100274, 258)]"
2019-06-28 10:04:00,ASK_DEPTH,"[(100378, 258)]"
2019-06-28 10:04:00,IMBALANCE,"[258, 258]"
2019-06-28 10:05:00,BID_DEPTH,"[(100066, 193)]"
2019-06-28 10:05:00,ASK_DEPTH,"[(100378, 193)]"
2019-06-28 10:05:00,IMBALANCE,"[193, 193]"
2019-06-28 10:06:00,BID_DEPTH,"[(99984, 193)]"
2019-06-28 10:06:00,ASK_DEPTH,"[(100378, 193)]"
2019-06-28 10:06:00,IMBALANCE,"[193, 193]"
2019-06-28 10:07:00,BID_DEPTH,"[(99948, 332)]"
2019-06-28 10:07:00,ASK_DEPTH,"[(100378, 332)]"
2019-06-28 10:07:00,IMBALANCE,"[332, 332]"
2019-06-28 10:08:00,BID_DEPTH,"[(99948, 564)]"
2019-06-28 10:08:00,ASK_DEPTH,"[(100378, 564)]"
2019-06-28 10:08:00,IMBALANCE,"[564, 564]"
2019-06-28 10:09:00,BID_DEPTH,"[(99948, 332)]"
2019-06-28 10:09:00,ASK_DEPTH,"[(99955, 332)]"
2019-06-28 10:09:00,IMBALANCE,"[332, 332]"
2019-06-28 10:10:00,BID_DEPTH,"[(99910, 332)]"
2019-06-28 10:10:00,ASK_DEPTH,"[(99955, 332)]"
2019-06-28 10:10:00,IMBALANCE,"[332, 332]"
2019-06-28 10:11:00,BID_DEPTH,"[(99908, 193)]"
2019-06-28 10:11:00,ASK_DEPTH,"[(99938, 193)]"
2019-06-28 10:11:00,IMBALANCE,"[193, 193]"
2019-06-28 10:12:00,BID_DEPTH,"[(99897, 332)]"
2019-06-28 10:12:00,ASK_DEPTH,"[(99955, 332)]"
2019-06-28 10:12:00,IMBALANCE,"[332, 332]"
2019-06-28 10:13:00,BID_DEPTH,"[(100111, 432)]"
2019-06-28 10:13:00,ASK_DEPTH,"[(100378, 332)]"
2019-06-28 10:13:00,IMBALANCE,"[432, 332]"
2019-06-28 10:14:00,BID_DEPTH,"[(100112, 293)]"
2019-06-28 10:14:00,ASK_DEPTH,"[(100591, 193)]"
2019-06-28 10:14:00,IMBALANCE,"[293, 193]"
2019-06-28 10:15:00,BID_DEPTH,"[(100112, 432)]"
2019-06-28 10:15:00,ASK_DEPTH,"[(101290, 332)]"
2019-06-28 10:15:00,IMBALANCE,"[432, 332]"
2019-06-28 10:16:00,BID_DEPTH,"[(101253, 332)]"
2019-06-28 10:16:00,ASK_DEPTH,"[(101589, 332)]"
2019-06-28 10:16:00,IMBALANCE,"[332, 332]"
2019-06-28 10:17:00,BID_DEPTH,"[(101253, 216)]"
2019-06-28 10:17:00,ASK_DEPTH,"[(101645, 216)]"
2019-06-28 10:17:00,IMBALANCE,"[216, 216]"
2019-06-28 10:18:00,BID_DEPTH,"[(101253, 564)]"
2019-06-28 10:18:00,ASK_DEPTH,"[(101752, 564)]"
2019-06-28 10:18:00,IMBALANCE,"[564, 564]"
2019-06-28 10:19:00,BID_DEPTH,"[(101253, 564)]"
2019-06-28 10:19:00,ASK_DEPTH,"[(101358, 564)]"
2019-06-28 10:19:00,IMBALANCE,"[564, 564]"
2019-06-28 10:20:00,BID_DEPTH,"[(101253, 564)]"
2019-06-28 10:20:00,ASK_DEPTH,"[(101345, 564)]"
2019-06-28 10:20:00,IMBALANCE,"[564, 564]"
2019-06-28 10:21:00,BID_DEPTH,"[(101328, 193)]"
2019-06-28 10:21:00,ASK_DEPTH,"[(101345, 69)]"
2019-06-28 10:21:00,IMBALANCE,"[193, 69]"
2019-06-28 10:21:00,HOLDINGS_UPDATED,"{'CASH': 9797310, 'JPM': 2}"
2019-06-28 10:22:00,BID_DEPTH,"[(101283, 193)]"
2019-06-28 10:22:00,ASK_DEPTH,"[(101355, 69)]"
2019-06-28 10:22:00,IMBALANCE,"[193, 69]"
2019-06-28 10:22:00,HOLDINGS_UPDATED,"{'CASH': 9594600, 'JPM': 4}"
2019-06-28 10:23:00,BID_DEPTH,"[(101283, 564)]"
2019-06-28 10:23:00,ASK_DEPTH,"[(101355, 540)]"
2019-06-28 10:23:00,IMBALANCE,"[564, 540]"
2019-06-28 10:23:00,HOLDINGS_UPDATED,"{'CASH': 9391890, 'JPM': 6}"
2019-06-28 10:24:00,BID_DEPTH,"[(101253, 193)]"
2019-06-28 10:24:00,ASK_DEPTH,"[(101355, 243)]"
2019-06-28 10:24:00,IMBALANCE,"[193, 243]"
2019-06-28 10:24:00,HOLDINGS_UPDATED,"{'CASH': 9189180, 'JPM': 8}"
2019-06-28 10:25:00,BID_DEPTH,"[(100208, 332)]"
2019-06-28 10:25:00,ASK_DEPTH,"[(101355, 256)]"
2019-06-28 10:25:00,IMBALANCE,"[332, 256]"
2019-06-28 10:25:00,HOLDINGS_UPDATED,"{'CASH': 8986470, 'JPM': 10}"
2019-06-28 10:26:00,BID_DEPTH,"[(100386, 216)]"
2019-06-28 10:26:00,ASK_DEPTH,"[(100713, 92)]"
2019-06-28 10:26:00,IMBALANCE,"[216, 92]"
2019-06-28 10:26:00,HOLDINGS_UPDATED,"{'CASH': 8785044, 'JPM': 12}"
2019-06-28 10:27:00,BID_DEPTH,"[(100210, 332)]"
2019-06-28 10:27:00,ASK_DEPTH,"[(100713, 208)]"
2019-06-28 10:27:00,IMBALANCE,"[332, 208]"
2019-06-28 10:27:00,HOLDINGS_UPDATED,"{'CASH': 8583618, 'JPM': 14}"
2019-06-28 10:28:00,BID_DEPTH,"[(100210, 258)]"
2019-06-28 10:28:00,ASK_DEPTH,"[(100379, 134)]"
2019-06-28 10:28:00,IMBALANCE,"[258, 134]"
2019-06-28 10:28:00,HOLDINGS_UPDATED,"{'CASH': 8382860, 'JPM': 16}"
2019-06-28 10:29:00,BID_DEPTH,"[(100208, 193)]"
2019-06-28 10:29:00,ASK_DEPTH,"[(100270, 69)]"
2019-06-28 10:29:00,IMBALANCE,"[193, 69]"
2019-06-28 10:29:00,HOLDINGS_UPDATED,"{'CASH': 8182320, 'JPM': 18}"
2019-06-28 10:30:00,BID_DEPTH,"[(100167, 258)]"
2019-06-28 10:30:00,ASK_DEPTH,"[(100270, 134)]"
2019-06-28 10:30:00,IMBALANCE,"[258, 134]"
2019-06-28 10:30:00,HOLDINGS_UPDATED,"{'CASH': 7981780, 'JPM': 20}"
2019-06-28 10:31:00,BID_DEPTH,"[(100167, 564)]"
2019-06-28 10:31:00,ASK_DEPTH,"[(100270, 540)]"
2019-06-28 10:31:00,IMBALANCE,"[564, 540]"
2019-06-28 10:31:00,HOLDINGS_UPDATED,"{'CASH': 7781240, 'JPM': 22}"
2019-06-28 10:32:00,BID_DEPTH,"[(100167, 258)]"
2019-06-28 10:32:00,ASK_DEPTH,"[(100270, 108)]"
2019-06-28 10:32:00,IMBALANCE,"[258, 108]"
2019-06-28 10:32:00,HOLDINGS_UPDATED,"{'CASH': 7580700, 'JPM': 24}"
2019-06-28 10:33:00,BID_DEPTH,"[(100112, 316)]"
2019-06-28 10:33:00,ASK_DEPTH,"[(100379, 192)]"
2019-06-28 10:33:00,IMBALANCE,"[316, 192]"
2019-06-28 10:33:00,HOLDINGS_UPDATED,"{'CASH': 7379942, 'JPM': 26}"
2019-06-28 10:34:00,BID_DEPTH,"[(100112, 332)]"
2019-06-28 10:34:00,ASK_DEPTH,"[(100379, 282)]"
2019-06-28 10:34:00,IMBALANCE,"[332, 282]"
2019-06-28 10:34:00,HOLDINGS_UPDATED,"{'CASH': 7179184, 'JPM': 28}"
2019-06-28 10:35:00,BID_DEPTH,"[(100065, 564)]"
2019-06-28 10:35:00,ASK_DEPTH,"[(100379, 388)]"
2019-06-28 10:35:00,IMBALANCE,"[564, 388]"
2019-06-28 10:35:00,HOLDINGS_UPDATED,"{'CASH': 6978426, 'JPM': 30}"
2019-06-28 10:36:00,BID_DEPTH,"[(100065, 216)]"
2019-06-28 10:36:00,ASK_DEPTH,"[(100176, 92)]"
2019-06-28 10:36:00,IMBALANCE,"[216, 92]"
2019-06-28 10:36:00,HOLDINGS_UPDATED,"{'CASH': 6778074, 'JPM': 32}"
2019-06-28 10:37:00,BID_DEPTH,"[(100065, 216)]"
2019-06-28 10:37:00,ASK_DEPTH,"[(101588, 92)]"
2019-06-28 10:37:00,IMBALANCE,"[216, 92]"
2019-06-28 10:37:00,HOLDINGS_UPDATED,"{'CASH': 6574898, 'JPM': 34}"
2019-06-28 10:38:00,BID_DEPTH,"[(100022, 332)]"
2019-06-28 10:38:00,ASK_DEPTH,"[(101884, 208)]"
2019-06-28 10:38:00,IMBALANCE,"[332, 208]"
2019-06-28 10:38:00,HOLDINGS_UPDATED,"{'CASH': 6371130, 'JPM': 36}"
2019-06-28 10:39:00,BID_DEPTH,"[(100022, 564)]"
2019-06-28 10:39:00,ASK_DEPTH,"[(100095, 440)]"
2019-06-28 10:39:00,IMBALANCE,"[564, 440]"
2019-06-28 10:39:00,HOLDINGS_UPDATED,"{'CASH': 6170940, 'JPM': 38}"
2019-06-28 10:40:00,BID_DEPTH,"[(100316, 208)]"
2019-06-28 10:40:00,ASK_DEPTH,"[(100327, 332)]"
2019-06-28 10:40:00,IMBALANCE,"[208, 332]"
2019-06-28 10:40:00,HOLDINGS_UPDATED,"{'CASH': 6371572, 'JPM': 36}"
2019-06-28 10:41:00,BID_DEPTH,"[(100059, 69)]"
2019-06-28 10:41:00,ASK_DEPTH,"[(100327, 193)]"
2019-06-28 10:41:00,IMBALANCE,"[69, 193]"
2019-06-28 10:41:00,HOLDINGS_UPDATED,"{'CASH': 6571690, 'JPM': 34}"
2019-06-28 10:42:00,BID_DEPTH,"[(100022, 440)]"
2019-06-28 10:42:00,ASK_DEPTH,"[(100327, 564)]"
2019-06-28 10:42:00,IMBALANCE,"[440, 564]"
2019-06-28 10:42:00,HOLDINGS_UPDATED,"{'CASH': 6771734, 'JPM': 32}"
2019-06-28 10:43:00,BID_DEPTH,"[(99974, 208)]"
2019-06-28 10:43:00,ASK_DEPTH,"[(100327, 332)]"
2019-06-28 10:43:00,IMBALANCE,"[208, 332]"
2019-06-28 10:43:00,HOLDINGS_UPDATED,"{'CASH': 6971682, 'JPM': 30}"
2019-06-28 10:44:00,BID_DEPTH,"[(100327, 92)]"
2019-06-28 10:44:00,ASK_DEPTH,"[(100381, 216)]"
2019-06-28 10:44:00,IMBALANCE,"[92, 216]"
2019-06-28 10:44:00,HOLDINGS_UPDATED,"{'CASH': 7172336, 'JPM': 28}"
2019-06-28 10:45:00,BID_DEPTH,"[(99903, 208)]"
2019-06-28 10:45:00,ASK_DEPTH,"[(100408, 332)]"
2019-06-28 10:45:00,IMBALANCE,"[208, 332]"
2019-06-28 10:45:00,HOLDINGS_UPDATED,"{'CASH': 7372142, 'JPM': 26}"
2019-06-28 10:46:00,BID_DEPTH,"[(99796, 440)]"
2019-06-28 10:46:00,ASK_DEPTH,"[(100408, 564)]"
2019-06-28 10:46:00,IMBALANCE,"[440, 564]"
2019-06-28 10:46:00,HOLDINGS_UPDATED,"{'CASH': 7571734, 'JPM': 24}"
2019-06-28 10:47:00,BID_DEPTH,"[(99624, 208)]"
2019-06-28 10:47:00,ASK_DEPTH,"[(100408, 332)]"
2019-06-28 10:47:00,IMBALANCE,"[208, 332]"
2019-06-28 10:47:00,HOLDINGS_UPDATED,"{'CASH': 7770982, 'JPM': 22}"
2019-06-28 10:48:00,BID_DEPTH,"[(99611, 92)]"
2019-06-28 10:48:00,ASK_DEPTH,"[(99624, 216)]"
2019-06-28 10:48:00,IMBALANCE,"[92, 216]"
2019-06-28 10:48:00,HOLDINGS_UPDATED,"{'CASH': 7970204, 'JPM': 20}"
2019-06-28 10:49:00,BID_DEPTH,"[(99590, 134)]"
2019-06-28 10:49:00,ASK_DEPTH,"[(99731, 258)]"
2019-06-28 10:49:00,IMBALANCE,"[134, 258]"
2019-06-28 10:49:00,HOLDINGS_UPDATED,"{'CASH': 8169384, 'JPM': 18}"
2019-06-28 10:50:00,BID_DEPTH,"[(100310, 92)]"
2019-06-28 10:50:00,ASK_DEPTH,"[(100408, 216)]"
2019-06-28 10:50:00,IMBALANCE,"[92, 216]"
2019-06-28 10:50:00,HOLDINGS_UPDATED,"{'CASH': 8370004, 'JPM': 16}"
2019-06-28 10:51:00,BID_DEPTH,"[(100310, 134)]"
2019-06-28 10:51:00,ASK_DEPTH,"[(100413, 258)]"
2019-06-28 10:51:00,IMBALANCE,"[134, 258]"
2019-06-28 10:51:00,HOLDINGS_UPDATED,"{'CASH': 8570624, 'JPM': 14}"
2019-06-28 10:52:00,BID_DEPTH,"[(100210, 134)]"
2019-06-28 10:52:00,ASK_DEPTH,"[(100413, 258)]"
2019-06-28 10:52:00,IMBALANCE,"[134, 258]"
2019-06-28 10:52:00,HOLDINGS_UPDATED,"{'CASH': 8771044, 'JPM': 12}"
2019-06-28 10:53:00,BID_DEPTH,"[(100147, 92)]"
2019-06-28 10:53:00,ASK_DEPTH,"[(100205, 216)]"
2019-06-28 10:53:00,IMBALANCE,"[92, 216]"
2019-06-28 10:53:00,HOLDINGS_UPDATED,"{'CASH': 8971338, 'JPM': 10}"
2019-06-28 10:54:00,BID_DEPTH,"[(100294, 92)]"
2019-06-28 10:54:00,ASK_DEPTH,"[(100312, 216)]"
2019-06-28 10:54:00,IMBALANCE,"[92, 216]"
2019-06-28 10:54:00,HOLDINGS_UPDATED,"{'CASH': 9171926, 'JPM': 8}"
2019-06-28 10:55:00,BID_DEPTH,"[(100102, 440)]"
2019-06-28 10:55:00,ASK_DEPTH,"[(100113, 564)]"
2019-06-28 10:55:00,IMBALANCE,"[440, 564]"
2019-06-28 10:55:00,HOLDINGS_UPDATED,"{'CASH': 9372130, 'JPM': 6}"
2019-06-28 10:56:00,BID_DEPTH,"[(99890, 440)]"
2019-06-28 10:56:00,ASK_DEPTH,"[(100102, 564)]"
2019-06-28 10:56:00,IMBALANCE,"[440, 564]"
2019-06-28 10:56:00,HOLDINGS_UPDATED,"{'CASH': 9571910, 'JPM': 4}"
2019-06-28 10:57:00,BID_DEPTH,"[(99637, 440)]"
2019-06-28 10:57:00,ASK_DEPTH,"[(99865, 564)]"
2019-06-28 10:57:00,IMBALANCE,"[440, 564]"
2019-06-28 10:57:00,HOLDINGS_UPDATED,"{'CASH': 9771184, 'JPM': 2}"
2019-06-28 10:58:00,BID_DEPTH,"[(99637, 540)]"
2019-06-28 10:58:00,ASK_DEPTH,"[(99865, 564)]"
2019-06-28 10:58:00,IMBALANCE,"[540, 564]"
2019-06-28 10:58:00,HOLDINGS_UPDATED,{'CASH': 9970458}
2019-06-28 10:59:00,BID_DEPTH,"[(99865, 234)]"
2019-06-28 10:59:00,ASK_DEPTH,"[(99889, 258)]"
2019-06-28 10:59:00,IMBALANCE,"[234, 258]"
2019-06-28 10:59:00,HOLDINGS_UPDATED,"{'CASH': 10170188, 'JPM': -2}"
2019-06-28 11:00:00,BID_DEPTH,"[(99865, 182)]"
2019-06-28 11:00:00,ASK_DEPTH,"[(99889, 332)]"
2019-06-28 11:00:00,IMBALANCE,"[182, 332]"
2019-06-28 11:00:00,HOLDINGS_UPDATED,"{'CASH': 10369918, 'JPM': -4}"
2019-06-28 11:01:00,BID_DEPTH,"[(99684, 69)]"
2019-06-28 11:01:00,ASK_DEPTH,"[(100102, 193)]"
2019-06-28 11:01:00,IMBALANCE,"[69, 193]"
2019-06-28 11:01:00,HOLDINGS_UPDATED,"{'CASH': 10569286, 'JPM': -6}"
2019-06-28 11:02:00,BID_DEPTH,"[(99601, 440)]"
2019-06-28 11:02:00,ASK_DEPTH,"[(100138, 564)]"
2019-06-28 11:02:00,IMBALANCE,"[440, 564]"
2019-06-28 11:02:00,HOLDINGS_UPDATED,"{'CASH': 10768488, 'JPM': -8}"
2019-06-28 11:03:00,BID_DEPTH,"[(99399, 208)]"
2019-06-28 11:03:00,ASK_DEPTH,"[(100216, 332)]"
2019-06-28 11:03:00,IMBALANCE,"[208, 332]"
2019-06-28 11:03:00,HOLDINGS_UPDATED,"{'CASH': 10967286, 'JPM': -10}"
2019-06-28 11:04:00,BID_DEPTH,"[(100083, 92)]"
2019-06-28 11:04:00,ASK_DEPTH,"[(100216, 216)]"
2019-06-28 11:04:00,IMBALANCE,"[92, 216]"
2019-06-28 11:04:00,HOLDINGS_UPDATED,"{'CASH': 11167452, 'JPM': -12}"
2019-06-28 11:05:00,BID_DEPTH,"[(100029, 92)]"
2019-06-28 11:05:00,ASK_DEPTH,"[(100216, 216)]"
2019-06-28 11:05:00,IMBALANCE,"[92, 216]"
2019-06-28 11:05:00,HOLDINGS_UPDATED,"{'CASH': 11367510, 'JPM': -14}"
2019-06-28 11:06:00,BID_DEPTH,"[(99566, 134)]"
2019-06-28 11:06:00,ASK_DEPTH,"[(100216, 258)]"
2019-06-28 11:06:00,IMBALANCE,"[134, 258]"
2019-06-28 11:06:00,HOLDINGS_UPDATED,"{'CASH': 11566642, 'JPM': -16}"
2019-06-28 11:07:00,BID_DEPTH,"[(99317, 134)]"
2019-06-28 11:07:00,ASK_DEPTH,"[(100077, 258)]"
2019-06-28 11:07:00,IMBALANCE,"[134, 258]"
2019-06-28 11:07:00,HOLDINGS_UPDATED,"{'CASH': 11765276, 'JPM': -18}"
2019-06-28 11:08:00,BID_DEPTH,"[(100096, 134)]"
2019-06-28 11:08:00,ASK_DEPTH,"[(100142, 258)]"
2019-06-28 11:08:00,IMBALANCE,"[134, 258]"
2019-06-28 11:08:00,HOLDINGS_UPDATED,"{'CASH': 11965468, 'JPM': -20}"
2019-06-28 11:09:00,BID_DEPTH,"[(99833, 92)]"
2019-06-28 11:09:00,ASK_DEPTH,"[(99960, 216)]"
2019-06-28 11:09:00,IMBALANCE,"[92, 216]"
2019-06-28 11:09:00,HOLDINGS_UPDATED,"{'CASH': 12165134, 'JPM': -22}"
2019-06-28 11:10:00,BID_DEPTH,"[(99833, 208)]"
2019-06-28 11:10:00,ASK_DEPTH,"[(99958, 332)]"
2019-06-28 11:10:00,IMBALANCE,"[208, 332]"
2019-06-28 11:10:00,HOLDINGS_UPDATED,"{'CASH': 12364800, 'JPM': -24}"
2019-06-28 11:11:00,BID_DEPTH,[]
2019-06-28 11:11:00,ASK_DEPTH,"[(100074, 100)]"
2019-06-28 11:11:00,IMBALANCE,"[0, 100]"
2019-06-28 11:12:00,BID_DEPTH,"[(99958, 69)]"
2019-06-28 11:12:00,ASK_DEPTH,"[(100074, 193)]"
2019-06-28 11:12:00,IMBALANCE,"[69, 193]"
2019-06-28 11:12:00,HOLDINGS_UPDATED,"{'CASH': 12564716, 'JPM': -26}"
2019-06-28 11:13:00,BID_DEPTH,"[(99958, 92)]"
2019-06-28 11:13:00,ASK_DEPTH,"[(100074, 212)]"
2019-06-28 11:13:00,IMBALANCE,"[92, 212]"
2019-06-28 11:13:00,HOLDINGS_UPDATED,"{'CASH': 12764632, 'JPM': -28}"
2019-06-28 11:14:00,BID_DEPTH,"[(99873, 440)]"
2019-06-28 11:14:00,ASK_DEPTH,"[(100074, 656)]"
2019-06-28 11:14:00,IMBALANCE,"[440, 656]"
2019-06-28 11:14:00,HOLDINGS_UPDATED,"{'CASH': 12964378, 'JPM': -30}"
2019-06-28 11:15:00,BID_DEPTH,"[(99450, 440)]"
2019-06-28 11:15:00,ASK_DEPTH,"[(99873, 564)]"
2019-06-28 11:15:00,IMBALANCE,"[440, 564]"
2019-06-28 11:15:00,HOLDINGS_UPDATED,"{'CASH': 13163278, 'JPM': -32}"
2019-06-28 11:16:00,BID_DEPTH,"[(99659, 440)]"
2019-06-28 11:16:00,ASK_DEPTH,"[(99873, 660)]"
2019-06-28 11:16:00,IMBALANCE,"[440, 660]"
2019-06-28 11:16:00,HOLDINGS_UPDATED,"{'CASH': 13362596, 'JPM': -34}"
2019-06-28 11:17:00,BID_DEPTH,"[(99719, 69)]"
2019-06-28 11:17:00,ASK_DEPTH,"[(99873, 185)]"
2019-06-28 11:17:00,IMBALANCE,"[69, 185]"
2019-06-28 11:17:00,HOLDINGS_UPDATED,"{'CASH': 13562034, 'JPM': -36}"
2019-06-28 11:18:00,BID_DEPTH,"[(99873, 440)]"
2019-06-28 11:18:00,ASK_DEPTH,"[(99895, 564)]"
2019-06-28 11:18:00,IMBALANCE,"[440, 564]"
2019-06-28 11:18:00,HOLDINGS_UPDATED,"{'CASH': 13761780, 'JPM': -38}"
2019-06-28 11:19:00,BID_DEPTH,"[(99895, 119)]"
2019-06-28 11:19:00,ASK_DEPTH,"[(100142, 332)]"
2019-06-28 11:19:00,IMBALANCE,"[119, 332]"
2019-06-28 11:19:00,HOLDINGS_UPDATED,"{'CASH': 13961570, 'JPM': -40}"
2019-06-28 11:20:00,BID_DEPTH,"[(100142, 69)]"
2019-06-28 11:20:00,ASK_DEPTH,"[(100302, 193)]"
2019-06-28 11:20:00,IMBALANCE,"[69, 193]"
2019-06-28 11:20:00,HOLDINGS_UPDATED,"{'CASH': 14161854, 'JPM': -42}"
2019-06-28 11:21:00,BID_DEPTH,"[(99719, 69)]"
2019-06-28 11:21:00,ASK_DEPTH,"[(100292, 193)]"
2019-06-28 11:21:00,IMBALANCE,"[69, 193]"
2019-06-28 11:21:00,HOLDINGS_UPDATED,"{'CASH': 14361292, 'JPM': -44}"
2019-06-28 11:22:00,BID_DEPTH,"[(99450, 134)]"
2019-06-28 11:22:00,ASK_DEPTH,"[(100393, 258)]"
2019-06-28 11:22:00,IMBALANCE,"[134, 258]"
2019-06-28 11:22:00,HOLDINGS_UPDATED,"{'CASH': 14560192, 'JPM': -46}"
2019-06-28 11:23:00,BID_DEPTH,"[(99904, 92)]"
2019-06-28 11:23:00,ASK_DEPTH,"[(100148, 216)]"
2019-06-28 11:23:00,IMBALANCE,"[92, 216]"
2019-06-28 11:23:00,HOLDINGS_UPDATED,"{'CASH': 14760000, 'JPM': -48}"
2019-06-28 11:24:00,BID_DEPTH,"[(99971, 208)]"
2019-06-28 11:24:00,ASK_DEPTH,"[(99996, 332)]"
2019-06-28 11:24:00,IMBALANCE,"[208, 332]"
2019-06-28 11:24:00,HOLDINGS_UPDATED,"{'CASH': 14959942, 'JPM': -50}"
2019-06-28 11:25:00,BID_DEPTH,"[(99904, 92)]"
2019-06-28 11:25:00,ASK_DEPTH,"[(100148, 212)]"
2019-06-28 11:25:00,IMBALANCE,"[92, 212]"
2019-06-28 11:25:00,HOLDINGS_UPDATED,"{'CASH': 15159750, 'JPM': -52}"
2019-06-28 11:26:00,BID_DEPTH,"[(99904, 134)]"
2019-06-28 11:26:00,ASK_DEPTH,"[(100054, 258)]"
2019-06-28 11:26:00,IMBALANCE,"[134, 258]"
2019-06-28 11:26:00,HOLDINGS_UPDATED,"{'CASH': 15359558, 'JPM': -54}"
2019-06-28 11:27:00,BID_DEPTH,"[(99868, 69)]"
2019-06-28 11:27:00,ASK_DEPTH,"[(100054, 289)]"
2019-06-28 11:27:00,IMBALANCE,"[69, 289]"
2019-06-28 11:27:00,HOLDINGS_UPDATED,"{'CASH': 15559294, 'JPM': -56}"
2019-06-28 11:28:00,BID_DEPTH,"[(100042, 134)]"
2019-06-28 11:28:00,ASK_DEPTH,"[(100054, 450)]"
2019-06-28 11:28:00,IMBALANCE,"[134, 450]"
2019-06-28 11:28:00,HOLDINGS_UPDATED,"{'CASH': 15759378, 'JPM': -58}"
2019-06-28 11:29:00,BID_DEPTH,"[(99881, 134)]"
2019-06-28 11:29:00,ASK_DEPTH,"[(100054, 446)]"
2019-06-28 11:29:00,IMBALANCE,"[134, 446]"
2019-06-28 11:29:00,HOLDINGS_UPDATED,"{'CASH': 15959140, 'JPM': -60}"
2019-06-28 11:30:00,BID_DEPTH,"[(99607, 208)]"
2019-06-28 11:30:00,ASK_DEPTH,"[(100087, 332)]"
2019-06-28 11:30:00,IMBALANCE,"[208, 332]"
2019-06-28 11:30:00,HOLDINGS_UPDATED,"{'CASH': 16158354, 'JPM': -62}"
2019-06-28 11:31:00,BID_DEPTH,"[(100087, 192)]"
2019-06-28 11:31:00,ASK_DEPTH,"[(100148, 216)]"
2019-06-28 11:31:00,IMBALANCE,"[192, 216]"
2019-06-28 11:31:00,HOLDINGS_UPDATED,"{'CASH': 16358528, 'JPM': -64}"
2019-06-28 11:32:00,BID_DEPTH,"[(100309, 208)]"
2019-06-28 11:32:00,ASK_DEPTH,"[(100393, 328)]"
2019-06-28 11:32:00,IMBALANCE,"[208, 328]"
2019-06-28 11:32:00,HOLDINGS_UPDATED,"{'CASH': 16559146, 'JPM': -66}"
2019-06-28 11:33:00,BID_DEPTH,"[(100309, 192)]"
2019-06-28 11:33:00,ASK_DEPTH,"[(100393, 208)]"
2019-06-28 11:33:00,IMBALANCE,"[192, 208]"
2019-06-28 11:33:00,HOLDINGS_UPDATED,"{'CASH': 16759764, 'JPM': -68}"
2019-06-28 11:34:00,BID_DEPTH,"[(100309, 263)]"
2019-06-28 11:34:00,ASK_DEPTH,"[(100393, 61)]"
2019-06-28 11:34:00,IMBALANCE,"[263, 61]"
2019-06-28 11:34:00,HOLDINGS_UPDATED,"{'CASH': 16558978, 'JPM': -66}"
2019-06-28 11:35:00,BID_DEPTH,"[(100309, 864)]"
2019-06-28 11:35:00,ASK_DEPTH,"[(100411, 440)]"
2019-06-28 11:35:00,IMBALANCE,"[864, 440]"
2019-06-28 11:35:00,HOLDINGS_UPDATED,"{'CASH': 16358156, 'JPM': -64}"
2019-06-28 11:36:00,BID_DEPTH,"[(100309, 554)]"
2019-06-28 11:36:00,ASK_DEPTH,"[(100979, 134)]"
2019-06-28 11:36:00,IMBALANCE,"[554, 134]"
2019-06-28 11:36:00,HOLDINGS_UPDATED,"{'CASH': 16156198, 'JPM': -62}"
2019-06-28 11:37:00,BID_DEPTH,"[(100309, 856)]"
2019-06-28 11:37:00,ASK_DEPTH,"[(101274, 440)]"
2019-06-28 11:37:00,IMBALANCE,"[856, 440]"
2019-06-28 11:37:00,HOLDINGS_UPDATED,"{'CASH': 15953650, 'JPM': -60}"
2019-06-28 11:38:00,BID_DEPTH,"[(100309, 704)]"
2019-06-28 11:38:00,ASK_DEPTH,"[(101593, 92)]"
2019-06-28 11:38:00,IMBALANCE,"[704, 92]"
2019-06-28 11:38:00,HOLDINGS_UPDATED,"{'CASH': 15750464, 'JPM': -58}"
2019-06-28 11:39:00,BID_DEPTH,"[(101567, 564)]"
2019-06-28 11:39:00,ASK_DEPTH,"[(101617, 440)]"
2019-06-28 11:39:00,IMBALANCE,"[564, 440]"
2019-06-28 11:39:00,HOLDINGS_UPDATED,"{'CASH': 15547230, 'JPM': -56}"
2019-06-28 11:40:00,BID_DEPTH,"[(101567, 428)]"
2019-06-28 11:40:00,ASK_DEPTH,"[(101615, 208)]"
2019-06-28 11:40:00,IMBALANCE,"[428, 208]"
2019-06-28 11:40:00,HOLDINGS_UPDATED,"{'CASH': 15344000, 'JPM': -54}"
2019-06-28 11:41:00,BID_DEPTH,"[(101567, 308)]"
2019-06-28 11:41:00,ASK_DEPTH,"[(101752, 92)]"
2019-06-28 11:41:00,IMBALANCE,"[308, 92]"
2019-06-28 11:41:00,HOLDINGS_UPDATED,"{'CASH': 15140496, 'JPM': -52}"
2019-06-28 11:42:00,BID_DEPTH,"[(101567, 304)]"
2019-06-28 11:42:00,ASK_DEPTH,"[(101781, 92)]"
2019-06-28 11:42:00,IMBALANCE,"[304, 92]"
2019-06-28 11:42:00,HOLDINGS_UPDATED,"{'CASH': 14936934, 'JPM': -50}"
2019-06-28 11:43:00,BID_DEPTH,"[(101567, 648)]"
2019-06-28 11:43:00,ASK_DEPTH,"[(101781, 440)]"
2019-06-28 11:43:00,IMBALANCE,"[648, 440]"
2019-06-28 11:43:00,HOLDINGS_UPDATED,"{'CASH': 14733372, 'JPM': -48}"
2019-06-28 11:44:00,BID_DEPTH,"[(101660, 564)]"
2019-06-28 11:44:00,ASK_DEPTH,"[(101814, 440)]"
2019-06-28 11:44:00,IMBALANCE,"[564, 440]"
2019-06-28 11:44:00,HOLDINGS_UPDATED,"{'CASH': 14529744, 'JPM': -46}"
2019-06-28 11:45:00,BID_DEPTH,"[(101660, 254)]"
2019-06-28 11:45:00,ASK_DEPTH,"[(101883, 134)]"
2019-06-28 11:45:00,IMBALANCE,"[254, 134]"
2019-06-28 11:45:00,HOLDINGS_UPDATED,"{'CASH': 14325978, 'JPM': -44}"
2019-06-28 11:46:00,BID_DEPTH,"[(101660, 250)]"
2019-06-28 11:46:00,ASK_DEPTH,"[(101883, 134)]"
2019-06-28 11:46:00,IMBALANCE,"[250, 134]"
2019-06-28 11:46:00,HOLDINGS_UPDATED,"{'CASH': 14122212, 'JPM': -42}"
2019-06-28 11:47:00,BID_DEPTH,"[(101660, 204)]"
2019-06-28 11:47:00,ASK_DEPTH,"[(101812, 92)]"
2019-06-28 11:47:00,IMBALANCE,"[204, 92]"
2019-06-28 11:47:00,HOLDINGS_UPDATED,"{'CASH': 13918588, 'JPM': -40}"
2019-06-28 11:48:00,BID_DEPTH,"[(101660, 316)]"
2019-06-28 11:48:00,ASK_DEPTH,"[(102146, 208)]"
2019-06-28 11:48:00,IMBALANCE,"[316, 208]"
2019-06-28 11:48:00,HOLDINGS_UPDATED,"{'CASH': 13714296, 'JPM': -38}"
2019-06-28 11:49:00,BID_DEPTH,"[(101660, 338)]"
2019-06-28 11:49:00,ASK_DEPTH,"[(102215, 134)]"
2019-06-28 11:49:00,IMBALANCE,"[338, 134]"
2019-06-28 11:49:00,HOLDINGS_UPDATED,"{'CASH': 13509866, 'JPM': -36}"
2019-06-28 11:50:00,BID_DEPTH,"[(101660, 640)]"
2019-06-28 11:50:00,ASK_DEPTH,"[(102386, 440)]"
2019-06-28 11:50:00,IMBALANCE,"[640, 440]"
2019-06-28 11:50:00,HOLDINGS_UPDATED,"{'CASH': 13305094, 'JPM': -34}"
2019-06-28 11:51:00,BID_DEPTH,"[(101660, 404)]"
2019-06-28 11:51:00,ASK_DEPTH,"[(102480, 208)]"
2019-06-28 11:51:00,IMBALANCE,"[404, 208]"
2019-06-28 11:51:00,HOLDINGS_UPDATED,"{'CASH': 13100134, 'JPM': -32}"
2019-06-28 11:52:00,BID_DEPTH,"[(101660, 632)]"
2019-06-28 11:52:00,ASK_DEPTH,"[(102719, 440)]"
2019-06-28 11:52:00,IMBALANCE,"[632, 440]"
2019-06-28 11:52:00,HOLDINGS_UPDATED,"{'CASH': 12894696, 'JPM': -30}"
2019-06-28 11:53:00,BID_DEPTH,"[(102662, 216)]"
2019-06-28 11:53:00,ASK_DEPTH,"[(103035, 92)]"
2019-06-28 11:53:00,IMBALANCE,"[216, 92]"
2019-06-28 11:53:00,HOLDINGS_UPDATED,"{'CASH': 12688626, 'JPM': -28}"
2019-06-28 11:54:00,BID_DEPTH,"[(103016, 216)]"
2019-06-28 11:54:00,ASK_DEPTH,"[(103146, 92)]"
2019-06-28 11:54:00,IMBALANCE,"[216, 92]"
2019-06-28 11:54:00,HOLDINGS_UPDATED,"{'CASH': 12482334, 'JPM': -26}"
2019-06-28 11:55:00,BID_DEPTH,"[(103016, 100)]"
2019-06-28 11:55:00,ASK_DEPTH,[]
2019-06-28 11:55:00,IMBALANCE,"[100, 0]"
2019-06-28 11:56:00,BID_DEPTH,"[(102662, 528)]"
2019-06-28 11:56:00,ASK_DEPTH,"[(103146, 208)]"
2019-06-28 11:56:00,IMBALANCE,"[528, 208]"
2019-06-28 11:56:00,HOLDINGS_UPDATED,"{'CASH': 12276042, 'JPM': -24}"
2019-06-28 11:57:00,BID_DEPTH,"[(102662, 289)]"
2019-06-28 11:57:00,ASK_DEPTH,"[(103146, 69)]"
2019-06-28 11:57:00,IMBALANCE,"[289, 69]"
2019-06-28 11:57:00,HOLDINGS_UPDATED,"{'CASH': 12069750, 'JPM': -22}"
2019-06-28 11:58:00,BID_DEPTH,"[(102310, 332)]"
2019-06-28 11:58:00,ASK_DEPTH,"[(102662, 308)]"
2019-06-28 11:58:00,IMBALANCE,"[332, 308]"
2019-06-28 11:58:00,HOLDINGS_UPDATED,"{'CASH': 11864426, 'JPM': -20}"
2019-06-28 11:59:00,BID_DEPTH,"[(102304, 193)]"
2019-06-28 11:59:00,ASK_DEPTH,"[(102662, 143)]"
2019-06-28 11:59:00,IMBALANCE,"[193, 143]"
2019-06-28 11:59:00,HOLDINGS_UPDATED,"{'CASH': 11659102, 'JPM': -18}"
2019-06-28 12:00:00,BID_DEPTH,"[(102176, 332)]"
2019-06-28 12:00:00,ASK_DEPTH,"[(102304, 208)]"
2019-06-28 12:00:00,IMBALANCE,"[332, 208]"
2019-06-28 12:00:00,HOLDINGS_UPDATED,"{'CASH': 11454494, 'JPM': -16}"
2019-06-28 12:01:00,BID_DEPTH,"[(101871, 258)]"
2019-06-28 12:01:00,ASK_DEPTH,"[(102176, 134)]"
2019-06-28 12:01:00,IMBALANCE,"[258, 134]"
2019-06-28 12:01:00,HOLDINGS_UPDATED,"{'CASH': 11250142, 'JPM': -14}"
2019-06-28 12:02:00,BID_DEPTH,"[(101871, 332)]"
2019-06-28 12:02:00,ASK_DEPTH,"[(102304, 308)]"
2019-06-28 12:02:00,IMBALANCE,"[332, 308]"
2019-06-28 12:02:00,HOLDINGS_UPDATED,"{'CASH': 11045534, 'JPM': -12}"
2019-06-28 12:03:00,BID_DEPTH,"[(101806, 564)]"
2019-06-28 12:03:00,ASK_DEPTH,"[(102304, 414)]"
2019-06-28 12:03:00,IMBALANCE,"[564, 414]"
2019-06-28 12:03:00,HOLDINGS_UPDATED,"{'CASH': 10840926, 'JPM': -10}"
2019-06-28 12:04:00,BID_DEPTH,"[(101719, 332)]"
2019-06-28 12:04:00,ASK_DEPTH,"[(102304, 208)]"
2019-06-28 12:04:00,IMBALANCE,"[332, 208]"
2019-06-28 12:04:00,HOLDINGS_UPDATED,"{'CASH': 10636318, 'JPM': -8}"
2019-06-28 12:05:00,BID_DEPTH,"[(101719, 258)]"
2019-06-28 12:05:00,ASK_DEPTH,"[(102304, 134)]"
2019-06-28 12:05:00,IMBALANCE,"[258, 134]"
2019-06-28 12:05:00,HOLDINGS_UPDATED,"{'CASH': 10431710, 'JPM': -6}"
2019-06-28 12:06:00,BID_DEPTH,"[(101719, 564)]"
2019-06-28 12:06:00,ASK_DEPTH,"[(102304, 440)]"
2019-06-28 12:06:00,IMBALANCE,"[564, 440]"
2019-06-28 12:06:00,HOLDINGS_UPDATED,"{'CASH': 10227102, 'JPM': -4}"
2019-06-28 12:07:00,BID_DEPTH,"[(101660, 180)]"
2019-06-28 12:07:00,ASK_DEPTH,"[(101707, 92)]"
2019-06-28 12:07:00,IMBALANCE,"[180, 92]"
2019-06-28 12:07:00,HOLDINGS_UPDATED,"{'CASH': 10023688, 'JPM': -2}"
2019-06-28 12:08:00,BID_DEPTH,"[(101660, 180)]"
2019-06-28 12:08:00,ASK_DEPTH,"[(102662, 192)]"
2019-06-28 12:08:00,IMBALANCE,"[180, 192]"
2019-06-28 12:08:00,HOLDINGS_UPDATED,{'CASH': 9818364}
2019-06-28 12:09:00,BID_DEPTH,"[(101161, 564)]"
2019-06-28 12:09:00,ASK_DEPTH,"[(103145, 440)]"
2019-06-28 12:09:00,IMBALANCE,"[564, 440]"
2019-06-28 12:09:00,HOLDINGS_UPDATED,"{'CASH': 9612074, 'JPM': 2}"
2019-06-28 12:10:00,BID_DEPTH,"[(100555, 564)]"
2019-06-28 12:10:00,ASK_DEPTH,"[(103145, 540)]"
2019-06-28 12:10:00,IMBALANCE,"[564, 540]"
2019-06-28 12:10:00,HOLDINGS_UPDATED,"{'CASH': 9405784, 'JPM': 4}"
2019-06-28 12:11:00,BID_DEPTH,"[(100555, 564)]"
2019-06-28 12:11:00,ASK_DEPTH,"[(100799, 440)]"
2019-06-28 12:11:00,IMBALANCE,"[564, 440]"
2019-06-28 12:11:00,HOLDINGS_UPDATED,"{'CASH': 9204186, 'JPM': 6}"
2019-06-28 12:12:00,BID_DEPTH,"[(100366, 258)]"
2019-06-28 12:12:00,ASK_DEPTH,"[(103145, 108)]"
2019-06-28 12:12:00,IMBALANCE,"[258, 108]"
2019-06-28 12:12:00,HOLDINGS_UPDATED,"{'CASH': 8997896, 'JPM': 8}"
2019-06-28 12:13:00,BID_DEPTH,"[(100366, 332)]"
2019-06-28 12:13:00,ASK_DEPTH,"[(103145, 308)]"
2019-06-28 12:13:00,IMBALANCE,"[332, 308]"
2019-06-28 12:13:00,HOLDINGS_UPDATED,"{'CASH': 8791606, 'JPM': 10}"
2019-06-28 12:14:00,BID_DEPTH,"[(100309, 564)]"
2019-06-28 12:14:00,ASK_DEPTH,"[(103145, 414)]"
2019-06-28 12:14:00,IMBALANCE,"[564, 414]"
2019-06-28 12:14:00,HOLDINGS_UPDATED,"{'CASH': 8585316, 'JPM': 12}"
2019-06-28 12:15:00,BID_DEPTH,"[(100087, 3)]"
2019-06-28 12:15:00,ASK_DEPTH,"[(100088, 91)]"
2019-06-28 12:15:00,IMBALANCE,"[3, 91]"
2019-06-28 12:15:00,HOLDINGS_UPDATED,"{'CASH': 8385140, 'JPM': 14}"
2019-06-28 12:16:00,BID_DEPTH,"[(100650, 100)]"
2019-06-28 12:16:00,ASK_DEPTH,[]
2019-06-28 12:16:00,IMBALANCE,"[100, 0]"
2019-06-28 12:17:00,BID_DEPTH,"[(100539, 100)]"
2019-06-28 12:17:00,ASK_DEPTH,[]
2019-06-28 12:17:00,IMBALANCE,"[100, 0]"
2019-06-28 12:18:00,BID_DEPTH,"[(100594, 100)]"
2019-06-28 12:18:00,ASK_DEPTH,[]
2019-06-28 12:18:00,IMBALANCE,"[100, 0]"
2019-06-28 12:19:00,BID_DEPTH,"[(100594, 193)]"
2019-06-28 12:19:00,ASK_DEPTH,"[(100932, 69)]"
2019-06-28 12:19:00,IMBALANCE,"[193, 69]"
2019-06-28 12:19:00,HOLDINGS_UPDATED,"{'CASH': 8183276, 'JPM': 16}"
2019-06-28 12:20:00,BID_DEPTH,"[(100089, 564)]"
2019-06-28 12:20:00,ASK_DEPTH,"[(100488, 440)]"
2019-06-28 12:20:00,IMBALANCE,"[564, 440]"
2019-06-28 12:20:00,HOLDINGS_UPDATED,"{'CASH': 7982300, 'JPM': 18}"
2019-06-28 12:21:00,BID_DEPTH,"[(100088, 332)]"
2019-06-28 12:21:00,ASK_DEPTH,"[(100293, 208)]"
2019-06-28 12:21:00,IMBALANCE,"[332, 208]"
2019-06-28 12:21:00,HOLDINGS_UPDATED,"{'CASH': 7781714, 'JPM': 20}"
2019-06-28 12:22:00,BID_DEPTH,"[(100088, 69)]"
2019-06-28 12:22:00,ASK_DEPTH,"[(100471, 193)]"
2019-06-28 12:22:00,IMBALANCE,"[69, 193]"
2019-06-28 12:22:00,HOLDINGS_UPDATED,"{'CASH': 7981890, 'JPM': 18}"
2019-06-28 12:23:00,BID_DEPTH,"[(100275, 134)]"
2019-06-28 12:23:00,ASK_DEPTH,"[(100471, 258)]"
2019-06-28 12:23:00,IMBALANCE,"[134, 258]"
2019-06-28 12:23:00,HOLDINGS_UPDATED,"{'CASH': 8182440, 'JPM': 16}"
2019-06-28 12:24:00,BID_DEPTH,"[(99931, 69)]"
2019-06-28 12:24:00,ASK_DEPTH,"[(100471, 189)]"
2019-06-28 12:24:00,IMBALANCE,"[69, 189]"
2019-06-28 12:24:00,HOLDINGS_UPDATED,"{'CASH': 8382302, 'JPM': 14}"
2019-06-28 12:25:00,BID_DEPTH,"[(99885, 92)]"
2019-06-28 12:25:00,ASK_DEPTH,"[(99916, 216)]"
2019-06-28 12:25:00,IMBALANCE,"[92, 216]"
2019-06-28 12:25:00,HOLDINGS_UPDATED,"{'CASH': 8582072, 'JPM': 12}"
2019-06-28 12:26:00,BID_DEPTH,"[(99708, 92)]"
2019-06-28 12:26:00,ASK_DEPTH,"[(99916, 312)]"
2019-06-28 12:26:00,IMBALANCE,"[92, 312]"
2019-06-28 12:26:00,HOLDINGS_UPDATED,"{'CASH': 8781488, 'JPM': 10}"
2019-06-28 12:27:00,BID_DEPTH,"[(99608, 69)]"
2019-06-28 12:27:00,ASK_DEPTH,"[(99916, 285)]"
2019-06-28 12:27:00,IMBALANCE,"[69, 285]"
2019-06-28 12:27:00,HOLDINGS_UPDATED,"{'CASH': 8980704, 'JPM': 8}"
2019-06-28 12:28:00,BID_DEPTH,"[(99539, 92)]"
2019-06-28 12:28:00,ASK_DEPTH,"[(99772, 216)]"
2019-06-28 12:28:00,IMBALANCE,"[92, 216]"
2019-06-28 12:28:00,HOLDINGS_UPDATED,"{'CASH': 9179782, 'JPM': 6}"
2019-06-28 12:29:00,BID_DEPTH,"[(99473, 69)]"
2019-06-28 12:29:00,ASK_DEPTH,"[(99538, 193)]"
2019-06-28 12:29:00,IMBALANCE,"[69, 193]"
2019-06-28 12:29:00,HOLDINGS_UPDATED,"{'CASH': 9378728, 'JPM': 4}"
2019-06-28 12:30:00,BID_DEPTH,"[(99403, 92)]"
2019-06-28 12:30:00,ASK_DEPTH,"[(99538, 212)]"
2019-06-28 12:30:00,IMBALANCE,"[92, 212]"
2019-06-28 12:30:00,HOLDINGS_UPDATED,"{'CASH': 9577534, 'JPM': 2}"
2019-06-28 12:31:00,BID_DEPTH,"[(99169, 92)]"
2019-06-28 12:31:00,ASK_DEPTH,"[(99537, 216)]"
2019-06-28 12:31:00,IMBALANCE,"[92, 216]"
2019-06-28 12:31:00,HOLDINGS_UPDATED,{'CASH': 9775872}
2019-06-28 12:32:00,BID_DEPTH,"[(99171, 69)]"
2019-06-28 12:32:00,ASK_DEPTH,"[(99174, 193)]"
2019-06-28 12:32:00,IMBALANCE,"[69, 193]"
2019-06-28 12:32:00,HOLDINGS_UPDATED,"{'CASH': 9974214, 'JPM': -2}"
2019-06-28 12:33:00,BID_DEPTH,"[(99074, 92)]"
2019-06-28 12:33:00,ASK_DEPTH,"[(99171, 149)]"
2019-06-28 12:33:00,IMBALANCE,"[92, 149]"
2019-06-28 12:33:00,HOLDINGS_UPDATED,"{'CASH': 10172362, 'JPM': -4}"
2019-06-28 12:34:00,BID_DEPTH,"[(99171, 124)]"
2019-06-28 12:34:00,ASK_DEPTH,"[(99174, 189)]"
2019-06-28 12:34:00,IMBALANCE,"[124, 189]"
2019-06-28 12:34:00,HOLDINGS_UPDATED,"{'CASH': 10370704, 'JPM': -6}"
2019-06-28 12:35:00,BID_DEPTH,"[(99174, 84)]"
2019-06-28 12:35:00,ASK_DEPTH,"[(99222, 258)]"
2019-06-28 12:35:00,IMBALANCE,"[84, 258]"
2019-06-28 12:35:00,HOLDINGS_UPDATED,"{'CASH': 10569052, 'JPM': -8}"
2019-06-28 12:36:00,BID_DEPTH,"[(99174, 92)]"
2019-06-28 12:36:00,ASK_DEPTH,"[(99222, 212)]"
2019-06-28 12:36:00,IMBALANCE,"[92, 212]"
2019-06-28 12:36:00,HOLDINGS_UPDATED,"{'CASH': 10767400, 'JPM': -10}"
2019-06-28 12:37:00,BID_DEPTH,"[(99170, 91)]"
2019-06-28 12:37:00,ASK_DEPTH,"[(99222, 185)]"
2019-06-28 12:37:00,IMBALANCE,"[91, 185]"
2019-06-28 12:37:00,HOLDINGS_UPDATED,"{'CASH': 10965740, 'JPM': -12}"
2019-06-28 12:38:00,BID_DEPTH,"[(99222, 440)]"
2019-06-28 12:38:00,ASK_DEPTH,"[(99477, 564)]"
2019-06-28 12:38:00,IMBALANCE,"[440, 564]"
2019-06-28 12:38:00,HOLDINGS_UPDATED,"{'CASH': 11164184, 'JPM': -14}"
2019-06-28 12:39:00,BID_DEPTH,[]
2019-06-28 12:39:00,ASK_DEPTH,"[(99477, 96)]"
2019-06-28 12:39:00,IMBALANCE,"[0, 96]"
2019-06-28 12:40:00,BID_DEPTH,"[(99477, 119)]"
2019-06-28 12:40:00,ASK_DEPTH,"[(99538, 424)]"
2019-06-28 12:40:00,IMBALANCE,"[119, 424]"
2019-06-28 12:40:00,HOLDINGS_UPDATED,"{'CASH': 11363138, 'JPM': -16}"
2019-06-28 12:41:00,BID_DEPTH,"[(99222, 208)]"
2019-06-28 12:41:00,ASK_DEPTH,"[(99884, 332)]"
2019-06-28 12:41:00,IMBALANCE,"[208, 332]"
2019-06-28 12:41:00,HOLDINGS_UPDATED,"{'CASH': 11561582, 'JPM': -18}"
2019-06-28 12:42:00,BID_DEPTH,"[(99222, 208)]"
2019-06-28 12:42:00,ASK_DEPTH,"[(99884, 328)]"
2019-06-28 12:42:00,IMBALANCE,"[208, 328]"
2019-06-28 12:42:00,HOLDINGS_UPDATED,"{'CASH': 11760026, 'JPM': -20}"
2019-06-28 12:43:00,BID_DEPTH,"[(99883, 74)]"
2019-06-28 12:43:00,ASK_DEPTH,"[(99884, 4)]"
2019-06-28 12:43:00,IMBALANCE,"[74, 4]"
2019-06-28 12:43:00,HOLDINGS_UPDATED,"{'CASH': 11959792, 'JPM': -22}"
2019-06-28 12:44:00,BID_DEPTH,"[(99915, 74)]"
2019-06-28 12:44:00,ASK_DEPTH,"[(99931, 126)]"
2019-06-28 12:44:00,IMBALANCE,"[74, 126]"
2019-06-28 12:44:00,HOLDINGS_UPDATED,"{'CASH': 12159622, 'JPM': -24}"
2019-06-28 12:45:00,BID_DEPTH,"[(99931, 105)]"
2019-06-28 12:45:00,ASK_DEPTH,"[(100471, 350)]"
2019-06-28 12:45:00,IMBALANCE,"[105, 350]"
2019-06-28 12:45:00,HOLDINGS_UPDATED,"{'CASH': 12359484, 'JPM': -26}"
2019-06-28 12:46:00,BID_DEPTH,"[(99931, 174)]"
2019-06-28 12:46:00,ASK_DEPTH,"[(100471, 4)]"
2019-06-28 12:46:00,IMBALANCE,"[174, 4]"
2019-06-28 12:46:00,HOLDINGS_UPDATED,"{'CASH': 12559346, 'JPM': -28}"
2019-06-28 12:47:00,BID_DEPTH,"[(99932, 208)]"
2019-06-28 12:47:00,ASK_DEPTH,"[(100485, 332)]"
2019-06-28 12:47:00,IMBALANCE,"[208, 332]"
2019-06-28 12:47:00,HOLDINGS_UPDATED,"{'CASH': 12759210, 'JPM': -30}"
2019-06-28 12:48:00,BID_DEPTH,[]
2019-06-28 12:48:00,ASK_DEPTH,"[(100488, 100)]"
2019-06-28 12:48:00,IMBALANCE,"[0, 100]"
2019-06-28 12:49:00,BID_DEPTH,"[(99918, 134)]"
2019-06-28 12:49:00,ASK_DEPTH,"[(99933, 258)]"
2019-06-28 12:49:00,IMBALANCE,"[134, 258]"
2019-06-28 12:49:00,HOLDINGS_UPDATED,"{'CASH': 12959046, 'JPM': -32}"
2019-06-28 12:50:00,BID_DEPTH,"[(99785, 208)]"
2019-06-28 12:50:00,ASK_DEPTH,"[(100213, 332)]"
2019-06-28 12:50:00,IMBALANCE,"[208, 332]"
2019-06-28 12:50:00,HOLDINGS_UPDATED,"{'CASH': 13158616, 'JPM': -34}"
2019-06-28 12:51:00,BID_DEPTH,"[(100025, 208)]"
2019-06-28 12:51:00,ASK_DEPTH,"[(100213, 332)]"
2019-06-28 12:51:00,IMBALANCE,"[208, 332]"
2019-06-28 12:51:00,HOLDINGS_UPDATED,"{'CASH': 13358666, 'JPM': -36}"
2019-06-28 12:52:00,BID_DEPTH,[]
2019-06-28 12:52:00,ASK_DEPTH,"[(100041, 100)]"
2019-06-28 12:52:00,IMBALANCE,"[0, 100]"
2019-06-28 12:53:00,BID_DEPTH,[]
2019-06-28 12:53:00,ASK_DEPTH,"[(99859, 100)]"
2019-06-28 12:53:00,IMBALANCE,"[0, 100]"
2019-06-28 12:54:00,BID_DEPTH,[]
2019-06-28 12:54:00,ASK_DEPTH,"[(99786, 200)]"
2019-06-28 12:54:00,IMBALANCE,"[0, 200]"
2019-06-28 12:55:00,BID_DEPTH,[]
2019-06-28 12:55:00,ASK_DEPTH,"[(99437, 100)]"
2019-06-28 12:55:00,IMBALANCE,"[0, 100]"
2019-06-28 12:56:00,BID_DEPTH,"[(99312, 92)]"
2019-06-28 12:56:00,ASK_DEPTH,"[(99359, 216)]"
2019-06-28 12:56:00,IMBALANCE,"[92, 216]"
2019-06-28 12:56:00,HOLDINGS_UPDATED,"{'CASH': 13557290, 'JPM': -38}"
2019-06-28 12:57:00,BID_DEPTH,[]
2019-06-28 12:57:00,ASK_DEPTH,"[(98993, 100)]"
2019-06-28 12:57:00,IMBALANCE,"[0, 100]"
2019-06-28 12:58:00,BID_DEPTH,[]
2019-06-28 12:58:00,ASK_DEPTH,"[(98919, 100)]"
2019-06-28 12:58:00,IMBALANCE,"[0, 100]"
2019-06-28 12:59:00,BID_DEPTH,[]
2019-06-28 12:59:00,ASK_DEPTH,"[(99084, 100)]"
2019-06-28 12:59:00,IMBALANCE,"[0, 100]"
2019-06-28 13:00:00,BID_DEPTH,"[(98919, 69)]"
2019-06-28 13:00:00,ASK_DEPTH,"[(99084, 193)]"
2019-06-28 13:00:00,IMBALANCE,"[69, 193]"
2019-06-28 13:00:00,HOLDINGS_UPDATED,"{'CASH': 13755128, 'JPM': -40}"
2019-06-28 13:01:00,BID_DEPTH,[]
2019-06-28 13:01:00,ASK_DEPTH,"[(99312, 300)]"
2019-06-28 13:01:00,IMBALANCE,"[0, 300]"
2019-06-28 13:02:00,BID_DEPTH,[]
2019-06-28 13:02:00,ASK_DEPTH,"[(99312, 200)]"
2019-06-28 13:02:00,IMBALANCE,"[0, 200]"
2019-06-28 13:03:00,BID_DEPTH,"[(99084, 69)]"
2019-06-28 13:03:00,ASK_DEPTH,"[(99312, 193)]"
2019-06-28 13:03:00,IMBALANCE,"[69, 193]"
2019-06-28 13:03:00,HOLDINGS_UPDATED,"{'CASH': 13953296, 'JPM': -42}"
2019-06-28 13:04:00,BID_DEPTH,"[(99084, 440)]"
2019-06-28 13:04:00,ASK_DEPTH,"[(99312, 564)]"
2019-06-28 13:04:00,IMBALANCE,"[440, 564]"
2019-06-28 13:04:00,HOLDINGS_UPDATED,"{'CASH': 14151464, 'JPM': -44}"
2019-06-28 13:05:00,BID_DEPTH,"[(99312, 440)]"
2019-06-28 13:05:00,ASK_DEPTH,"[(99345, 564)]"
2019-06-28 13:05:00,IMBALANCE,"[440, 564]"
2019-06-28 13:05:00,HOLDINGS_UPDATED,"{'CASH': 14350088, 'JPM': -46}"
2019-06-28 13:06:00,BID_DEPTH,[]
2019-06-28 13:06:00,ASK_DEPTH,"[(99276, 100)]"
2019-06-28 13:06:00,IMBALANCE,"[0, 100]"
2019-06-28 13:07:00,BID_DEPTH,"[(98572, 440)]"
2019-06-28 13:07:00,ASK_DEPTH,"[(98598, 564)]"
2019-06-28 13:07:00,IMBALANCE,"[440, 564]"
2019-06-28 13:07:00,HOLDINGS_UPDATED,"{'CASH': 14547232, 'JPM': -48}"
2019-06-28 13:08:00,BID_DEPTH,"[(99148, 134)]"
2019-06-28 13:08:00,ASK_DEPTH,"[(99200, 258)]"
2019-06-28 13:08:00,IMBALANCE,"[134, 258]"
2019-06-28 13:08:00,HOLDINGS_UPDATED,"{'CASH': 14745528, 'JPM': -50}"
2019-06-28 13:09:00,BID_DEPTH,"[(98924, 208)]"
2019-06-28 13:09:00,ASK_DEPTH,"[(98987, 332)]"
2019-06-28 13:09:00,IMBALANCE,"[208, 332]"
2019-06-28 13:09:00,HOLDINGS_UPDATED,"{'CASH': 14943376, 'JPM': -52}"
2019-06-28 13:10:00,BID_DEPTH,"[(98635, 134)]"
2019-06-28 13:10:00,ASK_DEPTH,"[(98795, 258)]"
2019-06-28 13:10:00,IMBALANCE,"[134, 258]"
2019-06-28 13:10:00,HOLDINGS_UPDATED,"{'CASH': 15140646, 'JPM': -54}"
2019-06-28 13:11:00,BID_DEPTH,"[(98668, 92)]"
2019-06-28 13:11:00,ASK_DEPTH,"[(99148, 216)]"
2019-06-28 13:11:00,IMBALANCE,"[92, 216]"
2019-06-28 13:11:00,HOLDINGS_UPDATED,"{'CASH': 15337982, 'JPM': -56}"
2019-06-28 13:12:00,BID_DEPTH,"[(98707, 134)]"
2019-06-28 13:12:00,ASK_DEPTH,"[(98924, 258)]"
2019-06-28 13:12:00,IMBALANCE,"[134, 258]"
2019-06-28 13:12:00,HOLDINGS_UPDATED,"{'CASH': 15535396, 'JPM': -58}"
2019-06-28 13:13:00,BID_DEPTH,"[(98804, 208)]"
2019-06-28 13:13:00,ASK_DEPTH,"[(98924, 332)]"
2019-06-28 13:13:00,IMBALANCE,"[208, 332]"
2019-06-28 13:13:00,HOLDINGS_UPDATED,"{'CASH': 15733004, 'JPM': -60}"
2019-06-28 13:14:00,BID_DEPTH,"[(98802, 208)]"
2019-06-28 13:14:00,ASK_DEPTH,"[(98804, 332)]"
2019-06-28 13:14:00,IMBALANCE,"[208, 332]"
2019-06-28 13:14:00,HOLDINGS_UPDATED,"{'CASH': 15930608, 'JPM': -62}"
2019-06-28 13:15:00,BID_DEPTH,"[(98750, 69)]"
2019-06-28 13:15:00,ASK_DEPTH,"[(98804, 193)]"
2019-06-28 13:15:00,IMBALANCE,"[69, 193]"
2019-06-28 13:15:00,HOLDINGS_UPDATED,"{'CASH': 16128108, 'JPM': -64}"
2019-06-28 13:16:00,BID_DEPTH,"[(98707, 540)]"
2019-06-28 13:16:00,ASK_DEPTH,"[(98805, 564)]"
2019-06-28 13:16:00,IMBALANCE,"[540, 564]"
2019-06-28 13:16:00,HOLDINGS_UPDATED,"{'CASH': 16325522, 'JPM': -66}"
2019-06-28 13:17:00,BID_DEPTH,"[(98707, 108)]"
2019-06-28 13:17:00,ASK_DEPTH,"[(98839, 258)]"
2019-06-28 13:17:00,IMBALANCE,"[108, 258]"
2019-06-28 13:17:00,HOLDINGS_UPDATED,"{'CASH': 16522936, 'JPM': -68}"
2019-06-28 13:18:00,BID_DEPTH,"[(98668, 208)]"
2019-06-28 13:18:00,ASK_DEPTH,"[(98707, 332)]"
2019-06-28 13:18:00,IMBALANCE,"[208, 332]"
2019-06-28 13:18:00,HOLDINGS_UPDATED,"{'CASH': 16720272, 'JPM': -70}"
2019-06-28 13:19:00,BID_DEPTH,"[(98584, 92)]"
2019-06-28 13:19:00,ASK_DEPTH,"[(98642, 216)]"
2019-06-28 13:19:00,IMBALANCE,"[92, 216]"
2019-06-28 13:19:00,HOLDINGS_UPDATED,"{'CASH': 16917440, 'JPM': -72}"
2019-06-28 13:20:00,BID_DEPTH,"[(98642, 92)]"
2019-06-28 13:20:00,ASK_DEPTH,"[(98839, 216)]"
2019-06-28 13:20:00,IMBALANCE,"[92, 216]"
2019-06-28 13:20:00,HOLDINGS_UPDATED,"{'CASH': 17114724, 'JPM': -74}"
2019-06-28 13:21:00,BID_DEPTH,"[(98768, 92)]"
2019-06-28 13:21:00,ASK_DEPTH,"[(98839, 216)]"
2019-06-28 13:21:00,IMBALANCE,"[92, 216]"
2019-06-28 13:21:00,HOLDINGS_UPDATED,"{'CASH': 17312260, 'JPM': -76}"
2019-06-28 13:22:00,BID_DEPTH,"[(98566, 208)]"
2019-06-28 13:22:00,ASK_DEPTH,"[(98839, 332)]"
2019-06-28 13:22:00,IMBALANCE,"[208, 332]"
2019-06-28 13:22:00,HOLDINGS_UPDATED,"{'CASH': 17509392, 'JPM': -78}"
2019-06-28 13:23:00,BID_DEPTH,"[(98566, 92)]"
2019-06-28 13:23:00,ASK_DEPTH,"[(98852, 216)]"
2019-06-28 13:23:00,IMBALANCE,"[92, 216]"
2019-06-28 13:23:00,HOLDINGS_UPDATED,"{'CASH': 17706524, 'JPM': -80}"
2019-06-28 13:24:00,BID_DEPTH,"[(98566, 92)]"
2019-06-28 13:24:00,ASK_DEPTH,"[(98910, 216)]"
2019-06-28 13:24:00,IMBALANCE,"[92, 216]"
2019-06-28 13:24:00,HOLDINGS_UPDATED,"{'CASH': 17903656, 'JPM': -82}"
2019-06-28 13:25:00,BID_DEPTH,"[(98842, 69)]"
2019-06-28 13:25:00,ASK_DEPTH,"[(98911, 193)]"
2019-06-28 13:25:00,IMBALANCE,"[69, 193]"
2019-06-28 13:25:00,HOLDINGS_UPDATED,"{'CASH': 18101340, 'JPM': -84}"
2019-06-28 13:26:00,BID_DEPTH,"[(98783, 208)]"
2019-06-28 13:26:00,ASK_DEPTH,"[(98911, 332)]"
2019-06-28 13:26:00,IMBALANCE,"[208, 332]"
2019-06-28 13:26:00,HOLDINGS_UPDATED,"{'CASH': 18298906, 'JPM': -86}"
2019-06-28 13:27:00,BID_DEPTH,"[(98406, 208)]"
2019-06-28 13:27:00,ASK_DEPTH,"[(98911, 332)]"
2019-06-28 13:27:00,IMBALANCE,"[208, 332]"
2019-06-28 13:27:00,HOLDINGS_UPDATED,"{'CASH': 18495718, 'JPM': -88}"
2019-06-28 13:28:00,BID_DEPTH,"[(98259, 69)]"
2019-06-28 13:28:00,ASK_DEPTH,"[(98911, 193)]"
2019-06-28 13:28:00,IMBALANCE,"[69, 193]"
2019-06-28 13:28:00,HOLDINGS_UPDATED,"{'CASH': 18692236, 'JPM': -90}"
2019-06-28 13:29:00,BID_DEPTH,"[(98202, 92)]"
2019-06-28 13:29:00,ASK_DEPTH,"[(98259, 216)]"
2019-06-28 13:29:00,IMBALANCE,"[92, 216]"
2019-06-28 13:29:00,HOLDINGS_UPDATED,"{'CASH': 18888640, 'JPM': -92}"
2019-06-28 13:30:00,BID_DEPTH,"[(97677, 134)]"
2019-06-28 13:30:00,ASK_DEPTH,"[(98259, 258)]"
2019-06-28 13:30:00,IMBALANCE,"[134, 258]"
2019-06-28 13:30:00,HOLDINGS_UPDATED,"{'CASH': 19083994, 'JPM': -94}"
2019-06-28 13:31:00,BID_DEPTH,"[(97230, 134)]"
2019-06-28 13:31:00,ASK_DEPTH,"[(97677, 258)]"
2019-06-28 13:31:00,IMBALANCE,"[134, 258]"
2019-06-28 13:31:00,HOLDINGS_UPDATED,"{'CASH': 19278454, 'JPM': -96}"
2019-06-28 13:32:00,BID_DEPTH,"[(97230, 134)]"
2019-06-28 13:32:00,ASK_DEPTH,"[(97503, 258)]"
2019-06-28 13:32:00,IMBALANCE,"[134, 258]"
2019-06-28 13:32:00,HOLDINGS_UPDATED,"{'CASH': 19472914, 'JPM': -98}"
2019-06-28 13:33:00,BID_DEPTH,"[(97139, 208)]"
2019-06-28 13:33:00,ASK_DEPTH,"[(97503, 332)]"
2019-06-28 13:33:00,IMBALANCE,"[208, 332]"
2019-06-28 13:33:00,HOLDINGS_UPDATED,"{'CASH': 19667192, 'JPM': -100}"
2019-06-28 13:34:00,BID_DEPTH,"[(97318, 208)]"
2019-06-28 13:34:00,ASK_DEPTH,"[(97503, 332)]"
2019-06-28 13:34:00,IMBALANCE,"[208, 332]"
2019-06-28 13:34:00,HOLDINGS_UPDATED,"{'CASH': 19861828, 'JPM': -102}"
2019-06-28 13:35:00,BID_DEPTH,"[(97560, 208)]"
2019-06-28 13:35:00,ASK_DEPTH,"[(97677, 332)]"
2019-06-28 13:35:00,IMBALANCE,"[208, 332]"
2019-06-28 13:35:00,HOLDINGS_UPDATED,"{'CASH': 20056948, 'JPM': -104}"
2019-06-28 13:36:00,BID_DEPTH,"[(97560, 440)]"
2019-06-28 13:36:00,ASK_DEPTH,"[(97677, 564)]"
2019-06-28 13:36:00,IMBALANCE,"[440, 564]"
2019-06-28 13:36:00,HOLDINGS_UPDATED,"{'CASH': 20252068, 'JPM': -106}"
2019-06-28 13:37:00,BID_DEPTH,"[(97171, 92)]"
2019-06-28 13:37:00,ASK_DEPTH,"[(98265, 216)]"
2019-06-28 13:37:00,IMBALANCE,"[92, 216]"
2019-06-28 13:37:00,HOLDINGS_UPDATED,"{'CASH': 20446410, 'JPM': -108}"
2019-06-28 13:38:00,BID_DEPTH,"[(97136, 134)]"
2019-06-28 13:38:00,ASK_DEPTH,"[(98265, 258)]"
2019-06-28 13:38:00,IMBALANCE,"[134, 258]"
2019-06-28 13:38:00,HOLDINGS_UPDATED,"{'CASH': 20640682, 'JPM': -110}"
2019-06-28 13:39:00,BID_DEPTH,"[(97110, 208)]"
2019-06-28 13:39:00,ASK_DEPTH,"[(98265, 332)]"
2019-06-28 13:39:00,IMBALANCE,"[208, 332]"
2019-06-28 13:39:00,HOLDINGS_UPDATED,"{'CASH': 20834902, 'JPM': -112}"
2019-06-28 13:40:00,BID_DEPTH,"[(98565, 208)]"
2019-06-28 13:40:00,ASK_DEPTH,"[(98779, 332)]"
2019-06-28 13:40:00,IMBALANCE,"[208, 332]"
2019-06-28 13:40:00,HOLDINGS_UPDATED,"{'CASH': 21032032, 'JPM': -114}"
2019-06-28 13:41:00,BID_DEPTH,"[(98649, 134)]"
2019-06-28 13:41:00,ASK_DEPTH,"[(99079, 258)]"
2019-06-28 13:41:00,IMBALANCE,"[134, 258]"
2019-06-28 13:41:00,HOLDINGS_UPDATED,"{'CASH': 21229330, 'JPM': -116}"
2019-06-28 13:42:00,BID_DEPTH,"[(98945, 69)]"
2019-06-28 13:42:00,ASK_DEPTH,"[(99167, 193)]"
2019-06-28 13:42:00,IMBALANCE,"[69, 193]"
2019-06-28 13:42:00,HOLDINGS_UPDATED,"{'CASH': 21427220, 'JPM': -118}"
2019-06-28 13:43:00,BID_DEPTH,"[(98751, 69)]"
2019-06-28 13:43:00,ASK_DEPTH,"[(99396, 193)]"
2019-06-28 13:43:00,IMBALANCE,"[69, 193]"
2019-06-28 13:43:00,HOLDINGS_UPDATED,"{'CASH': 21624722, 'JPM': -120}"
2019-06-28 13:44:00,BID_DEPTH,[]
2019-06-28 13:44:00,ASK_DEPTH,"[(99260, 100)]"
2019-06-28 13:44:00,IMBALANCE,"[0, 100]"
2019-06-28 13:45:00,BID_DEPTH,"[(98751, 134)]"
2019-06-28 13:45:00,ASK_DEPTH,"[(99333, 258)]"
2019-06-28 13:45:00,IMBALANCE,"[134, 258]"
2019-06-28 13:45:00,HOLDINGS_UPDATED,"{'CASH': 21822224, 'JPM': -122}"
2019-06-28 13:46:00,BID_DEPTH,"[(98751, 440)]"
2019-06-28 13:46:00,ASK_DEPTH,"[(100011, 564)]"
2019-06-28 13:46:00,IMBALANCE,"[440, 564]"
2019-06-28 13:46:00,HOLDINGS_UPDATED,"{'CASH': 22019726, 'JPM': -124}"
2019-06-28 13:47:00,BID_DEPTH,"[(98751, 208)]"
2019-06-28 13:47:00,ASK_DEPTH,"[(99874, 332)]"
2019-06-28 13:47:00,IMBALANCE,"[208, 332]"
2019-06-28 13:47:00,HOLDINGS_UPDATED,"{'CASH': 22217228, 'JPM': -126}"
2019-06-28 13:48:00,BID_DEPTH,"[(98751, 440)]"
2019-06-28 13:48:00,ASK_DEPTH,"[(100049, 564)]"
2019-06-28 13:48:00,IMBALANCE,"[440, 564]"
2019-06-28 13:48:00,HOLDINGS_UPDATED,"{'CASH': 22414730, 'JPM': -128}"
2019-06-28 13:49:00,BID_DEPTH,[]
2019-06-28 13:49:00,ASK_DEPTH,"[(99786, 100)]"
2019-06-28 13:49:00,IMBALANCE,"[0, 100]"
2019-06-28 13:50:00,BID_DEPTH,"[(99078, 69)]"
2019-06-28 13:50:00,ASK_DEPTH,"[(99786, 193)]"
2019-06-28 13:50:00,IMBALANCE,"[69, 193]"
2019-06-28 13:50:00,HOLDINGS_UPDATED,"{'CASH': 22612886, 'JPM': -130}"
2019-06-28 13:51:00,BID_DEPTH,"[(98862, 69)]"
2019-06-28 13:51:00,ASK_DEPTH,"[(99031, 193)]"
2019-06-28 13:51:00,IMBALANCE,"[69, 193]"
2019-06-28 13:51:00,HOLDINGS_UPDATED,"{'CASH': 22810610, 'JPM': -132}"
2019-06-28 13:52:00,BID_DEPTH,"[(98921, 440)]"
2019-06-28 13:52:00,ASK_DEPTH,"[(99031, 564)]"
2019-06-28 13:52:00,IMBALANCE,"[440, 564]"
2019-06-28 13:52:00,HOLDINGS_UPDATED,"{'CASH': 23008452, 'JPM': -134}"
2019-06-28 13:53:00,BID_DEPTH,"[(98774, 92)]"
2019-06-28 13:53:00,ASK_DEPTH,"[(99031, 216)]"
2019-06-28 13:53:00,IMBALANCE,"[92, 216]"
2019-06-28 13:53:00,HOLDINGS_UPDATED,"{'CASH': 23206000, 'JPM': -136}"
2019-06-28 13:54:00,BID_DEPTH,"[(98764, 440)]"
2019-06-28 13:54:00,ASK_DEPTH,"[(98828, 564)]"
2019-06-28 13:54:00,IMBALANCE,"[440, 564]"
2019-06-28 13:54:00,HOLDINGS_UPDATED,"{'CASH': 23403528, 'JPM': -138}"
2019-06-28 13:55:00,BID_DEPTH,"[(98915, 134)]"
2019-06-28 13:55:00,ASK_DEPTH,"[(99031, 258)]"
2019-06-28 13:55:00,IMBALANCE,"[134, 258]"
2019-06-28 13:55:00,HOLDINGS_UPDATED,"{'CASH': 23601358, 'JPM': -140}"
2019-06-28 13:56:00,BID_DEPTH,"[(98560, 332)]"
2019-06-28 13:56:00,ASK_DEPTH,"[(99223, 208)]"
2019-06-28 13:56:00,IMBALANCE,"[332, 208]"
2019-06-28 13:56:00,HOLDINGS_UPDATED,"{'CASH': 23402912, 'JPM': -138}"
2019-06-28 13:57:00,BID_DEPTH,"[(98560, 332)]"
2019-06-28 13:57:00,ASK_DEPTH,"[(99223, 208)]"
2019-06-28 13:57:00,IMBALANCE,"[332, 208]"
2019-06-28 13:57:00,HOLDINGS_UPDATED,"{'CASH': 23204466, 'JPM': -136}"
2019-06-28 13:58:00,BID_DEPTH,"[(99196, 332)]"
2019-06-28 13:58:00,ASK_DEPTH,"[(99811, 208)]"
2019-06-28 13:58:00,IMBALANCE,"[332, 208]"
2019-06-28 13:58:00,HOLDINGS_UPDATED,"{'CASH': 23004844, 'JPM': -134}"
2019-06-28 13:59:00,BID_DEPTH,"[(99196, 258)]"
2019-06-28 13:59:00,ASK_DEPTH,"[(99209, 134)]"
2019-06-28 13:59:00,IMBALANCE,"[258, 134]"
2019-06-28 13:59:00,HOLDINGS_UPDATED,"{'CASH': 22806426, 'JPM': -132}"
2019-06-28 14:00:00,BID_DEPTH,"[(99404, 332)]"
2019-06-28 14:00:00,ASK_DEPTH,"[(99711, 208)]"
2019-06-28 14:00:00,IMBALANCE,"[332, 208]"
2019-06-28 14:00:00,HOLDINGS_UPDATED,"{'CASH': 22607004, 'JPM': -130}"
2019-06-28 14:01:00,BID_DEPTH,"[(99404, 560)]"
2019-06-28 14:01:00,ASK_DEPTH,"[(99811, 440)]"
2019-06-28 14:01:00,IMBALANCE,"[560, 440]"
2019-06-28 14:01:00,HOLDINGS_UPDATED,"{'CASH': 22407382, 'JPM': -128}"
2019-06-28 14:02:00,BID_DEPTH,"[(99698, 564)]"
2019-06-28 14:02:00,ASK_DEPTH,"[(99723, 440)]"
2019-06-28 14:02:00,IMBALANCE,"[564, 440]"
2019-06-28 14:02:00,HOLDINGS_UPDATED,"{'CASH': 22207936, 'JPM': -126}"
2019-06-28 14:03:00,BID_DEPTH,"[(99699, 564)]"
2019-06-28 14:03:00,ASK_DEPTH,"[(99811, 440)]"
2019-06-28 14:03:00,IMBALANCE,"[564, 440]"
2019-06-28 14:03:00,HOLDINGS_UPDATED,"{'CASH': 22008314, 'JPM': -124}"
2019-06-28 14:04:00,BID_DEPTH,"[(99698, 560)]"
2019-06-28 14:04:00,ASK_DEPTH,"[(99811, 440)]"
2019-06-28 14:04:00,IMBALANCE,"[560, 440]"
2019-06-28 14:04:00,HOLDINGS_UPDATED,"{'CASH': 21808692, 'JPM': -122}"
2019-06-28 14:05:00,BID_DEPTH,"[(99619, 216)]"
2019-06-28 14:05:00,ASK_DEPTH,"[(99853, 216)]"
2019-06-28 14:05:00,IMBALANCE,"[216, 216]"
2019-06-28 14:05:00,HOLDINGS_UPDATED,"{'CASH': 21608986, 'JPM': -120}"
2019-06-28 14:06:00,BID_DEPTH,"[(100006, 100)]"
2019-06-28 14:06:00,ASK_DEPTH,[]
2019-06-28 14:06:00,IMBALANCE,"[100, 0]"
2019-06-28 14:07:00,BID_DEPTH,"[(100006, 258)]"
2019-06-28 14:07:00,ASK_DEPTH,"[(100172, 134)]"
2019-06-28 14:07:00,IMBALANCE,"[258, 134]"
2019-06-28 14:07:00,HOLDINGS_UPDATED,"{'CASH': 21408642, 'JPM': -118}"
2019-06-28 14:08:00,BID_DEPTH,"[(100006, 96)]"
2019-06-28 14:08:00,ASK_DEPTH,[]
2019-06-28 14:08:00,IMBALANCE,"[96, 0]"
2019-06-28 14:09:00,BID_DEPTH,"[(99981, 193)]"
2019-06-28 14:09:00,ASK_DEPTH,"[(100167, 69)]"
2019-06-28 14:09:00,IMBALANCE,"[193, 69]"
2019-06-28 14:09:00,HOLDINGS_UPDATED,"{'CASH': 21208308, 'JPM': -116}"
2019-06-28 14:10:00,BID_DEPTH,"[(100004, 100)]"
2019-06-28 14:10:00,ASK_DEPTH,[]
2019-06-28 14:10:00,IMBALANCE,"[100, 0]"
2019-06-28 14:11:00,BID_DEPTH,"[(100621, 564)]"
2019-06-28 14:11:00,ASK_DEPTH,"[(100664, 440)]"
2019-06-28 14:11:00,IMBALANCE,"[564, 440]"
2019-06-28 14:11:00,HOLDINGS_UPDATED,"{'CASH': 21006980, 'JPM': -114}"
2019-06-28 14:12:00,BID_DEPTH,"[(100375, 193)]"
2019-06-28 14:12:00,ASK_DEPTH,"[(100763, 69)]"
2019-06-28 14:12:00,IMBALANCE,"[193, 69]"
2019-06-28 14:12:00,HOLDINGS_UPDATED,"{'CASH': 20805454, 'JPM': -112}"
2019-06-28 14:13:00,BID_DEPTH,"[(100375, 212)]"
2019-06-28 14:13:00,ASK_DEPTH,"[(100780, 92)]"
2019-06-28 14:13:00,IMBALANCE,"[212, 92]"
2019-06-28 14:13:00,HOLDINGS_UPDATED,"{'CASH': 20603894, 'JPM': -110}"
2019-06-28 14:14:00,BID_DEPTH,"[(100226, 332)]"
2019-06-28 14:14:00,ASK_DEPTH,"[(100375, 116)]"
2019-06-28 14:14:00,IMBALANCE,"[332, 116]"
2019-06-28 14:14:00,HOLDINGS_UPDATED,"{'CASH': 20403144, 'JPM': -108}"
2019-06-28 14:15:00,BID_DEPTH,"[(100226, 212)]"
2019-06-28 14:15:00,ASK_DEPTH,"[(100375, 292)]"
2019-06-28 14:15:00,IMBALANCE,"[212, 292]"
2019-06-28 14:15:00,HOLDINGS_UPDATED,"{'CASH': 20202394, 'JPM': -106}"
2019-06-28 14:16:00,BID_DEPTH,"[(99742, 216)]"
2019-06-28 14:16:00,ASK_DEPTH,"[(100226, 92)]"
2019-06-28 14:16:00,IMBALANCE,"[216, 92]"
2019-06-28 14:16:00,HOLDINGS_UPDATED,"{'CASH': 20001942, 'JPM': -104}"
2019-06-28 14:17:00,BID_DEPTH,"[(99742, 212)]"
2019-06-28 14:17:00,ASK_DEPTH,"[(100226, 92)]"
2019-06-28 14:17:00,IMBALANCE,"[212, 92]"
2019-06-28 14:17:00,HOLDINGS_UPDATED,"{'CASH': 19801490, 'JPM': -102}"
2019-06-28 14:18:00,BID_DEPTH,"[(99729, 258)]"
2019-06-28 14:18:00,ASK_DEPTH,"[(100375, 208)]"
2019-06-28 14:18:00,IMBALANCE,"[258, 208]"
2019-06-28 14:18:00,HOLDINGS_UPDATED,"{'CASH': 19600740, 'JPM': -100}"
2019-06-28 14:19:00,BID_DEPTH,"[(99404, 185)]"
2019-06-28 14:19:00,ASK_DEPTH,"[(100375, 17)]"
2019-06-28 14:19:00,IMBALANCE,"[185, 17]"
2019-06-28 14:19:00,HOLDINGS_UPDATED,"{'CASH': 19399990, 'JPM': -98}"
2019-06-28 14:20:00,BID_DEPTH,"[(99404, 520)]"
2019-06-28 14:20:00,ASK_DEPTH,"[(99627, 208)]"
2019-06-28 14:20:00,IMBALANCE,"[520, 208]"
2019-06-28 14:20:00,HOLDINGS_UPDATED,"{'CASH': 19200736, 'JPM': -96}"
2019-06-28 14:21:00,BID_DEPTH,"[(99404, 177)]"
2019-06-28 14:21:00,ASK_DEPTH,"[(99407, 69)]"
2019-06-28 14:21:00,IMBALANCE,"[177, 69]"
2019-06-28 14:21:00,HOLDINGS_UPDATED,"{'CASH': 19001922, 'JPM': -94}"
2019-06-28 14:22:00,BID_DEPTH,"[(99404, 238)]"
2019-06-28 14:22:00,ASK_DEPTH,"[(99627, 134)]"
2019-06-28 14:22:00,IMBALANCE,"[238, 134]"
2019-06-28 14:22:00,HOLDINGS_UPDATED,"{'CASH': 18802668, 'JPM': -92}"
2019-06-28 14:23:00,BID_DEPTH,"[(99364, 100)]"
2019-06-28 14:23:00,ASK_DEPTH,[]
2019-06-28 14:23:00,IMBALANCE,"[100, 0]"
2019-06-28 14:24:00,BID_DEPTH,"[(99209, 216)]"
2019-06-28 14:24:00,ASK_DEPTH,"[(99309, 92)]"
2019-06-28 14:24:00,IMBALANCE,"[216, 92]"
2019-06-28 14:24:00,HOLDINGS_UPDATED,"{'CASH': 18604050, 'JPM': -90}"
2019-06-28 14:25:00,BID_DEPTH,"[(99052, 193)]"
2019-06-28 14:25:00,ASK_DEPTH,"[(99364, 69)]"
2019-06-28 14:25:00,IMBALANCE,"[193, 69]"
2019-06-28 14:25:00,HOLDINGS_UPDATED,"{'CASH': 18405322, 'JPM': -88}"
2019-06-28 14:26:00,BID_DEPTH,"[(99218, 332)]"
2019-06-28 14:26:00,ASK_DEPTH,"[(99348, 208)]"
2019-06-28 14:26:00,IMBALANCE,"[332, 208]"
2019-06-28 14:26:00,HOLDINGS_UPDATED,"{'CASH': 18206626, 'JPM': -86}"
2019-06-28 14:27:00,BID_DEPTH,"[(99218, 193)]"
2019-06-28 14:27:00,ASK_DEPTH,"[(99387, 69)]"
2019-06-28 14:27:00,IMBALANCE,"[193, 69]"
2019-06-28 14:27:00,HOLDINGS_UPDATED,"{'CASH': 18007852, 'JPM': -84}"
2019-06-28 14:28:00,BID_DEPTH,"[(99218, 193)]"
2019-06-28 14:28:00,ASK_DEPTH,"[(99274, 69)]"
2019-06-28 14:28:00,IMBALANCE,"[193, 69]"
2019-06-28 14:28:00,HOLDINGS_UPDATED,"{'CASH': 17809304, 'JPM': -82}"
2019-06-28 14:29:00,BID_DEPTH,"[(99195, 332)]"
2019-06-28 14:29:00,ASK_DEPTH,"[(99273, 208)]"
2019-06-28 14:29:00,IMBALANCE,"[332, 208]"
2019-06-28 14:29:00,HOLDINGS_UPDATED,"{'CASH': 17610758, 'JPM': -80}"
2019-06-28 14:30:00,BID_DEPTH,"[(99131, 193)]"
2019-06-28 14:30:00,ASK_DEPTH,"[(99274, 69)]"
2019-06-28 14:30:00,IMBALANCE,"[193, 69]"
2019-06-28 14:30:00,HOLDINGS_UPDATED,"{'CASH': 17412210, 'JPM': -78}"
2019-06-28 14:31:00,BID_DEPTH,"[(99052, 258)]"
2019-06-28 14:31:00,ASK_DEPTH,"[(99155, 134)]"
2019-06-28 14:31:00,IMBALANCE,"[258, 134]"
2019-06-28 14:31:00,HOLDINGS_UPDATED,"{'CASH': 17213900, 'JPM': -76}"
2019-06-28 14:32:00,BID_DEPTH,"[(98997, 193)]"
2019-06-28 14:32:00,ASK_DEPTH,"[(99005, 69)]"
2019-06-28 14:32:00,IMBALANCE,"[193, 69]"
2019-06-28 14:32:00,HOLDINGS_UPDATED,"{'CASH': 17015890, 'JPM': -74}"
2019-06-28 14:33:00,BID_DEPTH,"[(98997, 332)]"
2019-06-28 14:33:00,ASK_DEPTH,"[(99061, 208)]"
2019-06-28 14:33:00,IMBALANCE,"[332, 208]"
2019-06-28 14:33:00,HOLDINGS_UPDATED,"{'CASH': 16817768, 'JPM': -72}"
2019-06-28 14:34:00,BID_DEPTH,"[(98997, 258)]"
2019-06-28 14:34:00,ASK_DEPTH,"[(99155, 134)]"
2019-06-28 14:34:00,IMBALANCE,"[258, 134]"
2019-06-28 14:34:00,HOLDINGS_UPDATED,"{'CASH': 16619458, 'JPM': -70}"
2019-06-28 14:35:00,BID_DEPTH,"[(99155, 134)]"
2019-06-28 14:35:00,ASK_DEPTH,"[(99190, 258)]"
2019-06-28 14:35:00,IMBALANCE,"[134, 258]"
2019-06-28 14:35:00,HOLDINGS_UPDATED,"{'CASH': 16817768, 'JPM': -72}"
2019-06-28 14:36:00,BID_DEPTH,"[(98997, 92)]"
2019-06-28 14:36:00,ASK_DEPTH,"[(99148, 216)]"
2019-06-28 14:36:00,IMBALANCE,"[92, 216]"
2019-06-28 14:36:00,HOLDINGS_UPDATED,"{'CASH': 17015762, 'JPM': -74}"
2019-06-28 14:37:00,BID_DEPTH,"[(98941, 69)]"
2019-06-28 14:37:00,ASK_DEPTH,"[(99190, 189)]"
2019-06-28 14:37:00,IMBALANCE,"[69, 189]"
2019-06-28 14:37:00,HOLDINGS_UPDATED,"{'CASH': 17213644, 'JPM': -76}"
2019-06-28 14:38:00,BID_DEPTH,"[(98922, 208)]"
2019-06-28 14:38:00,ASK_DEPTH,"[(99106, 332)]"
2019-06-28 14:38:00,IMBALANCE,"[208, 332]"
2019-06-28 14:38:00,HOLDINGS_UPDATED,"{'CASH': 17411488, 'JPM': -78}"
2019-06-28 14:39:00,BID_DEPTH,"[(98859, 440)]"
2019-06-28 14:39:00,ASK_DEPTH,"[(99106, 560)]"
2019-06-28 14:39:00,IMBALANCE,"[440, 560]"
2019-06-28 14:39:00,HOLDINGS_UPDATED,"{'CASH': 17609206, 'JPM': -80}"
2019-06-28 14:40:00,BID_DEPTH,"[(98812, 134)]"
2019-06-28 14:40:00,ASK_DEPTH,"[(99106, 250)]"
2019-06-28 14:40:00,IMBALANCE,"[134, 250]"
2019-06-28 14:40:00,HOLDINGS_UPDATED,"{'CASH': 17806830, 'JPM': -82}"
2019-06-28 14:41:00,BID_DEPTH,"[(98767, 92)]"
2019-06-28 14:41:00,ASK_DEPTH,"[(99106, 304)]"
2019-06-28 14:41:00,IMBALANCE,"[92, 304]"
2019-06-28 14:41:00,HOLDINGS_UPDATED,"{'CASH': 18004364, 'JPM': -84}"
2019-06-28 14:42:00,BID_DEPTH,"[(98553, 208)]"
2019-06-28 14:42:00,ASK_DEPTH,"[(98767, 242)]"
2019-06-28 14:42:00,IMBALANCE,"[208, 242]"
2019-06-28 14:42:00,HOLDINGS_UPDATED,"{'CASH': 18201470, 'JPM': -86}"
2019-06-28 14:43:00,BID_DEPTH,"[(98466, 208)]"
2019-06-28 14:43:00,ASK_DEPTH,"[(98767, 338)]"
2019-06-28 14:43:00,IMBALANCE,"[208, 338]"
2019-06-28 14:43:00,HOLDINGS_UPDATED,"{'CASH': 18398402, 'JPM': -88}"
2019-06-28 14:44:00,BID_DEPTH,"[(99101, 134)]"
2019-06-28 14:44:00,ASK_DEPTH,"[(99106, 342)]"
2019-06-28 14:44:00,IMBALANCE,"[134, 342]"
2019-06-28 14:44:00,HOLDINGS_UPDATED,"{'CASH': 18596604, 'JPM': -90}"
2019-06-28 14:45:00,BID_DEPTH,"[(98767, 232)]"
2019-06-28 14:45:00,ASK_DEPTH,"[(99106, 438)]"
2019-06-28 14:45:00,IMBALANCE,"[232, 438]"
2019-06-28 14:45:00,HOLDINGS_UPDATED,"{'CASH': 18794138, 'JPM': -92}"
2019-06-28 14:46:00,BID_DEPTH,"[(98671, 440)]"
2019-06-28 14:46:00,ASK_DEPTH,"[(98843, 564)]"
2019-06-28 14:46:00,IMBALANCE,"[440, 564]"
2019-06-28 14:46:00,HOLDINGS_UPDATED,"{'CASH': 18991480, 'JPM': -94}"
2019-06-28 14:47:00,BID_DEPTH,"[(98947, 69)]"
2019-06-28 14:47:00,ASK_DEPTH,"[(99025, 193)]"
2019-06-28 14:47:00,IMBALANCE,"[69, 193]"
2019-06-28 14:47:00,HOLDINGS_UPDATED,"{'CASH': 19189374, 'JPM': -96}"
2019-06-28 14:48:00,BID_DEPTH,"[(98441, 134)]"
2019-06-28 14:48:00,ASK_DEPTH,"[(99106, 434)]"
2019-06-28 14:48:00,IMBALANCE,"[134, 434]"
2019-06-28 14:48:00,HOLDINGS_UPDATED,"{'CASH': 19386256, 'JPM': -98}"
2019-06-28 14:49:00,BID_DEPTH,"[(98441, 440)]"
2019-06-28 14:49:00,ASK_DEPTH,"[(99106, 640)]"
2019-06-28 14:49:00,IMBALANCE,"[440, 640]"
2019-06-28 14:49:00,HOLDINGS_UPDATED,"{'CASH': 19583138, 'JPM': -100}"
2019-06-28 14:50:00,BID_DEPTH,"[(99105, 91)]"
2019-06-28 14:50:00,ASK_DEPTH,"[(99106, 5)]"
2019-06-28 14:50:00,IMBALANCE,"[91, 5]"
2019-06-28 14:50:00,HOLDINGS_UPDATED,"{'CASH': 19781348, 'JPM': -102}"
2019-06-28 14:51:00,BID_DEPTH,"[(98837, 134)]"
2019-06-28 14:51:00,ASK_DEPTH,"[(99100, 258)]"
2019-06-28 14:51:00,IMBALANCE,"[134, 258]"
2019-06-28 14:51:00,HOLDINGS_UPDATED,"{'CASH': 19979022, 'JPM': -104}"
2019-06-28 14:52:00,BID_DEPTH,"[(99106, 203)]"
2019-06-28 14:52:00,ASK_DEPTH,"[(99190, 324)]"
2019-06-28 14:52:00,IMBALANCE,"[203, 324]"
2019-06-28 14:52:00,HOLDINGS_UPDATED,"{'CASH': 20177234, 'JPM': -106}"
2019-06-28 14:53:00,BID_DEPTH,"[(99106, 92)]"
2019-06-28 14:53:00,ASK_DEPTH,"[(99174, 216)]"
2019-06-28 14:53:00,IMBALANCE,"[92, 216]"
2019-06-28 14:53:00,HOLDINGS_UPDATED,"{'CASH': 20375446, 'JPM': -108}"
2019-06-28 14:54:00,BID_DEPTH,"[(99106, 208)]"
2019-06-28 14:54:00,ASK_DEPTH,"[(99345, 332)]"
2019-06-28 14:54:00,IMBALANCE,"[208, 332]"
2019-06-28 14:54:00,HOLDINGS_UPDATED,"{'CASH': 20573658, 'JPM': -110}"
2019-06-28 14:55:00,BID_DEPTH,"[(99032, 69)]"
2019-06-28 14:55:00,ASK_DEPTH,"[(99354, 193)]"
2019-06-28 14:55:00,IMBALANCE,"[69, 193]"
2019-06-28 14:55:00,HOLDINGS_UPDATED,"{'CASH': 20771722, 'JPM': -112}"
2019-06-28 14:56:00,BID_DEPTH,"[(99032, 69)]"
2019-06-28 14:56:00,ASK_DEPTH,"[(99354, 193)]"
2019-06-28 14:56:00,IMBALANCE,"[69, 193]"
2019-06-28 14:56:00,HOLDINGS_UPDATED,"{'CASH': 20969786, 'JPM': -114}"
2019-06-28 14:57:00,BID_DEPTH,"[(98837, 208)]"
2019-06-28 14:57:00,ASK_DEPTH,"[(99559, 332)]"
2019-06-28 14:57:00,IMBALANCE,"[208, 332]"
2019-06-28 14:57:00,HOLDINGS_UPDATED,"{'CASH': 21167460, 'JPM': -116}"
2019-06-28 14:58:00,BID_DEPTH,"[(98837, 308)]"
2019-06-28 14:58:00,ASK_DEPTH,"[(99443, 332)]"
2019-06-28 14:58:00,IMBALANCE,"[308, 332]"
2019-06-28 14:58:00,HOLDINGS_UPDATED,"{'CASH': 21365134, 'JPM': -118}"
2019-06-28 14:59:00,BID_DEPTH,"[(98837, 266)]"
2019-06-28 14:59:00,ASK_DEPTH,"[(99447, 216)]"
2019-06-28 14:59:00,IMBALANCE,"[266, 216]"
2019-06-28 14:59:00,HOLDINGS_UPDATED,"{'CASH': 21562808, 'JPM': -120}"
2019-06-28 15:00:00,BID_DEPTH,"[(98837, 240)]"
2019-06-28 15:00:00,ASK_DEPTH,"[(99493, 216)]"
2019-06-28 15:00:00,IMBALANCE,"[240, 216]"
2019-06-28 15:00:00,HOLDINGS_UPDATED,"{'CASH': 21760482, 'JPM': -122}"
2019-06-28 15:01:00,BID_DEPTH,"[(98837, 356)]"
2019-06-28 15:01:00,ASK_DEPTH,"[(99493, 258)]"
2019-06-28 15:01:00,IMBALANCE,"[356, 258]"
2019-06-28 15:01:00,HOLDINGS_UPDATED,"{'CASH': 21958156, 'JPM': -124}"
2019-06-28 15:02:00,BID_DEPTH,"[(98239, 92)]"
2019-06-28 15:02:00,ASK_DEPTH,"[(99493, 216)]"
2019-06-28 15:02:00,IMBALANCE,"[92, 216]"
2019-06-28 15:02:00,HOLDINGS_UPDATED,"{'CASH': 22154634, 'JPM': -126}"
2019-06-28 15:03:00,BID_DEPTH,"[(97969, 208)]"
2019-06-28 15:03:00,ASK_DEPTH,"[(98347, 332)]"
2019-06-28 15:03:00,IMBALANCE,"[208, 332]"
2019-06-28 15:03:00,HOLDINGS_UPDATED,"{'CASH': 22350572, 'JPM': -128}"
2019-06-28 15:04:00,BID_DEPTH,"[(98551, 208)]"
2019-06-28 15:04:00,ASK_DEPTH,"[(99493, 332)]"
2019-06-28 15:04:00,IMBALANCE,"[208, 332]"
2019-06-28 15:04:00,HOLDINGS_UPDATED,"{'CASH': 22547674, 'JPM': -130}"
2019-06-28 15:05:00,BID_DEPTH,"[(98343, 92)]"
2019-06-28 15:05:00,ASK_DEPTH,"[(98619, 216)]"
2019-06-28 15:05:00,IMBALANCE,"[92, 216]"
2019-06-28 15:05:00,HOLDINGS_UPDATED,"{'CASH': 22744360, 'JPM': -132}"
2019-06-28 15:06:00,BID_DEPTH,"[(98343, 208)]"
2019-06-28 15:06:00,ASK_DEPTH,"[(98626, 332)]"
2019-06-28 15:06:00,IMBALANCE,"[208, 332]"
2019-06-28 15:06:00,HOLDINGS_UPDATED,"{'CASH': 22941046, 'JPM': -134}"
2019-06-28 15:07:00,BID_DEPTH,"[(98583, 69)]"
2019-06-28 15:07:00,ASK_DEPTH,"[(98618, 193)]"
2019-06-28 15:07:00,IMBALANCE,"[69, 193]"
2019-06-28 15:07:00,HOLDINGS_UPDATED,"{'CASH': 23138212, 'JPM': -136}"
2019-06-28 15:08:00,BID_DEPTH,"[(98512, 208)]"
2019-06-28 15:08:00,ASK_DEPTH,"[(98618, 332)]"
2019-06-28 15:08:00,IMBALANCE,"[208, 332]"
2019-06-28 15:08:00,HOLDINGS_UPDATED,"{'CASH': 23335236, 'JPM': -138}"
2019-06-28 15:09:00,BID_DEPTH,"[(98343, 92)]"
2019-06-28 15:09:00,ASK_DEPTH,"[(98618, 216)]"
2019-06-28 15:09:00,IMBALANCE,"[92, 216]"
2019-06-28 15:09:00,HOLDINGS_UPDATED,"{'CASH': 23531922, 'JPM': -140}"
2019-06-28 15:10:00,BID_DEPTH,"[(98618, 208)]"
2019-06-28 15:10:00,ASK_DEPTH,"[(99011, 332)]"
2019-06-28 15:10:00,IMBALANCE,"[208, 332]"
2019-06-28 15:10:00,HOLDINGS_UPDATED,"{'CASH': 23729158, 'JPM': -142}"
2019-06-28 15:11:00,BID_DEPTH,"[(99144, 440)]"
2019-06-28 15:11:00,ASK_DEPTH,"[(99328, 564)]"
2019-06-28 15:11:00,IMBALANCE,"[440, 564]"
2019-06-28 15:11:00,HOLDINGS_UPDATED,"{'CASH': 23927446, 'JPM': -144}"
2019-06-28 15:12:00,BID_DEPTH,[]
2019-06-28 15:12:00,ASK_DEPTH,"[(99361, 100)]"
2019-06-28 15:12:00,IMBALANCE,"[0, 100]"
2019-06-28 15:13:00,BID_DEPTH,[]
2019-06-28 15:13:00,ASK_DEPTH,"[(99425, 100)]"
2019-06-28 15:13:00,IMBALANCE,"[0, 100]"
2019-06-28 15:14:00,BID_DEPTH,[]
2019-06-28 15:14:00,ASK_DEPTH,"[(99484, 100)]"
2019-06-28 15:14:00,IMBALANCE,"[0, 100]"
2019-06-28 15:15:00,BID_DEPTH,"[(99425, 69)]"
2019-06-28 15:15:00,ASK_DEPTH,"[(99493, 193)]"
2019-06-28 15:15:00,IMBALANCE,"[69, 193]"
2019-06-28 15:15:00,HOLDINGS_UPDATED,"{'CASH': 24126296, 'JPM': -146}"
2019-06-28 15:16:00,BID_DEPTH,[]
2019-06-28 15:16:00,ASK_DEPTH,"[(99584, 100)]"
2019-06-28 15:16:00,IMBALANCE,"[0, 100]"
2019-06-28 15:17:00,BID_DEPTH,"[(99594, 134)]"
2019-06-28 15:17:00,ASK_DEPTH,"[(99609, 258)]"
2019-06-28 15:17:00,IMBALANCE,"[134, 258]"
2019-06-28 15:17:00,HOLDINGS_UPDATED,"{'CASH': 24325484, 'JPM': -148}"
2019-06-28 15:18:00,BID_DEPTH,"[(99456, 134)]"
2019-06-28 15:18:00,ASK_DEPTH,"[(99609, 258)]"
2019-06-28 15:18:00,IMBALANCE,"[134, 258]"
2019-06-28 15:18:00,HOLDINGS_UPDATED,"{'CASH': 24524396, 'JPM': -150}"
2019-06-28 15:19:00,BID_DEPTH,"[(99456, 134)]"
2019-06-28 15:19:00,ASK_DEPTH,"[(99609, 258)]"
2019-06-28 15:19:00,IMBALANCE,"[134, 258]"
2019-06-28 15:19:00,HOLDINGS_UPDATED,"{'CASH': 24723308, 'JPM': -152}"
2019-06-28 15:20:00,BID_DEPTH,"[(99456, 208)]"
2019-06-28 15:20:00,ASK_DEPTH,"[(99805, 332)]"
2019-06-28 15:20:00,IMBALANCE,"[208, 332]"
2019-06-28 15:20:00,HOLDINGS_UPDATED,"{'CASH': 24922220, 'JPM': -154}"
2019-06-28 15:21:00,BID_DEPTH,"[(99456, 293)]"
2019-06-28 15:21:00,ASK_DEPTH,"[(99805, 69)]"
2019-06-28 15:21:00,IMBALANCE,"[293, 69]"
2019-06-28 15:21:00,HOLDINGS_UPDATED,"{'CASH': 24722610, 'JPM': -152}"
2019-06-28 15:22:00,BID_DEPTH,"[(99805, 265)]"
2019-06-28 15:22:00,ASK_DEPTH,"[(99972, 208)]"
2019-06-28 15:22:00,IMBALANCE,"[265, 208]"
2019-06-28 15:22:00,HOLDINGS_UPDATED,"{'CASH': 24522666, 'JPM': -150}"
2019-06-28 15:23:00,BID_DEPTH,"[(99805, 287)]"
2019-06-28 15:23:00,ASK_DEPTH,"[(100096, 134)]"
2019-06-28 15:23:00,IMBALANCE,"[287, 134]"
2019-06-28 15:23:00,HOLDINGS_UPDATED,"{'CASH': 24322474, 'JPM': -148}"
2019-06-28 15:24:00,BID_DEPTH,"[(99806, 216)]"
2019-06-28 15:24:00,ASK_DEPTH,"[(100798, 92)]"
2019-06-28 15:24:00,IMBALANCE,"[216, 92]"
2019-06-28 15:24:00,HOLDINGS_UPDATED,"{'CASH': 24120878, 'JPM': -146}"
2019-06-28 15:25:00,BID_DEPTH,"[(100445, 332)]"
2019-06-28 15:25:00,ASK_DEPTH,"[(100808, 208)]"
2019-06-28 15:25:00,IMBALANCE,"[332, 208]"
2019-06-28 15:25:00,HOLDINGS_UPDATED,"{'CASH': 23919262, 'JPM': -144}"
2019-06-28 15:26:00,BID_DEPTH,"[(100445, 354)]"
2019-06-28 15:26:00,ASK_DEPTH,"[(100885, 134)]"
2019-06-28 15:26:00,IMBALANCE,"[354, 134]"
2019-06-28 15:26:00,HOLDINGS_UPDATED,"{'CASH': 23717492, 'JPM': -142}"
2019-06-28 15:27:00,BID_DEPTH,"[(100885, 258)]"
2019-06-28 15:27:00,ASK_DEPTH,"[(100962, 134)]"
2019-06-28 15:27:00,IMBALANCE,"[258, 134]"
2019-06-28 15:27:00,HOLDINGS_UPDATED,"{'CASH': 23515568, 'JPM': -140}"
2019-06-28 15:28:00,BID_DEPTH,"[(100885, 189)]"
2019-06-28 15:28:00,ASK_DEPTH,"[(101432, 69)]"
2019-06-28 15:28:00,IMBALANCE,"[189, 69]"
2019-06-28 15:28:00,HOLDINGS_UPDATED,"{'CASH': 23312704, 'JPM': -138}"
2019-06-28 15:29:00,BID_DEPTH,"[(101374, 564)]"
2019-06-28 15:29:00,ASK_DEPTH,"[(101614, 440)]"
2019-06-28 15:29:00,IMBALANCE,"[564, 440]"
2019-06-28 15:29:00,HOLDINGS_UPDATED,"{'CASH': 23109476, 'JPM': -136}"
2019-06-28 15:30:00,BID_DEPTH,"[(101284, 332)]"
2019-06-28 15:30:00,ASK_DEPTH,"[(101620, 208)]"
2019-06-28 15:30:00,IMBALANCE,"[332, 208]"
2019-06-28 15:30:00,HOLDINGS_UPDATED,"{'CASH': 22906236, 'JPM': -134}"
2019-06-28 15:31:00,BID_DEPTH,"[(101273, 193)]"
2019-06-28 15:31:00,ASK_DEPTH,"[(101662, 69)]"
2019-06-28 15:31:00,IMBALANCE,"[193, 69]"
2019-06-28 15:31:00,HOLDINGS_UPDATED,"{'CASH': 22702912, 'JPM': -132}"
2019-06-28 15:32:00,BID_DEPTH,"[(101161, 193)]"
2019-06-28 15:32:00,ASK_DEPTH,"[(101873, 69)]"
2019-06-28 15:32:00,IMBALANCE,"[193, 69]"
2019-06-28 15:32:00,HOLDINGS_UPDATED,"{'CASH': 22499166, 'JPM': -130}"
2019-06-28 15:33:00,BID_DEPTH,"[(101029, 258)]"
2019-06-28 15:33:00,ASK_DEPTH,"[(101161, 38)]"
2019-06-28 15:33:00,IMBALANCE,"[258, 38]"
2019-06-28 15:33:00,HOLDINGS_UPDATED,"{'CASH': 22296844, 'JPM': -128}"
2019-06-28 15:34:00,BID_DEPTH,"[(101029, 8)]"
2019-06-28 15:34:00,ASK_DEPTH,"[(101161, 174)]"
2019-06-28 15:34:00,IMBALANCE,"[8, 174]"
2019-06-28 15:34:00,HOLDINGS_UPDATED,"{'CASH': 22094522, 'JPM': -126}"
2019-06-28 15:35:00,BID_DEPTH,"[(100885, 250)]"
2019-06-28 15:35:00,ASK_DEPTH,"[(101161, 113)]"
2019-06-28 15:35:00,IMBALANCE,"[250, 113]"
2019-06-28 15:35:00,HOLDINGS_UPDATED,"{'CASH': 21892200, 'JPM': -124}"
2019-06-28 15:36:00,BID_DEPTH,"[(100603, 193)]"
2019-06-28 15:36:00,ASK_DEPTH,"[(100886, 74)]"
2019-06-28 15:36:00,IMBALANCE,"[193, 74]"
2019-06-28 15:36:00,HOLDINGS_UPDATED,"{'CASH': 21690428, 'JPM': -122}"
2019-06-28 15:37:00,BID_DEPTH,"[(100445, 208)]"
2019-06-28 15:37:00,ASK_DEPTH,"[(100603, 92)]"
2019-06-28 15:37:00,IMBALANCE,"[208, 92]"
2019-06-28 15:37:00,HOLDINGS_UPDATED,"{'CASH': 21489222, 'JPM': -120}"
2019-06-28 15:38:00,BID_DEPTH,"[(100377, 100)]"
2019-06-28 15:38:00,ASK_DEPTH,[]
2019-06-28 15:38:00,IMBALANCE,"[100, 0]"
2019-06-28 15:39:00,BID_DEPTH,"[(99819, 100)]"
2019-06-28 15:39:00,ASK_DEPTH,[]
2019-06-28 15:39:00,IMBALANCE,"[100, 0]"
2019-06-28 15:40:00,BID_DEPTH,"[(99805, 332)]"
2019-06-28 15:40:00,ASK_DEPTH,"[(100023, 208)]"
2019-06-28 15:40:00,IMBALANCE,"[332, 208]"
2019-06-28 15:40:00,HOLDINGS_UPDATED,"{'CASH': 21289176, 'JPM': -118}"
2019-06-28 15:41:00,BID_DEPTH,"[(99805, 2)]"
2019-06-28 15:41:00,ASK_DEPTH,"[(99806, 114)]"
2019-06-28 15:41:00,IMBALANCE,"[2, 114]"
2019-06-28 15:41:00,HOLDINGS_UPDATED,"{'CASH': 21089564, 'JPM': -116}"
2019-06-28 15:42:00,BID_DEPTH,"[(99535, 332)]"
2019-06-28 15:42:00,ASK_DEPTH,"[(99805, 308)]"
2019-06-28 15:42:00,IMBALANCE,"[332, 308]"
2019-06-28 15:42:00,HOLDINGS_UPDATED,"{'CASH': 20889954, 'JPM': -114}"
2019-06-28 15:43:00,BID_DEPTH,"[(100196, 216)]"
2019-06-28 15:43:00,ASK_DEPTH,"[(100652, 92)]"
2019-06-28 15:43:00,IMBALANCE,"[216, 92]"
2019-06-28 15:43:00,HOLDINGS_UPDATED,"{'CASH': 20688650, 'JPM': -112}"
2019-06-28 15:44:00,BID_DEPTH,"[(100196, 189)]"
2019-06-28 15:44:00,ASK_DEPTH,"[(100652, 69)]"
2019-06-28 15:44:00,IMBALANCE,"[189, 69]"
2019-06-28 15:44:00,HOLDINGS_UPDATED,"{'CASH': 20487346, 'JPM': -110}"
2019-06-28 15:45:00,BID_DEPTH,"[(100196, 328)]"
2019-06-28 15:45:00,ASK_DEPTH,"[(100227, 208)]"
2019-06-28 15:45:00,IMBALANCE,"[328, 208]"
2019-06-28 15:45:00,HOLDINGS_UPDATED,"{'CASH': 20286892, 'JPM': -108}"
2019-06-28 15:46:00,BID_DEPTH,"[(100047, 216)]"
2019-06-28 15:46:00,ASK_DEPTH,"[(100525, 92)]"
2019-06-28 15:46:00,IMBALANCE,"[216, 92]"
2019-06-28 15:46:00,HOLDINGS_UPDATED,"{'CASH': 20085842, 'JPM': -106}"
2019-06-28 15:47:00,BID_DEPTH,"[(100351, 100)]"
2019-06-28 15:47:00,ASK_DEPTH,[]
2019-06-28 15:47:00,IMBALANCE,"[100, 0]"
2019-06-28 15:48:00,BID_DEPTH,"[(100351, 216)]"
2019-06-28 15:48:00,ASK_DEPTH,"[(101003, 92)]"
2019-06-28 15:48:00,IMBALANCE,"[216, 92]"
2019-06-28 15:48:00,HOLDINGS_UPDATED,"{'CASH': 19883836, 'JPM': -104}"
2019-06-28 15:49:00,BID_DEPTH,"[(100775, 258)]"
2019-06-28 15:49:00,ASK_DEPTH,"[(101177, 134)]"
2019-06-28 15:49:00,IMBALANCE,"[258, 134]"
2019-06-28 15:49:00,HOLDINGS_UPDATED,"{'CASH': 19681482, 'JPM': -102}"
2019-06-28 15:50:00,BID_DEPTH,"[(100775, 216)]"
2019-06-28 15:50:00,ASK_DEPTH,"[(100918, 92)]"
2019-06-28 15:50:00,IMBALANCE,"[216, 92]"
2019-06-28 15:50:00,HOLDINGS_UPDATED,"{'CASH': 19479646, 'JPM': -100}"
2019-06-28 15:51:00,BID_DEPTH,"[(100775, 216)]"
2019-06-28 15:51:00,ASK_DEPTH,"[(100918, 192)]"
2019-06-28 15:51:00,IMBALANCE,"[216, 192]"
2019-06-28 15:51:00,HOLDINGS_UPDATED,"{'CASH': 19277810, 'JPM': -98}"
2019-06-28 15:52:00,BID_DEPTH,"[(100775, 216)]"
2019-06-28 15:52:00,ASK_DEPTH,"[(100918, 66)]"
2019-06-28 15:52:00,IMBALANCE,"[216, 66]"
2019-06-28 15:52:00,HOLDINGS_UPDATED,"{'CASH': 19075974, 'JPM': -96}"
2019-06-28 15:53:00,BID_DEPTH,"[(100775, 216)]"
2019-06-28 15:53:00,ASK_DEPTH,"[(100799, 92)]"
2019-06-28 15:53:00,IMBALANCE,"[216, 92]"
2019-06-28 15:53:00,HOLDINGS_UPDATED,"{'CASH': 18874376, 'JPM': -94}"
2019-06-28 15:54:00,BID_DEPTH,"[(100611, 216)]"
2019-06-28 15:54:00,ASK_DEPTH,"[(100798, 92)]"
2019-06-28 15:54:00,IMBALANCE,"[216, 92]"
2019-06-28 15:54:00,HOLDINGS_UPDATED,"{'CASH': 18672780, 'JPM': -92}"
2019-06-28 15:55:00,BID_DEPTH,"[(100611, 564)]"
2019-06-28 15:55:00,ASK_DEPTH,"[(100798, 540)]"
2019-06-28 15:55:00,IMBALANCE,"[564, 540]"
2019-06-28 15:55:00,HOLDINGS_UPDATED,"{'CASH': 18471184, 'JPM': -90}"
2019-06-28 15:56:00,BID_DEPTH,"[(100798, 193)]"
2019-06-28 15:56:00,ASK_DEPTH,"[(100984, 69)]"
2019-06-28 15:56:00,IMBALANCE,"[193, 69]"
2019-06-28 15:56:00,HOLDINGS_UPDATED,"{'CASH': 18269216, 'JPM': -88}"
2019-06-28 15:57:00,BID_DEPTH,"[(100798, 100)]"
2019-06-28 15:57:00,ASK_DEPTH,[]
2019-06-28 15:57:00,IMBALANCE,"[100, 0]"
2019-06-28 15:58:00,BID_DEPTH,"[(101324, 258)]"
2019-06-28 15:58:00,ASK_DEPTH,"[(101460, 134)]"
2019-06-28 15:58:00,IMBALANCE,"[258, 134]"
2019-06-28 15:58:00,HOLDINGS_UPDATED,"{'CASH': 18066296, 'JPM': -86}"
2019-06-28 15:59:00,BID_DEPTH,"[(101324, 100)]"
2019-06-28 15:59:00,ASK_DEPTH,[]
2019-06-28 15:59:00,IMBALANCE,"[100, 0]"
2019-06-28 16:00:00,BID_DEPTH,"[(101460, 332)]"
2019-06-28 16:00:00,ASK_DEPTH,"[(101594, 208)]"
2019-06-28 16:00:00,IMBALANCE,"[332, 208]"
2019-06-28 16:00:00,HOLDINGS_UPDATED,"{'CASH': 17863108, 'JPM': -84}"
2019-06-28 16:01:00,BID_DEPTH,"[(101460, 332)]"
2019-06-28 16:01:00,ASK_DEPTH,"[(101594, 206)]"
2019-06-28 16:01:00,IMBALANCE,"[332, 206]"
2019-06-28 16:01:00,MKT_CLOSED,
2019-06-28 16:01:00,FINAL_HOLDINGS,"{ JPM: -84, CASH: 17863108 }"
2019-06-28 16:01:00,FINAL_CASH_POSITION,17863108
2019-06-28 16:01:00,MARK_TO_MARKET,-84 JPM @ 101594 == -8533896
2019-06-28 16:01:00,MARKED_TO_MARKET,9329212
2019-06-28 16:01:00,ENDING_CASH,9329212
