EventTime,EventType,Event
,AGENT_TYPE,MomentumAgent
,STARTING_CASH,10000000
2019-06-28 09:30:00,HOLDINGS_UPDATED,{'CASH': 10000000}
2019-06-28 09:31:00,BID_DEPTH,"[(99973, 214)]"
2019-06-28 09:31:00,ASK_DEPTH,"[(99983, 214)]"
2019-06-28 09:31:00,IMBALANCE,"[214, 214]"
2019-06-28 09:32:00,BID_DEPTH,"[(99967, 556)]"
2019-06-28 09:32:00,ASK_DEPTH,"[(99982, 556)]"
2019-06-28 09:32:00,IMBALANCE,"[556, 556]"
2019-06-28 09:33:00,BID_DEPTH,"[(99958, 314)]"
2019-06-28 09:33:00,ASK_DEPTH,"[(99967, 314)]"
2019-06-28 09:33:00,IMBALANCE,"[314, 314]"
2019-06-28 09:34:00,BID_DEPTH,"[(99955, 328)]"
2019-06-28 09:34:00,ASK_DEPTH,"[(99966, 328)]"
2019-06-28 09:34:00,IMBALANCE,"[328, 328]"
2019-06-28 09:35:00,BID_DEPTH,"[(99955, 214)]"
2019-06-28 09:35:00,ASK_DEPTH,"[(99982, 214)]"
2019-06-28 09:35:00,IMBALANCE,"[214, 214]"
2019-06-28 09:36:00,BID_DEPTH,"[(99982, 656)]"
2019-06-28 09:36:00,ASK_DEPTH,"[(100006, 556)]"
2019-06-28 09:36:00,IMBALANCE,"[656, 556]"
2019-06-28 09:37:00,BID_DEPTH,"[(99982, 291)]"
2019-06-28 09:37:00,ASK_DEPTH,"[(100017, 191)]"
2019-06-28 09:37:00,IMBALANCE,"[291, 191]"
2019-06-28 09:38:00,BID_DEPTH,"[(99982, 428)]"
2019-06-28 09:38:00,ASK_DEPTH,"[(100017, 328)]"
2019-06-28 09:38:00,IMBALANCE,"[428, 328]"
2019-06-28 09:39:00,BID_DEPTH,"[(99982, 314)]"
2019-06-28 09:39:00,ASK_DEPTH,"[(100005, 214)]"
2019-06-28 09:39:00,IMBALANCE,"[314, 214]"
2019-06-28 09:40:00,BID_DEPTH,"[(99982, 656)]"
2019-06-28 09:40:00,ASK_DEPTH,"[(100035, 556)]"
2019-06-28 09:40:00,IMBALANCE,"[656, 556]"
2019-06-28 09:41:00,BID_DEPTH,"[(99982, 291)]"
2019-06-28 09:41:00,ASK_DEPTH,"[(100064, 191)]"
2019-06-28 09:41:00,IMBALANCE,"[291, 191]"
2019-06-28 09:42:00,BID_DEPTH,"[(99982, 656)]"
2019-06-28 09:42:00,ASK_DEPTH,"[(100453, 556)]"
2019-06-28 09:42:00,IMBALANCE,"[656, 556]"
2019-06-28 09:43:00,BID_DEPTH,"[(100201, 255)]"
2019-06-28 09:43:00,ASK_DEPTH,"[(100711, 255)]"
2019-06-28 09:43:00,IMBALANCE,"[255, 255]"
2019-06-28 09:44:00,BID_DEPTH,"[(100201, 556)]"
2019-06-28 09:44:00,ASK_DEPTH,"[(100711, 556)]"
2019-06-28 09:44:00,IMBALANCE,"[556, 556]"
2019-06-28 09:45:00,BID_DEPTH,"[(100738, 237)]"
2019-06-28 09:45:00,ASK_DEPTH,"[(100784, 328)]"
2019-06-28 09:45:00,IMBALANCE,"[237, 328]"
2019-06-28 09:46:00,BID_DEPTH,"[(100738, 200)]"
2019-06-28 09:46:00,ASK_DEPTH,"[(101180, 191)]"
2019-06-28 09:46:00,IMBALANCE,"[200, 191]"
2019-06-28 09:47:00,BID_DEPTH,"[(100738, 465)]"
2019-06-28 09:47:00,ASK_DEPTH,"[(101180, 556)]"
2019-06-28 09:47:00,IMBALANCE,"[465, 556]"
2019-06-28 09:48:00,BID_DEPTH,"[(100634, 255)]"
2019-06-28 09:48:00,ASK_DEPTH,"[(100738, 355)]"
2019-06-28 09:48:00,IMBALANCE,"[255, 355]"
2019-06-28 09:49:00,BID_DEPTH,"[(100634, 328)]"
2019-06-28 09:49:00,ASK_DEPTH,"[(100738, 428)]"
2019-06-28 09:49:00,IMBALANCE,"[328, 428]"
2019-06-28 09:50:00,BID_DEPTH,"[(100634, 556)]"
2019-06-28 09:50:00,ASK_DEPTH,"[(100738, 656)]"
2019-06-28 09:50:00,IMBALANCE,"[556, 656]"
2019-06-28 09:51:00,BID_DEPTH,"[(100739, 191)]"
2019-06-28 09:51:00,ASK_DEPTH,"[(100919, 191)]"
2019-06-28 09:51:00,IMBALANCE,"[191, 191]"
2019-06-28 09:52:00,BID_DEPTH,"[(100740, 328)]"
2019-06-28 09:52:00,ASK_DEPTH,"[(100919, 328)]"
2019-06-28 09:52:00,IMBALANCE,"[328, 328]"
2019-06-28 09:53:00,BID_DEPTH,"[(100739, 191)]"
2019-06-28 09:53:00,ASK_DEPTH,"[(100766, 191)]"
2019-06-28 09:53:00,IMBALANCE,"[191, 191]"
2019-06-28 09:54:00,BID_DEPTH,"[(100741, 556)]"
2019-06-28 09:54:00,ASK_DEPTH,"[(100766, 556)]"
2019-06-28 09:54:00,IMBALANCE,"[556, 556]"
2019-06-28 09:55:00,BID_DEPTH,"[(100739, 328)]"
2019-06-28 09:55:00,ASK_DEPTH,"[(100766, 328)]"
2019-06-28 09:55:00,IMBALANCE,"[328, 328]"
2019-06-28 09:56:00,BID_DEPTH,"[(100739, 556)]"
2019-06-28 09:56:00,ASK_DEPTH,"[(100766, 556)]"
2019-06-28 09:56:00,IMBALANCE,"[556, 556]"
2019-06-28 09:57:00,BID_DEPTH,"[(100742, 214)]"
2019-06-28 09:57:00,ASK_DEPTH,"[(100766, 214)]"
2019-06-28 09:57:00,IMBALANCE,"[214, 214]"
2019-06-28 09:58:00,BID_DEPTH,"[(100571, 328)]"
2019-06-28 09:58:00,ASK_DEPTH,"[(100742, 328)]"
2019-06-28 09:58:00,IMBALANCE,"[328, 328]"
2019-06-28 09:59:00,BID_DEPTH,"[(100571, 191)]"
2019-06-28 09:59:00,ASK_DEPTH,"[(100742, 391)]"
2019-06-28 09:59:00,IMBALANCE,"[191, 391]"
2019-06-28 10:00:00,BID_DEPTH,"[(100330, 556)]"
2019-06-28 10:00:00,ASK_DEPTH,"[(100742, 756)]"
2019-06-28 10:00:00,IMBALANCE,"[556, 756]"
2019-06-28 10:01:00,BID_DEPTH,"[(100330, 214)]"
2019-06-28 10:01:00,ASK_DEPTH,"[(100571, 214)]"
2019-06-28 10:01:00,IMBALANCE,"[214, 214]"
2019-06-28 10:02:00,BID_DEPTH,"[(100277, 328)]"
2019-06-28 10:02:00,ASK_DEPTH,"[(100571, 328)]"
2019-06-28 10:02:00,IMBALANCE,"[328, 328]"
2019-06-28 10:03:00,BID_DEPTH,"[(100515, 328)]"
2019-06-28 10:03:00,ASK_DEPTH,"[(100609, 328)]"
2019-06-28 10:03:00,IMBALANCE,"[328, 328]"
2019-06-28 10:04:00,BID_DEPTH,"[(100515, 255)]"
2019-06-28 10:04:00,ASK_DEPTH,"[(100741, 255)]"
2019-06-28 10:04:00,IMBALANCE,"[255, 255]"
2019-06-28 10:05:00,BID_DEPTH,"[(100514, 214)]"
2019-06-28 10:05:00,ASK_DEPTH,"[(100584, 214)]"
2019-06-28 10:05:00,IMBALANCE,"[214, 214]"
2019-06-28 10:06:00,BID_DEPTH,"[(100289, 556)]"
2019-06-28 10:06:00,ASK_DEPTH,"[(100378, 556)]"
2019-06-28 10:06:00,IMBALANCE,"[556, 556]"
2019-06-28 10:07:00,BID_DEPTH,"[(100277, 328)]"
2019-06-28 10:07:00,ASK_DEPTH,"[(100377, 428)]"
2019-06-28 10:07:00,IMBALANCE,"[328, 428]"
2019-06-28 10:08:00,BID_DEPTH,"[(100362, 314)]"
2019-06-28 10:08:00,ASK_DEPTH,"[(100514, 214)]"
2019-06-28 10:08:00,IMBALANCE,"[314, 214]"
2019-06-28 10:09:00,BID_DEPTH,"[(100692, 214)]"
2019-06-28 10:09:00,ASK_DEPTH,"[(100694, 214)]"
2019-06-28 10:09:00,IMBALANCE,"[214, 214]"
2019-06-28 10:10:00,BID_DEPTH,"[(100673, 255)]"
2019-06-28 10:10:00,ASK_DEPTH,"[(100741, 255)]"
2019-06-28 10:10:00,IMBALANCE,"[255, 255]"
2019-06-28 10:11:00,BID_DEPTH,"[(100377, 328)]"
2019-06-28 10:11:00,ASK_DEPTH,"[(100511, 328)]"
2019-06-28 10:11:00,IMBALANCE,"[328, 328]"
2019-06-28 10:12:00,BID_DEPTH,"[(100511, 237)]"
2019-06-28 10:12:00,ASK_DEPTH,"[(100741, 328)]"
2019-06-28 10:12:00,IMBALANCE,"[237, 328]"
2019-06-28 10:13:00,BID_DEPTH,"[(100512, 255)]"
2019-06-28 10:13:00,ASK_DEPTH,"[(100742, 255)]"
2019-06-28 10:13:00,IMBALANCE,"[255, 255]"
2019-06-28 10:14:00,BID_DEPTH,"[(100512, 214)]"
2019-06-28 10:14:00,ASK_DEPTH,"[(100742, 214)]"
2019-06-28 10:14:00,IMBALANCE,"[214, 214]"
2019-06-28 10:15:00,BID_DEPTH,"[(100582, 191)]"
2019-06-28 10:15:00,ASK_DEPTH,"[(100742, 191)]"
2019-06-28 10:15:00,IMBALANCE,"[191, 191]"
2019-06-28 10:16:00,BID_DEPTH,"[(100582, 556)]"
2019-06-28 10:16:00,ASK_DEPTH,"[(100742, 556)]"
2019-06-28 10:16:00,IMBALANCE,"[556, 556]"
2019-06-28 10:17:00,BID_DEPTH,"[(100672, 328)]"
2019-06-28 10:17:00,ASK_DEPTH,"[(100755, 328)]"
2019-06-28 10:17:00,IMBALANCE,"[328, 328]"
2019-06-28 10:18:00,BID_DEPTH,"[(100742, 191)]"
2019-06-28 10:18:00,ASK_DEPTH,"[(101037, 191)]"
2019-06-28 10:18:00,IMBALANCE,"[191, 191]"
2019-06-28 10:19:00,BID_DEPTH,"[(100582, 255)]"
2019-06-28 10:19:00,ASK_DEPTH,"[(100680, 255)]"
2019-06-28 10:19:00,IMBALANCE,"[255, 255]"
2019-06-28 10:20:00,BID_DEPTH,"[(100533, 191)]"
2019-06-28 10:20:00,ASK_DEPTH,"[(100679, 191)]"
2019-06-28 10:20:00,IMBALANCE,"[191, 191]"
2019-06-28 10:21:00,BID_DEPTH,"[(100533, 328)]"
2019-06-28 10:21:00,ASK_DEPTH,"[(100679, 253)]"
2019-06-28 10:21:00,IMBALANCE,"[328, 253]"
2019-06-28 10:21:00,HOLDINGS_UPDATED,"{'CASH': 9295247, 'JPM': 7}"
2019-06-28 10:22:00,BID_DEPTH,"[(100512, 214)]"
2019-06-28 10:22:00,ASK_DEPTH,"[(100679, 139)]"
2019-06-28 10:22:00,IMBALANCE,"[214, 139]"
2019-06-28 10:22:00,HOLDINGS_UPDATED,"{'CASH': 8590494, 'JPM': 14}"
2019-06-28 10:23:00,BID_DEPTH,"[(100216, 556)]"
2019-06-28 10:23:00,ASK_DEPTH,"[(100511, 481)]"
2019-06-28 10:23:00,IMBALANCE,"[556, 481]"
2019-06-28 10:23:00,HOLDINGS_UPDATED,"{'CASH': 7886917, 'JPM': 21}"
2019-06-28 10:24:00,BID_DEPTH,"[(99982, 191)]"
2019-06-28 10:24:00,ASK_DEPTH,"[(100172, 116)]"
2019-06-28 10:24:00,IMBALANCE,"[191, 116]"
2019-06-28 10:24:00,HOLDINGS_UPDATED,"{'CASH': 7185713, 'JPM': 28}"
2019-06-28 10:25:00,BID_DEPTH,"[(99785, 214)]"
2019-06-28 10:25:00,ASK_DEPTH,"[(100172, 139)]"
2019-06-28 10:25:00,IMBALANCE,"[214, 139]"
2019-06-28 10:25:00,HOLDINGS_UPDATED,"{'CASH': 6484509, 'JPM': 35}"
2019-06-28 10:26:00,BID_DEPTH,"[(99585, 481)]"
2019-06-28 10:26:00,ASK_DEPTH,"[(100172, 656)]"
2019-06-28 10:26:00,IMBALANCE,"[481, 656]"
2019-06-28 10:26:00,HOLDINGS_UPDATED,"{'CASH': 7181604, 'JPM': 28}"
2019-06-28 10:27:00,BID_DEPTH,"[(99609, 180)]"
2019-06-28 10:27:00,ASK_DEPTH,"[(99792, 255)]"
2019-06-28 10:27:00,IMBALANCE,"[180, 255]"
2019-06-28 10:27:00,HOLDINGS_UPDATED,"{'CASH': 7878867, 'JPM': 21}"
2019-06-28 10:28:00,BID_DEPTH,"[(99578, 180)]"
2019-06-28 10:28:00,ASK_DEPTH,"[(99792, 255)]"
2019-06-28 10:28:00,IMBALANCE,"[180, 255]"
2019-06-28 10:28:00,HOLDINGS_UPDATED,"{'CASH': 8575913, 'JPM': 14}"
2019-06-28 10:29:00,BID_DEPTH,"[(98265, 253)]"
2019-06-28 10:29:00,ASK_DEPTH,"[(99578, 528)]"
2019-06-28 10:29:00,IMBALANCE,"[253, 528]"
2019-06-28 10:29:00,HOLDINGS_UPDATED,"{'CASH': 9263768, 'JPM': 7}"
2019-06-28 10:30:00,BID_DEPTH,"[(99464, 116)]"
2019-06-28 10:30:00,ASK_DEPTH,"[(99578, 391)]"
2019-06-28 10:30:00,IMBALANCE,"[116, 391]"
2019-06-28 10:30:00,HOLDINGS_UPDATED,{'CASH': 9960016}
2019-06-28 10:31:00,BID_DEPTH,"[(99372, 116)]"
2019-06-28 10:31:00,ASK_DEPTH,"[(99464, 291)]"
2019-06-28 10:31:00,IMBALANCE,"[116, 291]"
2019-06-28 10:31:00,HOLDINGS_UPDATED,"{'CASH': 10655620, 'JPM': -7}"
2019-06-28 10:32:00,BID_DEPTH,"[(98265, 116)]"
2019-06-28 10:32:00,ASK_DEPTH,"[(99276, 191)]"
2019-06-28 10:32:00,IMBALANCE,"[116, 191]"
2019-06-28 10:32:00,HOLDINGS_UPDATED,"{'CASH': 11343475, 'JPM': -14}"
2019-06-28 10:33:00,BID_DEPTH,"[(98031, 481)]"
2019-06-28 10:33:00,ASK_DEPTH,"[(98588, 556)]"
2019-06-28 10:33:00,IMBALANCE,"[481, 556]"
2019-06-28 10:33:00,HOLDINGS_UPDATED,"{'CASH': 12029692, 'JPM': -21}"
2019-06-28 10:34:00,BID_DEPTH,"[(98031, 280)]"
2019-06-28 10:34:00,ASK_DEPTH,"[(98631, 255)]"
2019-06-28 10:34:00,IMBALANCE,"[280, 255]"
2019-06-28 10:34:00,HOLDINGS_UPDATED,"{'CASH': 12715909, 'JPM': -28}"
2019-06-28 10:35:00,BID_DEPTH,"[(98772, 139)]"
2019-06-28 10:35:00,ASK_DEPTH,"[(99219, 214)]"
2019-06-28 10:35:00,IMBALANCE,"[139, 214]"
2019-06-28 10:35:00,HOLDINGS_UPDATED,"{'CASH': 13407313, 'JPM': -35}"
2019-06-28 10:36:00,BID_DEPTH,"[(99295, 116)]"
2019-06-28 10:36:00,ASK_DEPTH,"[(99467, 191)]"
2019-06-28 10:36:00,IMBALANCE,"[116, 191]"
2019-06-28 10:36:00,HOLDINGS_UPDATED,"{'CASH': 14102378, 'JPM': -42}"
2019-06-28 10:37:00,BID_DEPTH,"[(99013, 180)]"
2019-06-28 10:37:00,ASK_DEPTH,"[(99295, 170)]"
2019-06-28 10:37:00,IMBALANCE,"[180, 170]"
2019-06-28 10:37:00,HOLDINGS_UPDATED,"{'CASH': 14795469, 'JPM': -49}"
2019-06-28 10:38:00,BID_DEPTH,"[(99382, 180)]"
2019-06-28 10:38:00,ASK_DEPTH,"[(99578, 455)]"
2019-06-28 10:38:00,IMBALANCE,"[180, 455]"
2019-06-28 10:38:00,HOLDINGS_UPDATED,"{'CASH': 15491143, 'JPM': -56}"
2019-06-28 10:39:00,BID_DEPTH,"[(99249, 481)]"
2019-06-28 10:39:00,ASK_DEPTH,"[(99582, 556)]"
2019-06-28 10:39:00,IMBALANCE,"[481, 556]"
2019-06-28 10:39:00,HOLDINGS_UPDATED,"{'CASH': 16185886, 'JPM': -63}"
2019-06-28 10:40:00,BID_DEPTH,"[(99249, 116)]"
2019-06-28 10:40:00,ASK_DEPTH,"[(99582, 191)]"
2019-06-28 10:40:00,IMBALANCE,"[116, 191]"
2019-06-28 10:40:00,HOLDINGS_UPDATED,"{'CASH': 16880629, 'JPM': -70}"
2019-06-28 10:41:00,BID_DEPTH,"[(99249, 239)]"
2019-06-28 10:41:00,ASK_DEPTH,"[(99582, 214)]"
2019-06-28 10:41:00,IMBALANCE,"[239, 214]"
2019-06-28 10:41:00,HOLDINGS_UPDATED,"{'CASH': 17575372, 'JPM': -77}"
2019-06-28 10:42:00,BID_DEPTH,"[(99583, 139)]"
2019-06-28 10:42:00,ASK_DEPTH,"[(99716, 214)]"
2019-06-28 10:42:00,IMBALANCE,"[139, 214]"
2019-06-28 10:42:00,HOLDINGS_UPDATED,"{'CASH': 18272453, 'JPM': -84}"
2019-06-28 10:43:00,BID_DEPTH,"[(99583, 116)]"
2019-06-28 10:43:00,ASK_DEPTH,"[(99841, 191)]"
2019-06-28 10:43:00,IMBALANCE,"[116, 191]"
2019-06-28 10:43:00,HOLDINGS_UPDATED,"{'CASH': 18969534, 'JPM': -91}"
2019-06-28 10:44:00,BID_DEPTH,"[(99511, 253)]"
2019-06-28 10:44:00,ASK_DEPTH,"[(99956, 328)]"
2019-06-28 10:44:00,IMBALANCE,"[253, 328]"
2019-06-28 10:44:00,HOLDINGS_UPDATED,"{'CASH': 19666111, 'JPM': -98}"
2019-06-28 10:45:00,BID_DEPTH,"[(99511, 139)]"
2019-06-28 10:45:00,ASK_DEPTH,"[(99993, 214)]"
2019-06-28 10:45:00,IMBALANCE,"[139, 214]"
2019-06-28 10:45:00,HOLDINGS_UPDATED,"{'CASH': 20362688, 'JPM': -105}"
2019-06-28 10:46:00,BID_DEPTH,"[(99249, 110)]"
2019-06-28 10:46:00,ASK_DEPTH,"[(99993, 191)]"
2019-06-28 10:46:00,IMBALANCE,"[110, 191]"
2019-06-28 10:46:00,HOLDINGS_UPDATED,"{'CASH': 21057431, 'JPM': -112}"
2019-06-28 10:47:00,BID_DEPTH,"[(99249, 116)]"
2019-06-28 10:47:00,ASK_DEPTH,"[(99840, 191)]"
2019-06-28 10:47:00,IMBALANCE,"[116, 191]"
2019-06-28 10:47:00,HOLDINGS_UPDATED,"{'CASH': 21752174, 'JPM': -119}"
2019-06-28 10:48:00,BID_DEPTH,"[(99249, 180)]"
2019-06-28 10:48:00,ASK_DEPTH,"[(99840, 255)]"
2019-06-28 10:48:00,IMBALANCE,"[180, 255]"
2019-06-28 10:48:00,HOLDINGS_UPDATED,"{'CASH': 22446917, 'JPM': -126}"
2019-06-28 10:49:00,BID_DEPTH,"[(99512, 139)]"
2019-06-28 10:49:00,ASK_DEPTH,"[(99840, 214)]"
2019-06-28 10:49:00,IMBALANCE,"[139, 214]"
2019-06-28 10:49:00,HOLDINGS_UPDATED,"{'CASH': 23143501, 'JPM': -133}"
2019-06-28 10:50:00,BID_DEPTH,"[(99513, 481)]"
2019-06-28 10:50:00,ASK_DEPTH,"[(99840, 556)]"
2019-06-28 10:50:00,IMBALANCE,"[481, 556]"
2019-06-28 10:50:00,HOLDINGS_UPDATED,"{'CASH': 23840092, 'JPM': -140}"
2019-06-28 10:51:00,BID_DEPTH,"[(99513, 139)]"
2019-06-28 10:51:00,ASK_DEPTH,"[(99840, 214)]"
2019-06-28 10:51:00,IMBALANCE,"[139, 214]"
2019-06-28 10:51:00,HOLDINGS_UPDATED,"{'CASH': 24536683, 'JPM': -147}"
2019-06-28 10:52:00,BID_DEPTH,"[(99512, 139)]"
2019-06-28 10:52:00,ASK_DEPTH,"[(99840, 214)]"
2019-06-28 10:52:00,IMBALANCE,"[139, 214]"
2019-06-28 10:52:00,HOLDINGS_UPDATED,"{'CASH': 25233267, 'JPM': -154}"
2019-06-28 10:53:00,BID_DEPTH,"[(99747, 180)]"
2019-06-28 10:53:00,ASK_DEPTH,"[(99840, 255)]"
2019-06-28 10:53:00,IMBALANCE,"[180, 255]"
2019-06-28 10:53:00,HOLDINGS_UPDATED,"{'CASH': 25931496, 'JPM': -161}"
2019-06-28 10:54:00,BID_DEPTH,"[(99539, 180)]"
2019-06-28 10:54:00,ASK_DEPTH,"[(99840, 255)]"
2019-06-28 10:54:00,IMBALANCE,"[180, 255]"
2019-06-28 10:54:00,HOLDINGS_UPDATED,"{'CASH': 26628269, 'JPM': -168}"
2019-06-28 10:55:00,BID_DEPTH,"[(99539, 116)]"
2019-06-28 10:55:00,ASK_DEPTH,"[(99840, 191)]"
2019-06-28 10:55:00,IMBALANCE,"[116, 191]"
2019-06-28 10:55:00,HOLDINGS_UPDATED,"{'CASH': 27325042, 'JPM': -175}"
2019-06-28 10:56:00,BID_DEPTH,"[(99528, 180)]"
2019-06-28 10:56:00,ASK_DEPTH,"[(99840, 255)]"
2019-06-28 10:56:00,IMBALANCE,"[180, 255]"
2019-06-28 10:56:00,HOLDINGS_UPDATED,"{'CASH': 28021738, 'JPM': -182}"
2019-06-28 10:57:00,BID_DEPTH,"[(99512, 481)]"
2019-06-28 10:57:00,ASK_DEPTH,"[(99791, 556)]"
2019-06-28 10:57:00,IMBALANCE,"[481, 556]"
2019-06-28 10:57:00,HOLDINGS_UPDATED,"{'CASH': 28718322, 'JPM': -189}"
2019-06-28 10:58:00,BID_DEPTH,"[(99512, 116)]"
2019-06-28 10:58:00,ASK_DEPTH,"[(99791, 191)]"
2019-06-28 10:58:00,IMBALANCE,"[116, 191]"
2019-06-28 10:58:00,HOLDINGS_UPDATED,"{'CASH': 29414906, 'JPM': -196}"
2019-06-28 10:59:00,BID_DEPTH,"[(99512, 139)]"
2019-06-28 10:59:00,ASK_DEPTH,"[(99791, 214)]"
2019-06-28 10:59:00,IMBALANCE,"[139, 214]"
2019-06-28 10:59:00,HOLDINGS_UPDATED,"{'CASH': 30111490, 'JPM': -203}"
2019-06-28 11:00:00,BID_DEPTH,"[(99549, 239)]"
2019-06-28 11:00:00,ASK_DEPTH,"[(99791, 214)]"
2019-06-28 11:00:00,IMBALANCE,"[239, 214]"
2019-06-28 11:00:00,HOLDINGS_UPDATED,"{'CASH': 30808333, 'JPM': -210}"
2019-06-28 11:01:00,BID_DEPTH,"[(99549, 347)]"
2019-06-28 11:01:00,ASK_DEPTH,"[(99791, 328)]"
2019-06-28 11:01:00,IMBALANCE,"[347, 328]"
2019-06-28 11:01:00,HOLDINGS_UPDATED,"{'CASH': 31505176, 'JPM': -217}"
2019-06-28 11:02:00,BID_DEPTH,"[(99549, 127)]"
2019-06-28 11:02:00,ASK_DEPTH,"[(99791, 214)]"
2019-06-28 11:02:00,IMBALANCE,"[127, 214]"
2019-06-28 11:02:00,HOLDINGS_UPDATED,"{'CASH': 32202019, 'JPM': -224}"
2019-06-28 11:03:00,BID_DEPTH,"[(99624, 116)]"
2019-06-28 11:03:00,ASK_DEPTH,"[(99808, 191)]"
2019-06-28 11:03:00,IMBALANCE,"[116, 191]"
2019-06-28 11:03:00,HOLDINGS_UPDATED,"{'CASH': 32899387, 'JPM': -231}"
2019-06-28 11:04:00,BID_DEPTH,"[(99624, 239)]"
2019-06-28 11:04:00,ASK_DEPTH,"[(99808, 214)]"
2019-06-28 11:04:00,IMBALANCE,"[239, 214]"
2019-06-28 11:04:00,HOLDINGS_UPDATED,"{'CASH': 33596755, 'JPM': -238}"
2019-06-28 11:05:00,BID_DEPTH,"[(99624, 133)]"
2019-06-28 11:05:00,ASK_DEPTH,"[(99840, 214)]"
2019-06-28 11:05:00,IMBALANCE,"[133, 214]"
2019-06-28 11:05:00,HOLDINGS_UPDATED,"{'CASH': 34294123, 'JPM': -245}"
2019-06-28 11:06:00,BID_DEPTH,"[(99549, 180)]"
2019-06-28 11:06:00,ASK_DEPTH,"[(99828, 255)]"
2019-06-28 11:06:00,IMBALANCE,"[180, 255]"
2019-06-28 11:06:00,HOLDINGS_UPDATED,"{'CASH': 34990966, 'JPM': -252}"
2019-06-28 11:07:00,BID_DEPTH,"[(99549, 328)]"
2019-06-28 11:07:00,ASK_DEPTH,"[(99668, 253)]"
2019-06-28 11:07:00,IMBALANCE,"[328, 253]"
2019-06-28 11:07:00,HOLDINGS_UPDATED,"{'CASH': 34293290, 'JPM': -245}"
2019-06-28 11:08:00,BID_DEPTH,"[(99549, 191)]"
2019-06-28 11:08:00,ASK_DEPTH,"[(99668, 116)]"
2019-06-28 11:08:00,IMBALANCE,"[191, 116]"
2019-06-28 11:08:00,HOLDINGS_UPDATED,"{'CASH': 33595614, 'JPM': -238}"
2019-06-28 11:09:00,BID_DEPTH,"[(99668, 129)]"
2019-06-28 11:09:00,ASK_DEPTH,"[(99674, 139)]"
2019-06-28 11:09:00,IMBALANCE,"[129, 139]"
2019-06-28 11:09:00,HOLDINGS_UPDATED,"{'CASH': 32897896, 'JPM': -231}"
2019-06-28 11:10:00,BID_DEPTH,"[(99739, 191)]"
2019-06-28 11:10:00,ASK_DEPTH,"[(99840, 116)]"
2019-06-28 11:10:00,IMBALANCE,"[191, 116]"
2019-06-28 11:10:00,HOLDINGS_UPDATED,"{'CASH': 32199016, 'JPM': -224}"
2019-06-28 11:11:00,BID_DEPTH,"[(99739, 191)]"
2019-06-28 11:11:00,ASK_DEPTH,"[(99740, 116)]"
2019-06-28 11:11:00,IMBALANCE,"[191, 116]"
2019-06-28 11:11:00,HOLDINGS_UPDATED,"{'CASH': 31500836, 'JPM': -217}"
2019-06-28 11:12:00,BID_DEPTH,"[(99739, 214)]"
2019-06-28 11:12:00,ASK_DEPTH,"[(99785, 139)]"
2019-06-28 11:12:00,IMBALANCE,"[214, 139]"
2019-06-28 11:12:00,HOLDINGS_UPDATED,"{'CASH': 30802341, 'JPM': -210}"
2019-06-28 11:13:00,BID_DEPTH,"[(99668, 106)]"
2019-06-28 11:13:00,ASK_DEPTH,"[(99785, 116)]"
2019-06-28 11:13:00,IMBALANCE,"[106, 116]"
2019-06-28 11:13:00,HOLDINGS_UPDATED,"{'CASH': 30103846, 'JPM': -203}"
2019-06-28 11:14:00,BID_DEPTH,"[(99564, 255)]"
2019-06-28 11:14:00,ASK_DEPTH,"[(99840, 180)]"
2019-06-28 11:14:00,IMBALANCE,"[255, 180]"
2019-06-28 11:14:00,HOLDINGS_UPDATED,"{'CASH': 29404966, 'JPM': -196}"
2019-06-28 11:15:00,BID_DEPTH,"[(99549, 214)]"
2019-06-28 11:15:00,ASK_DEPTH,"[(99845, 139)]"
2019-06-28 11:15:00,IMBALANCE,"[214, 139]"
2019-06-28 11:15:00,HOLDINGS_UPDATED,"{'CASH': 28706051, 'JPM': -189}"
2019-06-28 11:16:00,BID_DEPTH,"[(99549, 214)]"
2019-06-28 11:16:00,ASK_DEPTH,"[(99897, 139)]"
2019-06-28 11:16:00,IMBALANCE,"[214, 139]"
2019-06-28 11:16:00,HOLDINGS_UPDATED,"{'CASH': 28006772, 'JPM': -182}"
2019-06-28 11:17:00,BID_DEPTH,"[(99845, 328)]"
2019-06-28 11:17:00,ASK_DEPTH,"[(99876, 253)]"
2019-06-28 11:17:00,IMBALANCE,"[328, 253]"
2019-06-28 11:17:00,HOLDINGS_UPDATED,"{'CASH': 27307640, 'JPM': -175}"
2019-06-28 11:18:00,BID_DEPTH,"[(99659, 191)]"
2019-06-28 11:18:00,ASK_DEPTH,"[(99876, 116)]"
2019-06-28 11:18:00,IMBALANCE,"[191, 116]"
2019-06-28 11:18:00,HOLDINGS_UPDATED,"{'CASH': 26608508, 'JPM': -168}"
2019-06-28 11:19:00,BID_DEPTH,"[(99645, 255)]"
2019-06-28 11:19:00,ASK_DEPTH,"[(99880, 180)]"
2019-06-28 11:19:00,IMBALANCE,"[255, 180]"
2019-06-28 11:19:00,HOLDINGS_UPDATED,"{'CASH': 25909348, 'JPM': -161}"
2019-06-28 11:20:00,BID_DEPTH,"[(99645, 328)]"
2019-06-28 11:20:00,ASK_DEPTH,"[(99880, 253)]"
2019-06-28 11:20:00,IMBALANCE,"[328, 253]"
2019-06-28 11:20:00,HOLDINGS_UPDATED,"{'CASH': 25210188, 'JPM': -154}"
2019-06-28 11:21:00,BID_DEPTH,"[(99549, 328)]"
2019-06-28 11:21:00,ASK_DEPTH,"[(99880, 253)]"
2019-06-28 11:21:00,IMBALANCE,"[328, 253]"
2019-06-28 11:21:00,HOLDINGS_UPDATED,"{'CASH': 24511028, 'JPM': -147}"
2019-06-28 11:22:00,BID_DEPTH,"[(99647, 214)]"
2019-06-28 11:22:00,ASK_DEPTH,"[(99897, 139)]"
2019-06-28 11:22:00,IMBALANCE,"[214, 139]"
2019-06-28 11:22:00,HOLDINGS_UPDATED,"{'CASH': 23811749, 'JPM': -140}"
2019-06-28 11:23:00,BID_DEPTH,"[(99647, 191)]"
2019-06-28 11:23:00,ASK_DEPTH,"[(99700, 116)]"
2019-06-28 11:23:00,IMBALANCE,"[191, 116]"
2019-06-28 11:23:00,HOLDINGS_UPDATED,"{'CASH': 23113849, 'JPM': -133}"
2019-06-28 11:24:00,BID_DEPTH,"[(99647, 255)]"
2019-06-28 11:24:00,ASK_DEPTH,"[(99804, 180)]"
2019-06-28 11:24:00,IMBALANCE,"[255, 180]"
2019-06-28 11:24:00,HOLDINGS_UPDATED,"{'CASH': 22415221, 'JPM': -126}"
2019-06-28 11:25:00,BID_DEPTH,"[(99647, 214)]"
2019-06-28 11:25:00,ASK_DEPTH,"[(99887, 139)]"
2019-06-28 11:25:00,IMBALANCE,"[214, 139]"
2019-06-28 11:25:00,HOLDINGS_UPDATED,"{'CASH': 21716012, 'JPM': -119}"
2019-06-28 11:26:00,BID_DEPTH,"[(99647, 191)]"
2019-06-28 11:26:00,ASK_DEPTH,"[(99896, 216)]"
2019-06-28 11:26:00,IMBALANCE,"[191, 216]"
2019-06-28 11:26:00,HOLDINGS_UPDATED,"{'CASH': 21016740, 'JPM': -112}"
2019-06-28 11:27:00,BID_DEPTH,"[(99647, 328)]"
2019-06-28 11:27:00,ASK_DEPTH,"[(99896, 344)]"
2019-06-28 11:27:00,IMBALANCE,"[328, 344]"
2019-06-28 11:27:00,HOLDINGS_UPDATED,"{'CASH': 20317468, 'JPM': -105}"
2019-06-28 11:28:00,BID_DEPTH,"[(99587, 328)]"
2019-06-28 11:28:00,ASK_DEPTH,"[(99896, 235)]"
2019-06-28 11:28:00,IMBALANCE,"[328, 235]"
2019-06-28 11:28:00,HOLDINGS_UPDATED,"{'CASH': 19618196, 'JPM': -98}"
2019-06-28 11:29:00,BID_DEPTH,"[(99587, 214)]"
2019-06-28 11:29:00,ASK_DEPTH,"[(99653, 139)]"
2019-06-28 11:29:00,IMBALANCE,"[214, 139]"
2019-06-28 11:29:00,HOLDINGS_UPDATED,"{'CASH': 18920625, 'JPM': -91}"
2019-06-28 11:30:00,BID_DEPTH,"[(99549, 214)]"
2019-06-28 11:30:00,ASK_DEPTH,"[(99653, 139)]"
2019-06-28 11:30:00,IMBALANCE,"[214, 139]"
2019-06-28 11:30:00,HOLDINGS_UPDATED,"{'CASH': 18223054, 'JPM': -84}"
2019-06-28 11:31:00,BID_DEPTH,"[(99624, 328)]"
2019-06-28 11:31:00,ASK_DEPTH,"[(99653, 253)]"
2019-06-28 11:31:00,IMBALANCE,"[328, 253]"
2019-06-28 11:31:00,HOLDINGS_UPDATED,"{'CASH': 17525483, 'JPM': -77}"
2019-06-28 11:32:00,BID_DEPTH,"[(100018, 214)]"
2019-06-28 11:32:00,ASK_DEPTH,"[(100020, 139)]"
2019-06-28 11:32:00,IMBALANCE,"[214, 139]"
2019-06-28 11:32:00,HOLDINGS_UPDATED,"{'CASH': 16825343, 'JPM': -70}"
2019-06-28 11:33:00,BID_DEPTH,"[(100018, 328)]"
2019-06-28 11:33:00,ASK_DEPTH,"[(100242, 253)]"
2019-06-28 11:33:00,IMBALANCE,"[328, 253]"
2019-06-28 11:33:00,HOLDINGS_UPDATED,"{'CASH': 16123649, 'JPM': -63}"
2019-06-28 11:34:00,BID_DEPTH,"[(100018, 252)]"
2019-06-28 11:34:00,ASK_DEPTH,"[(100253, 180)]"
2019-06-28 11:34:00,IMBALANCE,"[252, 180]"
2019-06-28 11:34:00,HOLDINGS_UPDATED,"{'CASH': 15421878, 'JPM': -56}"
2019-06-28 11:35:00,BID_DEPTH,"[(100019, 214)]"
2019-06-28 11:35:00,ASK_DEPTH,"[(100425, 139)]"
2019-06-28 11:35:00,IMBALANCE,"[214, 139]"
2019-06-28 11:35:00,HOLDINGS_UPDATED,"{'CASH': 14718903, 'JPM': -49}"
2019-06-28 11:36:00,BID_DEPTH,"[(100018, 322)]"
2019-06-28 11:36:00,ASK_DEPTH,"[(100498, 253)]"
2019-06-28 11:36:00,IMBALANCE,"[322, 253]"
2019-06-28 11:36:00,HOLDINGS_UPDATED,"{'CASH': 14015417, 'JPM': -42}"
2019-06-28 11:37:00,BID_DEPTH,"[(99978, 556)]"
2019-06-28 11:37:00,ASK_DEPTH,"[(100061, 481)]"
2019-06-28 11:37:00,IMBALANCE,"[556, 481]"
2019-06-28 11:37:00,HOLDINGS_UPDATED,"{'CASH': 13314990, 'JPM': -35}"
2019-06-28 11:38:00,BID_DEPTH,"[(99898, 556)]"
2019-06-28 11:38:00,ASK_DEPTH,"[(99978, 481)]"
2019-06-28 11:38:00,IMBALANCE,"[556, 481]"
2019-06-28 11:38:00,HOLDINGS_UPDATED,"{'CASH': 12615144, 'JPM': -28}"
2019-06-28 11:39:00,BID_DEPTH,"[(100002, 191)]"
2019-06-28 11:39:00,ASK_DEPTH,"[(100004, 116)]"
2019-06-28 11:39:00,IMBALANCE,"[191, 116]"
2019-06-28 11:39:00,HOLDINGS_UPDATED,"{'CASH': 11915116, 'JPM': -21}"
2019-06-28 11:40:00,BID_DEPTH,"[(99781, 255)]"
2019-06-28 11:40:00,ASK_DEPTH,"[(100005, 180)]"
2019-06-28 11:40:00,IMBALANCE,"[255, 180]"
2019-06-28 11:40:00,HOLDINGS_UPDATED,"{'CASH': 11215081, 'JPM': -14}"
2019-06-28 11:41:00,BID_DEPTH,"[(99960, 191)]"
2019-06-28 11:41:00,ASK_DEPTH,"[(100005, 116)]"
2019-06-28 11:41:00,IMBALANCE,"[191, 116]"
2019-06-28 11:41:00,HOLDINGS_UPDATED,"{'CASH': 10515046, 'JPM': -7}"
2019-06-28 11:42:00,BID_DEPTH,"[(99781, 325)]"
2019-06-28 11:42:00,ASK_DEPTH,"[(99951, 253)]"
2019-06-28 11:42:00,IMBALANCE,"[325, 253]"
2019-06-28 11:42:00,HOLDINGS_UPDATED,{'CASH': 9815389}
2019-06-28 11:43:00,BID_DEPTH,"[(99626, 255)]"
2019-06-28 11:43:00,ASK_DEPTH,"[(99781, 180)]"
2019-06-28 11:43:00,IMBALANCE,"[255, 180]"
2019-06-28 11:43:00,HOLDINGS_UPDATED,"{'CASH': 9116922, 'JPM': 7}"
2019-06-28 11:44:00,BID_DEPTH,"[(99455, 328)]"
2019-06-28 11:44:00,ASK_DEPTH,"[(99781, 253)]"
2019-06-28 11:44:00,IMBALANCE,"[328, 253]"
2019-06-28 11:44:00,HOLDINGS_UPDATED,"{'CASH': 8418455, 'JPM': 14}"
2019-06-28 11:45:00,BID_DEPTH,"[(99351, 191)]"
2019-06-28 11:45:00,ASK_DEPTH,"[(99781, 116)]"
2019-06-28 11:45:00,IMBALANCE,"[191, 116]"
2019-06-28 11:45:00,HOLDINGS_UPDATED,"{'CASH': 7719988, 'JPM': 21}"
2019-06-28 11:46:00,BID_DEPTH,"[(99363, 191)]"
2019-06-28 11:46:00,ASK_DEPTH,"[(99492, 116)]"
2019-06-28 11:46:00,IMBALANCE,"[191, 116]"
2019-06-28 11:46:00,HOLDINGS_UPDATED,"{'CASH': 7023544, 'JPM': 28}"
2019-06-28 11:47:00,BID_DEPTH,"[(99363, 214)]"
2019-06-28 11:47:00,ASK_DEPTH,"[(99492, 139)]"
2019-06-28 11:47:00,IMBALANCE,"[214, 139]"
2019-06-28 11:47:00,HOLDINGS_UPDATED,"{'CASH': 6327100, 'JPM': 35}"
2019-06-28 11:48:00,BID_DEPTH,"[(99634, 337)]"
2019-06-28 11:48:00,ASK_DEPTH,"[(99781, 253)]"
2019-06-28 11:48:00,IMBALANCE,"[337, 253]"
2019-06-28 11:48:00,HOLDINGS_UPDATED,"{'CASH': 5628633, 'JPM': 42}"
2019-06-28 11:49:00,BID_DEPTH,"[(99634, 223)]"
2019-06-28 11:49:00,ASK_DEPTH,"[(100052, 139)]"
2019-06-28 11:49:00,IMBALANCE,"[223, 139]"
2019-06-28 11:49:00,HOLDINGS_UPDATED,"{'CASH': 4928269, 'JPM': 49}"
2019-06-28 11:50:00,BID_DEPTH,"[(99634, 223)]"
2019-06-28 11:50:00,ASK_DEPTH,"[(100052, 139)]"
2019-06-28 11:50:00,IMBALANCE,"[223, 139]"
2019-06-28 11:50:00,HOLDINGS_UPDATED,"{'CASH': 4227905, 'JPM': 56}"
2019-06-28 11:51:00,BID_DEPTH,"[(99164, 328)]"
2019-06-28 11:51:00,ASK_DEPTH,"[(100104, 253)]"
2019-06-28 11:51:00,IMBALANCE,"[328, 253]"
2019-06-28 11:51:00,HOLDINGS_UPDATED,"{'CASH': 3527177, 'JPM': 63}"
2019-06-28 11:52:00,BID_DEPTH,"[(98305, 556)]"
2019-06-28 11:52:00,ASK_DEPTH,"[(99164, 481)]"
2019-06-28 11:52:00,IMBALANCE,"[556, 481]"
2019-06-28 11:52:00,HOLDINGS_UPDATED,"{'CASH': 2833029, 'JPM': 70}"
2019-06-28 11:53:00,BID_DEPTH,"[(98374, 180)]"
2019-06-28 11:53:00,ASK_DEPTH,"[(98600, 255)]"
2019-06-28 11:53:00,IMBALANCE,"[180, 255]"
2019-06-28 11:53:00,HOLDINGS_UPDATED,"{'CASH': 3521647, 'JPM': 63}"
2019-06-28 11:54:00,BID_DEPTH,"[(98306, 180)]"
2019-06-28 11:54:00,ASK_DEPTH,"[(98600, 252)]"
2019-06-28 11:54:00,IMBALANCE,"[180, 252]"
2019-06-28 11:54:00,HOLDINGS_UPDATED,"{'CASH': 4209789, 'JPM': 56}"
2019-06-28 11:55:00,BID_DEPTH,"[(99110, 116)]"
2019-06-28 11:55:00,ASK_DEPTH,"[(99441, 191)]"
2019-06-28 11:55:00,IMBALANCE,"[116, 191]"
2019-06-28 11:55:00,HOLDINGS_UPDATED,"{'CASH': 4903559, 'JPM': 49}"
2019-06-28 11:56:00,BID_DEPTH,"[(99115, 280)]"
2019-06-28 11:56:00,ASK_DEPTH,"[(99441, 252)]"
2019-06-28 11:56:00,IMBALANCE,"[280, 252]"
2019-06-28 11:56:00,HOLDINGS_UPDATED,"{'CASH': 5597364, 'JPM': 42}"
2019-06-28 11:57:00,BID_DEPTH,"[(99441, 100)]"
2019-06-28 11:57:00,ASK_DEPTH,[]
2019-06-28 11:57:00,IMBALANCE,"[100, 0]"
2019-06-28 11:58:00,BID_DEPTH,"[(99162, 100)]"
2019-06-28 11:58:00,ASK_DEPTH,[]
2019-06-28 11:58:00,IMBALANCE,"[100, 0]"
2019-06-28 11:59:00,BID_DEPTH,"[(99329, 100)]"
2019-06-28 11:59:00,ASK_DEPTH,[]
2019-06-28 11:59:00,IMBALANCE,"[100, 0]"
2019-06-28 12:00:00,BID_DEPTH,"[(99337, 253)]"
2019-06-28 12:00:00,ASK_DEPTH,"[(99339, 328)]"
2019-06-28 12:00:00,IMBALANCE,"[253, 328]"
2019-06-28 12:00:00,HOLDINGS_UPDATED,"{'CASH': 6292723, 'JPM': 35}"
2019-06-28 12:01:00,BID_DEPTH,"[(99339, 481)]"
2019-06-28 12:01:00,ASK_DEPTH,"[(100133, 556)]"
2019-06-28 12:01:00,IMBALANCE,"[481, 556]"
2019-06-28 12:01:00,HOLDINGS_UPDATED,"{'CASH': 6988096, 'JPM': 28}"
2019-06-28 12:02:00,BID_DEPTH,"[(100134, 481)]"
2019-06-28 12:02:00,ASK_DEPTH,"[(100366, 556)]"
2019-06-28 12:02:00,IMBALANCE,"[481, 556]"
2019-06-28 12:02:00,HOLDINGS_UPDATED,"{'CASH': 7689034, 'JPM': 21}"
2019-06-28 12:03:00,BID_DEPTH,"[(100298, 139)]"
2019-06-28 12:03:00,ASK_DEPTH,"[(100366, 211)]"
2019-06-28 12:03:00,IMBALANCE,"[139, 211]"
2019-06-28 12:03:00,HOLDINGS_UPDATED,"{'CASH': 8391120, 'JPM': 14}"
2019-06-28 12:04:00,BID_DEPTH,"[(100186, 253)]"
2019-06-28 12:04:00,ASK_DEPTH,"[(100298, 428)]"
2019-06-28 12:04:00,IMBALANCE,"[253, 428]"
2019-06-28 12:04:00,HOLDINGS_UPDATED,"{'CASH': 9092422, 'JPM': 7}"
2019-06-28 12:05:00,BID_DEPTH,"[(99227, 253)]"
2019-06-28 12:05:00,ASK_DEPTH,"[(100186, 328)]"
2019-06-28 12:05:00,IMBALANCE,"[253, 328]"
2019-06-28 12:05:00,HOLDINGS_UPDATED,{'CASH': 9787011}
2019-06-28 12:06:00,BID_DEPTH,"[(99162, 253)]"
2019-06-28 12:06:00,ASK_DEPTH,"[(100186, 328)]"
2019-06-28 12:06:00,IMBALANCE,"[253, 328]"
2019-06-28 12:06:00,HOLDINGS_UPDATED,"{'CASH': 10481145, 'JPM': -7}"
2019-06-28 12:07:00,BID_DEPTH,"[(99162, 253)]"
2019-06-28 12:07:00,ASK_DEPTH,"[(100298, 428)]"
2019-06-28 12:07:00,IMBALANCE,"[253, 428]"
2019-06-28 12:07:00,HOLDINGS_UPDATED,"{'CASH': 11175279, 'JPM': -14}"
2019-06-28 12:08:00,BID_DEPTH,"[(100222, 481)]"
2019-06-28 12:08:00,ASK_DEPTH,"[(100597, 556)]"
2019-06-28 12:08:00,IMBALANCE,"[481, 556]"
2019-06-28 12:08:00,HOLDINGS_UPDATED,"{'CASH': 11876833, 'JPM': -21}"
2019-06-28 12:09:00,BID_DEPTH,"[(99704, 180)]"
2019-06-28 12:09:00,ASK_DEPTH,"[(100597, 255)]"
2019-06-28 12:09:00,IMBALANCE,"[180, 255]"
2019-06-28 12:09:00,HOLDINGS_UPDATED,"{'CASH': 12574761, 'JPM': -28}"
2019-06-28 12:10:00,BID_DEPTH,"[(99832, 253)]"
2019-06-28 12:10:00,ASK_DEPTH,"[(100597, 328)]"
2019-06-28 12:10:00,IMBALANCE,"[253, 328]"
2019-06-28 12:10:00,HOLDINGS_UPDATED,"{'CASH': 13273585, 'JPM': -35}"
2019-06-28 12:11:00,BID_DEPTH,"[(99832, 139)]"
2019-06-28 12:11:00,ASK_DEPTH,"[(100129, 214)]"
2019-06-28 12:11:00,IMBALANCE,"[139, 214]"
2019-06-28 12:11:00,HOLDINGS_UPDATED,"{'CASH': 13972409, 'JPM': -42}"
2019-06-28 12:12:00,BID_DEPTH,"[(99832, 253)]"
2019-06-28 12:12:00,ASK_DEPTH,"[(100129, 328)]"
2019-06-28 12:12:00,IMBALANCE,"[253, 328]"
2019-06-28 12:12:00,HOLDINGS_UPDATED,"{'CASH': 14671233, 'JPM': -49}"
2019-06-28 12:13:00,BID_DEPTH,"[(100075, 180)]"
2019-06-28 12:13:00,ASK_DEPTH,"[(100129, 255)]"
2019-06-28 12:13:00,IMBALANCE,"[180, 255]"
2019-06-28 12:13:00,HOLDINGS_UPDATED,"{'CASH': 15371758, 'JPM': -56}"
2019-06-28 12:14:00,BID_DEPTH,"[(100075, 253)]"
2019-06-28 12:14:00,ASK_DEPTH,"[(100311, 328)]"
2019-06-28 12:14:00,IMBALANCE,"[253, 328]"
2019-06-28 12:14:00,HOLDINGS_UPDATED,"{'CASH': 16072283, 'JPM': -63}"
2019-06-28 12:15:00,BID_DEPTH,"[(100075, 255)]"
2019-06-28 12:15:00,ASK_DEPTH,"[(100098, 180)]"
2019-06-28 12:15:00,IMBALANCE,"[255, 180]"
2019-06-28 12:15:00,HOLDINGS_UPDATED,"{'CASH': 15371597, 'JPM': -56}"
2019-06-28 12:16:00,BID_DEPTH,"[(100075, 252)]"
2019-06-28 12:16:00,ASK_DEPTH,"[(100311, 180)]"
2019-06-28 12:16:00,IMBALANCE,"[252, 180]"
2019-06-28 12:16:00,HOLDINGS_UPDATED,"{'CASH': 14669420, 'JPM': -49}"
2019-06-28 12:17:00,BID_DEPTH,"[(100316, 255)]"
2019-06-28 12:17:00,ASK_DEPTH,"[(100500, 180)]"
2019-06-28 12:17:00,IMBALANCE,"[255, 180]"
2019-06-28 12:17:00,HOLDINGS_UPDATED,"{'CASH': 13965920, 'JPM': -42}"
2019-06-28 12:18:00,BID_DEPTH,"[(100316, 252)]"
2019-06-28 12:18:00,ASK_DEPTH,"[(100597, 180)]"
2019-06-28 12:18:00,IMBALANCE,"[252, 180]"
2019-06-28 12:18:00,HOLDINGS_UPDATED,"{'CASH': 13261741, 'JPM': -35}"
2019-06-28 12:19:00,BID_DEPTH,"[(100316, 285)]"
2019-06-28 12:19:00,ASK_DEPTH,"[(100428, 116)]"
2019-06-28 12:19:00,IMBALANCE,"[285, 116]"
2019-06-28 12:19:00,HOLDINGS_UPDATED,"{'CASH': 12558745, 'JPM': -28}"
2019-06-28 12:20:00,BID_DEPTH,"[(100568, 556)]"
2019-06-28 12:20:00,ASK_DEPTH,"[(100597, 581)]"
2019-06-28 12:20:00,IMBALANCE,"[556, 581]"
2019-06-28 12:20:00,HOLDINGS_UPDATED,"{'CASH': 11854566, 'JPM': -21}"
2019-06-28 12:21:00,BID_DEPTH,"[(100568, 252)]"
2019-06-28 12:21:00,ASK_DEPTH,"[(100597, 174)]"
2019-06-28 12:21:00,IMBALANCE,"[252, 174]"
2019-06-28 12:21:00,HOLDINGS_UPDATED,"{'CASH': 11150387, 'JPM': -14}"
2019-06-28 12:22:00,BID_DEPTH,"[(100316, 282)]"
2019-06-28 12:22:00,ASK_DEPTH,"[(100451, 116)]"
2019-06-28 12:22:00,IMBALANCE,"[282, 116]"
2019-06-28 12:22:00,HOLDINGS_UPDATED,"{'CASH': 10447230, 'JPM': -7}"
2019-06-28 12:23:00,BID_DEPTH,"[(100296, 191)]"
2019-06-28 12:23:00,ASK_DEPTH,"[(100597, 116)]"
2019-06-28 12:23:00,IMBALANCE,"[191, 116]"
2019-06-28 12:23:00,HOLDINGS_UPDATED,{'CASH': 9743051}
2019-06-28 12:24:00,BID_DEPTH,"[(100127, 328)]"
2019-06-28 12:24:00,ASK_DEPTH,"[(100222, 253)]"
2019-06-28 12:24:00,IMBALANCE,"[328, 253]"
2019-06-28 12:24:00,HOLDINGS_UPDATED,"{'CASH': 9041497, 'JPM': 7}"
2019-06-28 12:25:00,BID_DEPTH,"[(100127, 252)]"
2019-06-28 12:25:00,ASK_DEPTH,"[(100222, 180)]"
2019-06-28 12:25:00,IMBALANCE,"[252, 180]"
2019-06-28 12:25:00,HOLDINGS_UPDATED,"{'CASH': 8339943, 'JPM': 14}"
2019-06-28 12:26:00,BID_DEPTH,"[(100125, 191)]"
2019-06-28 12:26:00,ASK_DEPTH,"[(100464, 116)]"
2019-06-28 12:26:00,IMBALANCE,"[191, 116]"
2019-06-28 12:26:00,HOLDINGS_UPDATED,"{'CASH': 7636695, 'JPM': 21}"
2019-06-28 12:27:00,BID_DEPTH,"[(100125, 553)]"
2019-06-28 12:27:00,ASK_DEPTH,"[(100597, 481)]"
2019-06-28 12:27:00,IMBALANCE,"[553, 481]"
2019-06-28 12:27:00,HOLDINGS_UPDATED,"{'CASH': 6932516, 'JPM': 28}"
2019-06-28 12:28:00,BID_DEPTH,"[(100075, 322)]"
2019-06-28 12:28:00,ASK_DEPTH,"[(100597, 253)]"
2019-06-28 12:28:00,IMBALANCE,"[322, 253]"
2019-06-28 12:28:00,HOLDINGS_UPDATED,"{'CASH': 6228337, 'JPM': 35}"
2019-06-28 12:29:00,BID_DEPTH,"[(100075, 319)]"
2019-06-28 12:29:00,ASK_DEPTH,"[(100597, 353)]"
2019-06-28 12:29:00,IMBALANCE,"[319, 353]"
2019-06-28 12:29:00,HOLDINGS_UPDATED,"{'CASH': 5524158, 'JPM': 42}"
2019-06-28 12:30:00,BID_DEPTH,"[(99623, 191)]"
2019-06-28 12:30:00,ASK_DEPTH,"[(100597, 210)]"
2019-06-28 12:30:00,IMBALANCE,"[191, 210]"
2019-06-28 12:30:00,HOLDINGS_UPDATED,"{'CASH': 4819979, 'JPM': 49}"
2019-06-28 12:31:00,BID_DEPTH,"[(99675, 328)]"
2019-06-28 12:31:00,ASK_DEPTH,"[(100597, 241)]"
2019-06-28 12:31:00,IMBALANCE,"[328, 241]"
2019-06-28 12:31:00,HOLDINGS_UPDATED,"{'CASH': 4115800, 'JPM': 56}"
2019-06-28 12:32:00,BID_DEPTH,"[(99778, 556)]"
2019-06-28 12:32:00,ASK_DEPTH,"[(99839, 481)]"
2019-06-28 12:32:00,IMBALANCE,"[556, 481]"
2019-06-28 12:32:00,HOLDINGS_UPDATED,"{'CASH': 3416927, 'JPM': 63}"
2019-06-28 12:33:00,BID_DEPTH,"[(99778, 556)]"
2019-06-28 12:33:00,ASK_DEPTH,"[(100078, 481)]"
2019-06-28 12:33:00,IMBALANCE,"[556, 481]"
2019-06-28 12:33:00,HOLDINGS_UPDATED,"{'CASH': 2716381, 'JPM': 70}"
2019-06-28 12:34:00,BID_DEPTH,"[(99844, 191)]"
2019-06-28 12:34:00,ASK_DEPTH,"[(100119, 116)]"
2019-06-28 12:34:00,IMBALANCE,"[191, 116]"
2019-06-28 12:34:00,HOLDINGS_UPDATED,"{'CASH': 2015548, 'JPM': 77}"
2019-06-28 12:35:00,BID_DEPTH,"[(99844, 556)]"
2019-06-28 12:35:00,ASK_DEPTH,"[(100119, 481)]"
2019-06-28 12:35:00,IMBALANCE,"[556, 481]"
2019-06-28 12:35:00,HOLDINGS_UPDATED,"{'CASH': 1314715, 'JPM': 84}"
2019-06-28 12:36:00,BID_DEPTH,"[(99883, 328)]"
2019-06-28 12:36:00,ASK_DEPTH,"[(99888, 253)]"
2019-06-28 12:36:00,IMBALANCE,"[328, 253]"
2019-06-28 12:36:00,HOLDINGS_UPDATED,"{'CASH': 615499, 'JPM': 91}"
2019-06-28 12:37:00,BID_DEPTH,"[(99883, 328)]"
2019-06-28 12:37:00,ASK_DEPTH,"[(99888, 253)]"
2019-06-28 12:37:00,IMBALANCE,"[328, 253]"
2019-06-28 12:37:00,HOLDINGS_UPDATED,"{'CASH': -83717, 'JPM': 98}"
2019-06-28 12:38:00,BID_DEPTH,"[(99844, 556)]"
2019-06-28 12:38:00,ASK_DEPTH,"[(99888, 481)]"
2019-06-28 12:38:00,IMBALANCE,"[556, 481]"
2019-06-28 12:38:00,HOLDINGS_UPDATED,"{'CASH': -782933, 'JPM': 105}"
2019-06-28 12:39:00,BID_DEPTH,"[(99778, 255)]"
2019-06-28 12:39:00,ASK_DEPTH,"[(99889, 180)]"
2019-06-28 12:39:00,IMBALANCE,"[255, 180]"
2019-06-28 12:39:00,HOLDINGS_UPDATED,"{'CASH': -1482156, 'JPM': 112}"
2019-06-28 12:40:00,BID_DEPTH,"[(99624, 214)]"
2019-06-28 12:40:00,ASK_DEPTH,"[(99897, 139)]"
2019-06-28 12:40:00,IMBALANCE,"[214, 139]"
2019-06-28 12:40:00,HOLDINGS_UPDATED,"{'CASH': -2181435, 'JPM': 119}"
2019-06-28 12:41:00,BID_DEPTH,"[(99817, 255)]"
2019-06-28 12:41:00,ASK_DEPTH,"[(99897, 180)]"
2019-06-28 12:41:00,IMBALANCE,"[255, 180]"
2019-06-28 12:41:00,HOLDINGS_UPDATED,"{'CASH': -2880714, 'JPM': 126}"
2019-06-28 12:42:00,BID_DEPTH,"[(99897, 556)]"
2019-06-28 12:42:00,ASK_DEPTH,"[(100010, 481)]"
2019-06-28 12:42:00,IMBALANCE,"[556, 481]"
2019-06-28 12:42:00,HOLDINGS_UPDATED,"{'CASH': -3580784, 'JPM': 133}"
2019-06-28 12:43:00,BID_DEPTH,"[(100010, 255)]"
2019-06-28 12:43:00,ASK_DEPTH,"[(100184, 180)]"
2019-06-28 12:43:00,IMBALANCE,"[255, 180]"
2019-06-28 12:43:00,HOLDINGS_UPDATED,"{'CASH': -4282072, 'JPM': 140}"
2019-06-28 12:44:00,BID_DEPTH,"[(100010, 553)]"
2019-06-28 12:44:00,ASK_DEPTH,"[(100597, 481)]"
2019-06-28 12:44:00,IMBALANCE,"[553, 481]"
2019-06-28 12:44:00,HOLDINGS_UPDATED,"{'CASH': -4986251, 'JPM': 147}"
2019-06-28 12:45:00,BID_DEPTH,"[(101515, 328)]"
2019-06-28 12:45:00,ASK_DEPTH,"[(101550, 253)]"
2019-06-28 12:45:00,IMBALANCE,"[328, 253]"
2019-06-28 12:45:00,HOLDINGS_UPDATED,"{'CASH': -5697101, 'JPM': 154}"
2019-06-28 12:46:00,BID_DEPTH,"[(101564, 556)]"
2019-06-28 12:46:00,ASK_DEPTH,"[(101635, 481)]"
2019-06-28 12:46:00,IMBALANCE,"[556, 481]"
2019-06-28 12:46:00,HOLDINGS_UPDATED,"{'CASH': -6408546, 'JPM': 161}"
2019-06-28 12:47:00,BID_DEPTH,"[(101564, 97)]"
2019-06-28 12:47:00,ASK_DEPTH,[]
2019-06-28 12:47:00,IMBALANCE,"[97, 0]"
2019-06-28 12:48:00,BID_DEPTH,"[(101564, 553)]"
2019-06-28 12:48:00,ASK_DEPTH,"[(101600, 481)]"
2019-06-28 12:48:00,IMBALANCE,"[553, 481]"
2019-06-28 12:48:00,HOLDINGS_UPDATED,"{'CASH': -7119746, 'JPM': 168}"
2019-06-28 12:49:00,BID_DEPTH,"[(101565, 214)]"
2019-06-28 12:49:00,ASK_DEPTH,"[(101712, 139)]"
2019-06-28 12:49:00,IMBALANCE,"[214, 139]"
2019-06-28 12:49:00,HOLDINGS_UPDATED,"{'CASH': -7831730, 'JPM': 175}"
2019-06-28 12:50:00,BID_DEPTH,"[(101564, 550)]"
2019-06-28 12:50:00,ASK_DEPTH,"[(101712, 481)]"
2019-06-28 12:50:00,IMBALANCE,"[550, 481]"
2019-06-28 12:50:00,HOLDINGS_UPDATED,"{'CASH': -8543714, 'JPM': 182}"
2019-06-28 12:51:00,BID_DEPTH,"[(101040, 255)]"
2019-06-28 12:51:00,ASK_DEPTH,"[(101074, 180)]"
2019-06-28 12:51:00,IMBALANCE,"[255, 180]"
2019-06-28 12:51:00,HOLDINGS_UPDATED,"{'CASH': -9251232, 'JPM': 189}"
2019-06-28 12:52:00,BID_DEPTH,"[(100957, 191)]"
2019-06-28 12:52:00,ASK_DEPTH,"[(101074, 216)]"
2019-06-28 12:52:00,IMBALANCE,"[191, 216]"
2019-06-28 12:52:00,HOLDINGS_UPDATED,"{'CASH': -9958750, 'JPM': 196}"
2019-06-28 12:53:00,BID_DEPTH,"[(100899, 214)]"
2019-06-28 12:53:00,ASK_DEPTH,"[(100984, 139)]"
2019-06-28 12:53:00,IMBALANCE,"[214, 139]"
2019-06-28 12:53:00,HOLDINGS_UPDATED,"{'CASH': -10665638, 'JPM': 203}"
2019-06-28 12:54:00,BID_DEPTH,"[(101061, 328)]"
2019-06-28 12:54:00,ASK_DEPTH,"[(101074, 247)]"
2019-06-28 12:54:00,IMBALANCE,"[328, 247]"
2019-06-28 12:54:00,HOLDINGS_UPDATED,"{'CASH': -11373156, 'JPM': 210}"
2019-06-28 12:55:00,BID_DEPTH,"[(101184, 556)]"
2019-06-28 12:55:00,ASK_DEPTH,"[(101243, 481)]"
2019-06-28 12:55:00,IMBALANCE,"[556, 481]"
2019-06-28 12:55:00,HOLDINGS_UPDATED,"{'CASH': -12081857, 'JPM': 217}"
2019-06-28 12:56:00,BID_DEPTH,"[(101184, 191)]"
2019-06-28 12:56:00,ASK_DEPTH,"[(101280, 116)]"
2019-06-28 12:56:00,IMBALANCE,"[191, 116]"
2019-06-28 12:56:00,HOLDINGS_UPDATED,"{'CASH': -12790817, 'JPM': 224}"
2019-06-28 12:57:00,BID_DEPTH,"[(101074, 255)]"
2019-06-28 12:57:00,ASK_DEPTH,"[(101280, 180)]"
2019-06-28 12:57:00,IMBALANCE,"[255, 180]"
2019-06-28 12:57:00,HOLDINGS_UPDATED,"{'CASH': -13499777, 'JPM': 231}"
2019-06-28 12:58:00,BID_DEPTH,"[(101061, 556)]"
2019-06-28 12:58:00,ASK_DEPTH,"[(101291, 481)]"
2019-06-28 12:58:00,IMBALANCE,"[556, 481]"
2019-06-28 12:58:00,HOLDINGS_UPDATED,"{'CASH': -14208814, 'JPM': 238}"
2019-06-28 12:59:00,BID_DEPTH,"[(100848, 328)]"
2019-06-28 12:59:00,ASK_DEPTH,"[(101380, 253)]"
2019-06-28 12:59:00,IMBALANCE,"[328, 253]"
2019-06-28 12:59:00,HOLDINGS_UPDATED,"{'CASH': -14918474, 'JPM': 245}"
2019-06-28 13:00:00,BID_DEPTH,"[(100842, 191)]"
2019-06-28 13:00:00,ASK_DEPTH,"[(100863, 116)]"
2019-06-28 13:00:00,IMBALANCE,"[191, 116]"
2019-06-28 13:00:00,HOLDINGS_UPDATED,"{'CASH': -15624515, 'JPM': 252}"
2019-06-28 13:01:00,BID_DEPTH,"[(100828, 191)]"
2019-06-28 13:01:00,ASK_DEPTH,"[(100863, 116)]"
2019-06-28 13:01:00,IMBALANCE,"[191, 116]"
2019-06-28 13:01:00,HOLDINGS_UPDATED,"{'CASH': -16330556, 'JPM': 259}"
2019-06-28 13:02:00,BID_DEPTH,"[(100828, 214)]"
2019-06-28 13:02:00,ASK_DEPTH,"[(100863, 139)]"
2019-06-28 13:02:00,IMBALANCE,"[214, 139]"
2019-06-28 13:02:00,HOLDINGS_UPDATED,"{'CASH': -17036597, 'JPM': 266}"
2019-06-28 13:03:00,BID_DEPTH,"[(100801, 328)]"
2019-06-28 13:03:00,ASK_DEPTH,"[(100863, 353)]"
2019-06-28 13:03:00,IMBALANCE,"[328, 353]"
2019-06-28 13:03:00,HOLDINGS_UPDATED,"{'CASH': -17742638, 'JPM': 273}"
2019-06-28 13:04:00,BID_DEPTH,"[(100801, 328)]"
2019-06-28 13:04:00,ASK_DEPTH,"[(100935, 253)]"
2019-06-28 13:04:00,IMBALANCE,"[328, 253]"
2019-06-28 13:04:00,HOLDINGS_UPDATED,"{'CASH': -18449183, 'JPM': 280}"
2019-06-28 13:05:00,BID_DEPTH,"[(100935, 255)]"
2019-06-28 13:05:00,ASK_DEPTH,"[(101380, 180)]"
2019-06-28 13:05:00,IMBALANCE,"[255, 180]"
2019-06-28 13:05:00,HOLDINGS_UPDATED,"{'CASH': -19158843, 'JPM': 287}"
2019-06-28 13:06:00,BID_DEPTH,"[(101512, 328)]"
2019-06-28 13:06:00,ASK_DEPTH,"[(101584, 253)]"
2019-06-28 13:06:00,IMBALANCE,"[328, 253]"
2019-06-28 13:06:00,HOLDINGS_UPDATED,"{'CASH': -19869931, 'JPM': 294}"
2019-06-28 13:07:00,BID_DEPTH,"[(101761, 214)]"
2019-06-28 13:07:00,ASK_DEPTH,"[(101808, 139)]"
2019-06-28 13:07:00,IMBALANCE,"[214, 139]"
2019-06-28 13:07:00,HOLDINGS_UPDATED,"{'CASH': -20582587, 'JPM': 301}"
2019-06-28 13:08:00,BID_DEPTH,"[(101593, 556)]"
2019-06-28 13:08:00,ASK_DEPTH,"[(101847, 481)]"
2019-06-28 13:08:00,IMBALANCE,"[556, 481]"
2019-06-28 13:08:00,HOLDINGS_UPDATED,"{'CASH': -21295516, 'JPM': 308}"
2019-06-28 13:09:00,BID_DEPTH,"[(101593, 328)]"
2019-06-28 13:09:00,ASK_DEPTH,"[(101847, 353)]"
2019-06-28 13:09:00,IMBALANCE,"[328, 353]"
2019-06-28 13:09:00,HOLDINGS_UPDATED,"{'CASH': -22008445, 'JPM': 315}"
2019-06-28 13:10:00,BID_DEPTH,"[(101593, 556)]"
2019-06-28 13:10:00,ASK_DEPTH,"[(101847, 475)]"
2019-06-28 13:10:00,IMBALANCE,"[556, 475]"
2019-06-28 13:10:00,HOLDINGS_UPDATED,"{'CASH': -22721374, 'JPM': 322}"
2019-06-28 13:11:00,BID_DEPTH,"[(101584, 200)]"
2019-06-28 13:11:00,ASK_DEPTH,[]
2019-06-28 13:11:00,IMBALANCE,"[200, 0]"
2019-06-28 13:12:00,BID_DEPTH,"[(101584, 291)]"
2019-06-28 13:12:00,ASK_DEPTH,"[(101847, 116)]"
2019-06-28 13:12:00,IMBALANCE,"[291, 116]"
2019-06-28 13:12:00,HOLDINGS_UPDATED,"{'CASH': -23434303, 'JPM': 329}"
2019-06-28 13:13:00,BID_DEPTH,"[(101556, 556)]"
2019-06-28 13:13:00,ASK_DEPTH,"[(101847, 581)]"
2019-06-28 13:13:00,IMBALANCE,"[556, 581]"
2019-06-28 13:13:00,HOLDINGS_UPDATED,"{'CASH': -24147232, 'JPM': 336}"
2019-06-28 13:14:00,BID_DEPTH,"[(101512, 214)]"
2019-06-28 13:14:00,ASK_DEPTH,"[(101847, 133)]"
2019-06-28 13:14:00,IMBALANCE,"[214, 133]"
2019-06-28 13:14:00,HOLDINGS_UPDATED,"{'CASH': -24860161, 'JPM': 343}"
2019-06-28 13:15:00,BID_DEPTH,"[(101512, 556)]"
2019-06-28 13:15:00,ASK_DEPTH,"[(101847, 481)]"
2019-06-28 13:15:00,IMBALANCE,"[556, 481]"
2019-06-28 13:15:00,HOLDINGS_UPDATED,"{'CASH': -25573090, 'JPM': 350}"
2019-06-28 13:16:00,BID_DEPTH,"[(100937, 255)]"
2019-06-28 13:16:00,ASK_DEPTH,"[(101847, 180)]"
2019-06-28 13:16:00,IMBALANCE,"[255, 180]"
2019-06-28 13:16:00,HOLDINGS_UPDATED,"{'CASH': -26286019, 'JPM': 357}"
2019-06-28 13:17:00,BID_DEPTH,"[(100937, 255)]"
2019-06-28 13:17:00,ASK_DEPTH,"[(101847, 180)]"
2019-06-28 13:17:00,IMBALANCE,"[255, 180]"
2019-06-28 13:17:00,HOLDINGS_UPDATED,"{'CASH': -26998948, 'JPM': 364}"
2019-06-28 13:18:00,BID_DEPTH,"[(101435, 191)]"
2019-06-28 13:18:00,ASK_DEPTH,"[(101631, 116)]"
2019-06-28 13:18:00,IMBALANCE,"[191, 116]"
2019-06-28 13:18:00,HOLDINGS_UPDATED,"{'CASH': -27710365, 'JPM': 371}"
2019-06-28 13:19:00,BID_DEPTH,"[(100935, 255)]"
2019-06-28 13:19:00,ASK_DEPTH,"[(101631, 180)]"
2019-06-28 13:19:00,IMBALANCE,"[255, 180]"
2019-06-28 13:19:00,HOLDINGS_UPDATED,"{'CASH': -28421782, 'JPM': 378}"
2019-06-28 13:20:00,BID_DEPTH,"[(100801, 100)]"
2019-06-28 13:20:00,ASK_DEPTH,[]
2019-06-28 13:20:00,IMBALANCE,"[100, 0]"
2019-06-28 13:21:00,BID_DEPTH,"[(100705, 214)]"
2019-06-28 13:21:00,ASK_DEPTH,"[(100775, 48)]"
2019-06-28 13:21:00,IMBALANCE,"[214, 48]"
2019-06-28 13:21:00,HOLDINGS_UPDATED,"{'CASH': -29127207, 'JPM': 385}"
2019-06-28 13:22:00,BID_DEPTH,"[(100586, 255)]"
2019-06-28 13:22:00,ASK_DEPTH,"[(100775, 180)]"
2019-06-28 13:22:00,IMBALANCE,"[255, 180]"
2019-06-28 13:22:00,HOLDINGS_UPDATED,"{'CASH': -29832632, 'JPM': 392}"
2019-06-28 13:23:00,BID_DEPTH,"[(100459, 214)]"
2019-06-28 13:23:00,ASK_DEPTH,"[(100494, 139)]"
2019-06-28 13:23:00,IMBALANCE,"[214, 139]"
2019-06-28 13:23:00,HOLDINGS_UPDATED,"{'CASH': -30536090, 'JPM': 399}"
2019-06-28 13:24:00,BID_DEPTH,"[(100459, 214)]"
2019-06-28 13:24:00,ASK_DEPTH,"[(100510, 139)]"
2019-06-28 13:24:00,IMBALANCE,"[214, 139]"
2019-06-28 13:24:00,HOLDINGS_UPDATED,"{'CASH': -31239660, 'JPM': 406}"
2019-06-28 13:25:00,BID_DEPTH,"[(100459, 328)]"
2019-06-28 13:25:00,ASK_DEPTH,"[(100681, 253)]"
2019-06-28 13:25:00,IMBALANCE,"[328, 253]"
2019-06-28 13:25:00,HOLDINGS_UPDATED,"{'CASH': -31944427, 'JPM': 413}"
2019-06-28 13:26:00,BID_DEPTH,"[(100459, 214)]"
2019-06-28 13:26:00,ASK_DEPTH,"[(100595, 139)]"
2019-06-28 13:26:00,IMBALANCE,"[214, 139]"
2019-06-28 13:26:00,HOLDINGS_UPDATED,"{'CASH': -32648592, 'JPM': 420}"
2019-06-28 13:27:00,BID_DEPTH,"[(100459, 556)]"
2019-06-28 13:27:00,ASK_DEPTH,"[(100517, 481)]"
2019-06-28 13:27:00,IMBALANCE,"[556, 481]"
2019-06-28 13:27:00,HOLDINGS_UPDATED,"{'CASH': -33352211, 'JPM': 427}"
2019-06-28 13:28:00,BID_DEPTH,"[(100459, 191)]"
2019-06-28 13:28:00,ASK_DEPTH,"[(100517, 116)]"
2019-06-28 13:28:00,IMBALANCE,"[191, 116]"
2019-06-28 13:28:00,HOLDINGS_UPDATED,"{'CASH': -34055830, 'JPM': 434}"
2019-06-28 13:29:00,BID_DEPTH,"[(100493, 328)]"
2019-06-28 13:29:00,ASK_DEPTH,"[(100788, 253)]"
2019-06-28 13:29:00,IMBALANCE,"[328, 253]"
2019-06-28 13:29:00,HOLDINGS_UPDATED,"{'CASH': -34761346, 'JPM': 441}"
2019-06-28 13:30:00,BID_DEPTH,"[(100788, 414)]"
2019-06-28 13:30:00,ASK_DEPTH,"[(100926, 139)]"
2019-06-28 13:30:00,IMBALANCE,"[414, 139]"
2019-06-28 13:30:00,HOLDINGS_UPDATED,"{'CASH': -35467828, 'JPM': 448}"
2019-06-28 13:31:00,BID_DEPTH,"[(100788, 525)]"
2019-06-28 13:31:00,ASK_DEPTH,"[(101010, 253)]"
2019-06-28 13:31:00,IMBALANCE,"[525, 253]"
2019-06-28 13:31:00,HOLDINGS_UPDATED,"{'CASH': -36174898, 'JPM': 455}"
2019-06-28 13:32:00,BID_DEPTH,"[(100788, 310)]"
2019-06-28 13:32:00,ASK_DEPTH,"[(101508, 191)]"
2019-06-28 13:32:00,IMBALANCE,"[310, 191]"
2019-06-28 13:32:00,HOLDINGS_UPDATED,"{'CASH': -35469382, 'JPM': 448}"
2019-06-28 13:33:00,BID_DEPTH,"[(100788, 201)]"
2019-06-28 13:33:00,ASK_DEPTH,"[(101563, 191)]"
2019-06-28 13:33:00,IMBALANCE,"[201, 191]"
2019-06-28 13:33:00,HOLDINGS_UPDATED,"{'CASH': -34763866, 'JPM': 441}"
2019-06-28 13:34:00,BID_DEPTH,"[(100789, 180)]"
2019-06-28 13:34:00,ASK_DEPTH,"[(101570, 255)]"
2019-06-28 13:34:00,IMBALANCE,"[180, 255]"
2019-06-28 13:34:00,HOLDINGS_UPDATED,"{'CASH': -34058343, 'JPM': 434}"
2019-06-28 13:35:00,BID_DEPTH,"[(100788, 156)]"
2019-06-28 13:35:00,ASK_DEPTH,"[(100789, 255)]"
2019-06-28 13:35:00,IMBALANCE,"[156, 255]"
2019-06-28 13:35:00,HOLDINGS_UPDATED,"{'CASH': -33957555, 'JPM': 433}"
2019-06-28 13:35:00,HOLDINGS_UPDATED,"{'CASH': -33352827, 'JPM': 427}"
2019-06-28 13:36:00,BID_DEPTH,"[(100381, 481)]"
2019-06-28 13:36:00,ASK_DEPTH,"[(100789, 556)]"
2019-06-28 13:36:00,IMBALANCE,"[481, 556]"
2019-06-28 13:36:00,HOLDINGS_UPDATED,"{'CASH': -32650160, 'JPM': 420}"
2019-06-28 13:37:00,BID_DEPTH,"[(100680, 180)]"
2019-06-28 13:37:00,ASK_DEPTH,"[(100789, 255)]"
2019-06-28 13:37:00,IMBALANCE,"[180, 255]"
2019-06-28 13:37:00,HOLDINGS_UPDATED,"{'CASH': -31945400, 'JPM': 413}"
2019-06-28 13:38:00,BID_DEPTH,"[(100331, 180)]"
2019-06-28 13:38:00,ASK_DEPTH,"[(100789, 255)]"
2019-06-28 13:38:00,IMBALANCE,"[180, 255]"
2019-06-28 13:38:00,HOLDINGS_UPDATED,"{'CASH': -31243083, 'JPM': 406}"
2019-06-28 13:39:00,BID_DEPTH,"[(100012, 116)]"
2019-06-28 13:39:00,ASK_DEPTH,"[(100330, 191)]"
2019-06-28 13:39:00,IMBALANCE,"[116, 191]"
2019-06-28 13:39:00,HOLDINGS_UPDATED,"{'CASH': -30542999, 'JPM': 399}"
2019-06-28 13:40:00,BID_DEPTH,"[(99418, 253)]"
2019-06-28 13:40:00,ASK_DEPTH,"[(99542, 328)]"
2019-06-28 13:40:00,IMBALANCE,"[253, 328]"
2019-06-28 13:40:00,HOLDINGS_UPDATED,"{'CASH': -29847073, 'JPM': 392}"
2019-06-28 13:41:00,BID_DEPTH,"[(99287, 116)]"
2019-06-28 13:41:00,ASK_DEPTH,"[(99542, 288)]"
2019-06-28 13:41:00,IMBALANCE,"[116, 288]"
2019-06-28 13:41:00,HOLDINGS_UPDATED,"{'CASH': -29152064, 'JPM': 385}"
2019-06-28 13:42:00,BID_DEPTH,"[(99325, 139)]"
2019-06-28 13:42:00,ASK_DEPTH,"[(99542, 308)]"
2019-06-28 13:42:00,IMBALANCE,"[139, 308]"
2019-06-28 13:42:00,HOLDINGS_UPDATED,"{'CASH': -28456789, 'JPM': 378}"
2019-06-28 13:43:00,BID_DEPTH,"[(98984, 481)]"
2019-06-28 13:43:00,ASK_DEPTH,"[(99542, 556)]"
2019-06-28 13:43:00,IMBALANCE,"[481, 556]"
2019-06-28 13:43:00,HOLDINGS_UPDATED,"{'CASH': -27763901, 'JPM': 371}"
2019-06-28 13:44:00,BID_DEPTH,"[(98723, 139)]"
2019-06-28 13:44:00,ASK_DEPTH,"[(99542, 411)]"
2019-06-28 13:44:00,IMBALANCE,"[139, 411]"
2019-06-28 13:44:00,HOLDINGS_UPDATED,"{'CASH': -27072840, 'JPM': 364}"
2019-06-28 13:45:00,BID_DEPTH,"[(98688, 116)]"
2019-06-28 13:45:00,ASK_DEPTH,"[(99542, 485)]"
2019-06-28 13:45:00,IMBALANCE,"[116, 485]"
2019-06-28 13:45:00,HOLDINGS_UPDATED,"{'CASH': -26382024, 'JPM': 357}"
2019-06-28 13:46:00,BID_DEPTH,"[(98548, 116)]"
2019-06-28 13:46:00,ASK_DEPTH,"[(99542, 582)]"
2019-06-28 13:46:00,IMBALANCE,"[116, 582]"
2019-06-28 13:46:00,HOLDINGS_UPDATED,"{'CASH': -25692188, 'JPM': 350}"
2019-06-28 13:47:00,BID_DEPTH,"[(98542, 481)]"
2019-06-28 13:47:00,ASK_DEPTH,"[(99542, 944)]"
2019-06-28 13:47:00,IMBALANCE,"[481, 944]"
2019-06-28 13:47:00,HOLDINGS_UPDATED,"{'CASH': -25002394, 'JPM': 343}"
2019-06-28 13:48:00,BID_DEPTH,"[(98393, 481)]"
2019-06-28 13:48:00,ASK_DEPTH,"[(98617, 556)]"
2019-06-28 13:48:00,IMBALANCE,"[481, 556]"
2019-06-28 13:48:00,HOLDINGS_UPDATED,"{'CASH': -24313643, 'JPM': 336}"
2019-06-28 13:49:00,BID_DEPTH,"[(98595, 481)]"
2019-06-28 13:49:00,ASK_DEPTH,"[(98617, 553)]"
2019-06-28 13:49:00,IMBALANCE,"[481, 553]"
2019-06-28 13:49:00,HOLDINGS_UPDATED,"{'CASH': -23623478, 'JPM': 329}"
2019-06-28 13:50:00,BID_DEPTH,"[(98488, 180)]"
2019-06-28 13:50:00,ASK_DEPTH,"[(98617, 249)]"
2019-06-28 13:50:00,IMBALANCE,"[180, 249]"
2019-06-28 13:50:00,HOLDINGS_UPDATED,"{'CASH': -22934062, 'JPM': 322}"
2019-06-28 13:51:00,BID_DEPTH,"[(98393, 481)]"
2019-06-28 13:51:00,ASK_DEPTH,"[(98418, 556)]"
2019-06-28 13:51:00,IMBALANCE,"[481, 556]"
2019-06-28 13:51:00,HOLDINGS_UPDATED,"{'CASH': -22245311, 'JPM': 315}"
2019-06-28 13:52:00,BID_DEPTH,"[(98330, 116)]"
2019-06-28 13:52:00,ASK_DEPTH,"[(98418, 188)]"
2019-06-28 13:52:00,IMBALANCE,"[116, 188]"
2019-06-28 13:52:00,HOLDINGS_UPDATED,"{'CASH': -21557001, 'JPM': 308}"
2019-06-28 13:53:00,BID_DEPTH,"[(98243, 139)]"
2019-06-28 13:53:00,ASK_DEPTH,"[(98418, 408)]"
2019-06-28 13:53:00,IMBALANCE,"[139, 408]"
2019-06-28 13:53:00,HOLDINGS_UPDATED,"{'CASH': -20869300, 'JPM': 301}"
2019-06-28 13:54:00,BID_DEPTH,"[(98212, 253)]"
2019-06-28 13:54:00,ASK_DEPTH,"[(98418, 519)]"
2019-06-28 13:54:00,IMBALANCE,"[253, 519]"
2019-06-28 13:54:00,HOLDINGS_UPDATED,"{'CASH': -20181816, 'JPM': 294}"
2019-06-28 13:55:00,BID_DEPTH,"[(98193, 253)]"
2019-06-28 13:55:00,ASK_DEPTH,"[(98418, 516)]"
2019-06-28 13:55:00,IMBALANCE,"[253, 516]"
2019-06-28 13:55:00,HOLDINGS_UPDATED,"{'CASH': -19494465, 'JPM': 287}"
2019-06-28 13:56:00,BID_DEPTH,"[(98120, 253)]"
2019-06-28 13:56:00,ASK_DEPTH,"[(98128, 328)]"
2019-06-28 13:56:00,IMBALANCE,"[253, 328]"
2019-06-28 13:56:00,HOLDINGS_UPDATED,"{'CASH': -18807625, 'JPM': 280}"
2019-06-28 13:57:00,BID_DEPTH,"[(98045, 139)]"
2019-06-28 13:57:00,ASK_DEPTH,"[(98128, 311)]"
2019-06-28 13:57:00,IMBALANCE,"[139, 311]"
2019-06-28 13:57:00,HOLDINGS_UPDATED,"{'CASH': -18121310, 'JPM': 273}"
2019-06-28 13:58:00,BID_DEPTH,"[(97954, 180)]"
2019-06-28 13:58:00,ASK_DEPTH,"[(98128, 249)]"
2019-06-28 13:58:00,IMBALANCE,"[180, 249]"
2019-06-28 13:58:00,HOLDINGS_UPDATED,"{'CASH': -17435632, 'JPM': 266}"
2019-06-28 13:59:00,BID_DEPTH,"[(98128, 581)]"
2019-06-28 13:59:00,ASK_DEPTH,"[(98418, 641)]"
2019-06-28 13:59:00,IMBALANCE,"[581, 641]"
2019-06-28 13:59:00,HOLDINGS_UPDATED,"{'CASH': -16748736, 'JPM': 259}"
2019-06-28 14:00:00,BID_DEPTH,"[(97897, 180)]"
2019-06-28 14:00:00,ASK_DEPTH,"[(98418, 437)]"
2019-06-28 14:00:00,IMBALANCE,"[180, 437]"
2019-06-28 14:00:00,HOLDINGS_UPDATED,"{'CASH': -16063457, 'JPM': 252}"
2019-06-28 14:01:00,BID_DEPTH,"[(97702, 139)]"
2019-06-28 14:01:00,ASK_DEPTH,"[(98418, 393)]"
2019-06-28 14:01:00,IMBALANCE,"[139, 393]"
2019-06-28 14:01:00,HOLDINGS_UPDATED,"{'CASH': -15379543, 'JPM': 245}"
2019-06-28 14:02:00,BID_DEPTH,"[(97543, 253)]"
2019-06-28 14:02:00,ASK_DEPTH,"[(97704, 328)]"
2019-06-28 14:02:00,IMBALANCE,"[253, 328]"
2019-06-28 14:02:00,HOLDINGS_UPDATED,"{'CASH': -14696742, 'JPM': 238}"
2019-06-28 14:03:00,BID_DEPTH,"[(97673, 180)]"
2019-06-28 14:03:00,ASK_DEPTH,"[(97872, 255)]"
2019-06-28 14:03:00,IMBALANCE,"[180, 255]"
2019-06-28 14:03:00,HOLDINGS_UPDATED,"{'CASH': -14013031, 'JPM': 231}"
2019-06-28 14:04:00,BID_DEPTH,"[(97543, 481)]"
2019-06-28 14:04:00,ASK_DEPTH,"[(98055, 556)]"
2019-06-28 14:04:00,IMBALANCE,"[481, 556]"
2019-06-28 14:04:00,HOLDINGS_UPDATED,"{'CASH': -13330230, 'JPM': 224}"
2019-06-28 14:05:00,BID_DEPTH,"[(97543, 180)]"
2019-06-28 14:05:00,ASK_DEPTH,"[(98055, 252)]"
2019-06-28 14:05:00,IMBALANCE,"[180, 252]"
2019-06-28 14:05:00,HOLDINGS_UPDATED,"{'CASH': -12647429, 'JPM': 217}"
2019-06-28 14:06:00,BID_DEPTH,"[(97543, 253)]"
2019-06-28 14:06:00,ASK_DEPTH,"[(98345, 328)]"
2019-06-28 14:06:00,IMBALANCE,"[253, 328]"
2019-06-28 14:06:00,HOLDINGS_UPDATED,"{'CASH': -11964628, 'JPM': 210}"
2019-06-28 14:07:00,BID_DEPTH,"[(98281, 253)]"
2019-06-28 14:07:00,ASK_DEPTH,"[(98418, 428)]"
2019-06-28 14:07:00,IMBALANCE,"[253, 428]"
2019-06-28 14:07:00,HOLDINGS_UPDATED,"{'CASH': -11276661, 'JPM': 203}"
2019-06-28 14:08:00,BID_DEPTH,"[(97414, 180)]"
2019-06-28 14:08:00,ASK_DEPTH,"[(98418, 252)]"
2019-06-28 14:08:00,IMBALANCE,"[180, 252]"
2019-06-28 14:08:00,HOLDINGS_UPDATED,"{'CASH': -10594763, 'JPM': 196}"
2019-06-28 14:09:00,BID_DEPTH,"[(97414, 239)]"
2019-06-28 14:09:00,ASK_DEPTH,"[(98418, 208)]"
2019-06-28 14:09:00,IMBALANCE,"[239, 208]"
2019-06-28 14:09:00,HOLDINGS_UPDATED,"{'CASH': -9912865, 'JPM': 189}"
2019-06-28 14:10:00,BID_DEPTH,"[(98418, 171)]"
2019-06-28 14:10:00,ASK_DEPTH,"[(98699, 328)]"
2019-06-28 14:10:00,IMBALANCE,"[171, 328]"
2019-06-28 14:10:00,HOLDINGS_UPDATED,"{'CASH': -9223939, 'JPM': 182}"
2019-06-28 14:11:00,BID_DEPTH,"[(97414, 174)]"
2019-06-28 14:11:00,ASK_DEPTH,"[(98699, 252)]"
2019-06-28 14:11:00,IMBALANCE,"[174, 252]"
2019-06-28 14:11:00,HOLDINGS_UPDATED,"{'CASH': -8542041, 'JPM': 175}"
2019-06-28 14:12:00,BID_DEPTH,"[(98869, 481)]"
2019-06-28 14:12:00,ASK_DEPTH,"[(99232, 556)]"
2019-06-28 14:12:00,IMBALANCE,"[481, 556]"
2019-06-28 14:12:00,HOLDINGS_UPDATED,"{'CASH': -7849958, 'JPM': 168}"
2019-06-28 14:13:00,BID_DEPTH,"[(97369, 180)]"
2019-06-28 14:13:00,ASK_DEPTH,"[(99232, 255)]"
2019-06-28 14:13:00,IMBALANCE,"[180, 255]"
2019-06-28 14:13:00,HOLDINGS_UPDATED,"{'CASH': -7168375, 'JPM': 161}"
2019-06-28 14:14:00,BID_DEPTH,"[(97348, 180)]"
2019-06-28 14:14:00,ASK_DEPTH,"[(99376, 255)]"
2019-06-28 14:14:00,IMBALANCE,"[180, 255]"
2019-06-28 14:14:00,HOLDINGS_UPDATED,"{'CASH': -6486939, 'JPM': 154}"
2019-06-28 14:15:00,BID_DEPTH,"[(99508, 116)]"
2019-06-28 14:15:00,ASK_DEPTH,"[(99587, 191)]"
2019-06-28 14:15:00,IMBALANCE,"[116, 191]"
2019-06-28 14:15:00,HOLDINGS_UPDATED,"{'CASH': -5790383, 'JPM': 147}"
2019-06-28 14:16:00,BID_DEPTH,"[(99508, 139)]"
2019-06-28 14:16:00,ASK_DEPTH,"[(99587, 214)]"
2019-06-28 14:16:00,IMBALANCE,"[139, 214]"
2019-06-28 14:16:00,HOLDINGS_UPDATED,"{'CASH': -5093827, 'JPM': 140}"
2019-06-28 14:17:00,BID_DEPTH,"[(99713, 48)]"
2019-06-28 14:17:00,ASK_DEPTH,"[(99900, 214)]"
2019-06-28 14:17:00,IMBALANCE,"[48, 214]"
2019-06-28 14:17:00,HOLDINGS_UPDATED,"{'CASH': -4395836, 'JPM': 133}"
2019-06-28 14:18:00,BID_DEPTH,"[(99857, 189)]"
2019-06-28 14:18:00,ASK_DEPTH,"[(99900, 255)]"
2019-06-28 14:18:00,IMBALANCE,"[189, 255]"
2019-06-28 14:18:00,HOLDINGS_UPDATED,"{'CASH': -3696837, 'JPM': 126}"
2019-06-28 14:19:00,BID_DEPTH,"[(99910, 253)]"
2019-06-28 14:19:00,ASK_DEPTH,"[(100045, 328)]"
2019-06-28 14:19:00,IMBALANCE,"[253, 328]"
2019-06-28 14:19:00,HOLDINGS_UPDATED,"{'CASH': -2997467, 'JPM': 119}"
2019-06-28 14:20:00,BID_DEPTH,"[(99857, 83)]"
2019-06-28 14:20:00,ASK_DEPTH,"[(100044, 255)]"
2019-06-28 14:20:00,IMBALANCE,"[83, 255]"
2019-06-28 14:20:00,HOLDINGS_UPDATED,"{'CASH': -2298468, 'JPM': 112}"
2019-06-28 14:21:00,BID_DEPTH,"[(99675, 481)]"
2019-06-28 14:21:00,ASK_DEPTH,"[(100004, 556)]"
2019-06-28 14:21:00,IMBALANCE,"[481, 556]"
2019-06-28 14:21:00,HOLDINGS_UPDATED,"{'CASH': -1600743, 'JPM': 105}"
2019-06-28 14:22:00,BID_DEPTH,"[(99722, 139)]"
2019-06-28 14:22:00,ASK_DEPTH,"[(99858, 214)]"
2019-06-28 14:22:00,IMBALANCE,"[139, 214]"
2019-06-28 14:22:00,HOLDINGS_UPDATED,"{'CASH': -902689, 'JPM': 98}"
2019-06-28 14:23:00,BID_DEPTH,"[(99675, 253)]"
2019-06-28 14:23:00,ASK_DEPTH,"[(100044, 328)]"
2019-06-28 14:23:00,IMBALANCE,"[253, 328]"
2019-06-28 14:23:00,HOLDINGS_UPDATED,"{'CASH': -204964, 'JPM': 91}"
2019-06-28 14:24:00,BID_DEPTH,"[(99675, 428)]"
2019-06-28 14:24:00,ASK_DEPTH,"[(100044, 253)]"
2019-06-28 14:24:00,IMBALANCE,"[428, 253]"
2019-06-28 14:24:00,HOLDINGS_UPDATED,"{'CASH': -905272, 'JPM': 98}"
2019-06-28 14:25:00,BID_DEPTH,"[(99675, 725)]"
2019-06-28 14:25:00,ASK_DEPTH,"[(100223, 253)]"
2019-06-28 14:25:00,IMBALANCE,"[725, 253]"
2019-06-28 14:25:00,HOLDINGS_UPDATED,"{'CASH': -1606833, 'JPM': 105}"
2019-06-28 14:26:00,BID_DEPTH,"[(100271, 255)]"
2019-06-28 14:26:00,ASK_DEPTH,"[(100534, 180)]"
2019-06-28 14:26:00,IMBALANCE,"[255, 180]"
2019-06-28 14:26:00,HOLDINGS_UPDATED,"{'CASH': -2310571, 'JPM': 112}"
2019-06-28 14:27:00,BID_DEPTH,"[(100271, 188)]"
2019-06-28 14:27:00,ASK_DEPTH,"[(100556, 116)]"
2019-06-28 14:27:00,IMBALANCE,"[188, 116]"
2019-06-28 14:27:00,HOLDINGS_UPDATED,"{'CASH': -3014463, 'JPM': 119}"
2019-06-28 14:28:00,BID_DEPTH,"[(100271, 249)]"
2019-06-28 14:28:00,ASK_DEPTH,"[(100697, 180)]"
2019-06-28 14:28:00,IMBALANCE,"[249, 180]"
2019-06-28 14:28:00,HOLDINGS_UPDATED,"{'CASH': -3719342, 'JPM': 126}"
2019-06-28 14:29:00,BID_DEPTH,"[(100271, 519)]"
2019-06-28 14:29:00,ASK_DEPTH,"[(100748, 253)]"
2019-06-28 14:29:00,IMBALANCE,"[519, 253]"
2019-06-28 14:29:00,HOLDINGS_UPDATED,"{'CASH': -4424578, 'JPM': 133}"
2019-06-28 14:30:00,BID_DEPTH,"[(100271, 516)]"
2019-06-28 14:30:00,ASK_DEPTH,"[(101018, 253)]"
2019-06-28 14:30:00,IMBALANCE,"[516, 253]"
2019-06-28 14:30:00,HOLDINGS_UPDATED,"{'CASH': -5131704, 'JPM': 140}"
2019-06-28 14:31:00,BID_DEPTH,"[(100271, 741)]"
2019-06-28 14:31:00,ASK_DEPTH,"[(101704, 481)]"
2019-06-28 14:31:00,IMBALANCE,"[741, 481]"
2019-06-28 14:31:00,HOLDINGS_UPDATED,"{'CASH': -5843632, 'JPM': 147}"
2019-06-28 14:32:00,BID_DEPTH,"[(100271, 373)]"
2019-06-28 14:32:00,ASK_DEPTH,"[(100863, 116)]"
2019-06-28 14:32:00,IMBALANCE,"[373, 116]"
2019-06-28 14:32:00,HOLDINGS_UPDATED,"{'CASH': -6549673, 'JPM': 154}"
2019-06-28 14:33:00,BID_DEPTH,"[(100963, 556)]"
2019-06-28 14:33:00,ASK_DEPTH,"[(101704, 481)]"
2019-06-28 14:33:00,IMBALANCE,"[556, 481]"
2019-06-28 14:33:00,HOLDINGS_UPDATED,"{'CASH': -7261601, 'JPM': 161}"
2019-06-28 14:34:00,BID_DEPTH,"[(100963, 211)]"
2019-06-28 14:34:00,ASK_DEPTH,"[(101704, 239)]"
2019-06-28 14:34:00,IMBALANCE,"[211, 239]"
2019-06-28 14:34:00,HOLDINGS_UPDATED,"{'CASH': -7973529, 'JPM': 168}"
2019-06-28 14:35:00,BID_DEPTH,"[(101168, 556)]"
2019-06-28 14:35:00,ASK_DEPTH,"[(101704, 575)]"
2019-06-28 14:35:00,IMBALANCE,"[556, 575]"
2019-06-28 14:35:00,HOLDINGS_UPDATED,"{'CASH': -8685457, 'JPM': 175}"
2019-06-28 14:36:00,BID_DEPTH,"[(101138, 328)]"
2019-06-28 14:36:00,ASK_DEPTH,"[(101704, 241)]"
2019-06-28 14:36:00,IMBALANCE,"[328, 241]"
2019-06-28 14:36:00,HOLDINGS_UPDATED,"{'CASH': -9397385, 'JPM': 182}"
2019-06-28 14:37:00,BID_DEPTH,"[(101016, 556)]"
2019-06-28 14:37:00,ASK_DEPTH,"[(101138, 481)]"
2019-06-28 14:37:00,IMBALANCE,"[556, 481]"
2019-06-28 14:37:00,HOLDINGS_UPDATED,"{'CASH': -10105351, 'JPM': 189}"
2019-06-28 14:38:00,BID_DEPTH,"[(100963, 208)]"
2019-06-28 14:38:00,ASK_DEPTH,"[(101015, 339)]"
2019-06-28 14:38:00,IMBALANCE,"[208, 339]"
2019-06-28 14:38:00,HOLDINGS_UPDATED,"{'CASH': -10812456, 'JPM': 196}"
2019-06-28 14:39:00,BID_DEPTH,"[(100769, 556)]"
2019-06-28 14:39:00,ASK_DEPTH,"[(101015, 575)]"
2019-06-28 14:39:00,IMBALANCE,"[556, 575]"
2019-06-28 14:39:00,HOLDINGS_UPDATED,"{'CASH': -11519561, 'JPM': 203}"
2019-06-28 14:40:00,BID_DEPTH,"[(100758, 255)]"
2019-06-28 14:40:00,ASK_DEPTH,"[(101016, 83)]"
2019-06-28 14:40:00,IMBALANCE,"[255, 83]"
2019-06-28 14:40:00,HOLDINGS_UPDATED,"{'CASH': -12226673, 'JPM': 210}"
2019-06-28 14:41:00,BID_DEPTH,"[(101211, 100)]"
2019-06-28 14:41:00,ASK_DEPTH,[]
2019-06-28 14:41:00,IMBALANCE,"[100, 0]"
2019-06-28 14:42:00,BID_DEPTH,"[(101280, 100)]"
2019-06-28 14:42:00,ASK_DEPTH,[]
2019-06-28 14:42:00,IMBALANCE,"[100, 0]"
2019-06-28 14:43:00,BID_DEPTH,"[(101280, 191)]"
2019-06-28 14:43:00,ASK_DEPTH,"[(101860, 116)]"
2019-06-28 14:43:00,IMBALANCE,"[191, 116]"
2019-06-28 14:43:00,HOLDINGS_UPDATED,"{'CASH': -12939693, 'JPM': 217}"
2019-06-28 14:44:00,BID_DEPTH,"[(101226, 255)]"
2019-06-28 14:44:00,ASK_DEPTH,"[(101280, 92)]"
2019-06-28 14:44:00,IMBALANCE,"[255, 92]"
2019-06-28 14:44:00,HOLDINGS_UPDATED,"{'CASH': -13648653, 'JPM': 224}"
2019-06-28 14:45:00,BID_DEPTH,"[(101226, 252)]"
2019-06-28 14:45:00,ASK_DEPTH,"[(101765, 180)]"
2019-06-28 14:45:00,IMBALANCE,"[252, 180]"
2019-06-28 14:45:00,HOLDINGS_UPDATED,"{'CASH': -14361008, 'JPM': 231}"
2019-06-28 14:46:00,BID_DEPTH,"[(101226, 550)]"
2019-06-28 14:46:00,ASK_DEPTH,"[(101294, 481)]"
2019-06-28 14:46:00,IMBALANCE,"[550, 481]"
2019-06-28 14:46:00,HOLDINGS_UPDATED,"{'CASH': -15070066, 'JPM': 238}"
2019-06-28 14:47:00,BID_DEPTH,"[(101226, 547)]"
2019-06-28 14:47:00,ASK_DEPTH,"[(101765, 481)]"
2019-06-28 14:47:00,IMBALANCE,"[547, 481]"
2019-06-28 14:47:00,HOLDINGS_UPDATED,"{'CASH': -15782421, 'JPM': 245}"
2019-06-28 14:48:00,BID_DEPTH,"[(101211, 100)]"
2019-06-28 14:48:00,ASK_DEPTH,[]
2019-06-28 14:48:00,IMBALANCE,"[100, 0]"
2019-06-28 14:49:00,BID_DEPTH,"[(101192, 100)]"
2019-06-28 14:49:00,ASK_DEPTH,[]
2019-06-28 14:49:00,IMBALANCE,"[100, 0]"
2019-06-28 14:50:00,BID_DEPTH,"[(101185, 328)]"
2019-06-28 14:50:00,ASK_DEPTH,"[(101211, 253)]"
2019-06-28 14:50:00,IMBALANCE,"[328, 253]"
2019-06-28 14:50:00,HOLDINGS_UPDATED,"{'CASH': -16490898, 'JPM': 252}"
2019-06-28 14:51:00,BID_DEPTH,"[(101185, 97)]"
2019-06-28 14:51:00,ASK_DEPTH,[]
2019-06-28 14:51:00,IMBALANCE,"[97, 0]"
2019-06-28 14:52:00,BID_DEPTH,"[(101185, 97)]"
2019-06-28 14:52:00,ASK_DEPTH,[]
2019-06-28 14:52:00,IMBALANCE,"[97, 0]"
2019-06-28 14:53:00,BID_DEPTH,"[(101087, 556)]"
2019-06-28 14:53:00,ASK_DEPTH,"[(101148, 481)]"
2019-06-28 14:53:00,IMBALANCE,"[556, 481]"
2019-06-28 14:53:00,HOLDINGS_UPDATED,"{'CASH': -17198934, 'JPM': 259}"
2019-06-28 14:54:00,BID_DEPTH,"[(101087, 556)]"
2019-06-28 14:54:00,ASK_DEPTH,"[(101148, 481)]"
2019-06-28 14:54:00,IMBALANCE,"[556, 481]"
2019-06-28 14:54:00,HOLDINGS_UPDATED,"{'CASH': -17906970, 'JPM': 266}"
2019-06-28 14:55:00,BID_DEPTH,"[(101087, 211)]"
2019-06-28 14:55:00,ASK_DEPTH,"[(101185, 42)]"
2019-06-28 14:55:00,IMBALANCE,"[211, 42]"
2019-06-28 14:55:00,HOLDINGS_UPDATED,"{'CASH': -18615265, 'JPM': 273}"
2019-06-28 14:56:00,BID_DEPTH,"[(101061, 556)]"
2019-06-28 14:56:00,ASK_DEPTH,"[(101442, 481)]"
2019-06-28 14:56:00,IMBALANCE,"[556, 481]"
2019-06-28 14:56:00,HOLDINGS_UPDATED,"{'CASH': -19325359, 'JPM': 280}"
2019-06-28 14:57:00,BID_DEPTH,"[(101060, 328)]"
2019-06-28 14:57:00,ASK_DEPTH,"[(101061, 156)]"
2019-06-28 14:57:00,IMBALANCE,"[328, 156]"
2019-06-28 14:57:00,HOLDINGS_UPDATED,"{'CASH': -20032786, 'JPM': 287}"
2019-06-28 14:58:00,BID_DEPTH,"[(101000, 328)]"
2019-06-28 14:58:00,ASK_DEPTH,"[(101060, 156)]"
2019-06-28 14:58:00,IMBALANCE,"[328, 156]"
2019-06-28 14:58:00,HOLDINGS_UPDATED,"{'CASH': -20740206, 'JPM': 294}"
2019-06-28 14:59:00,BID_DEPTH,"[(100964, 214)]"
2019-06-28 14:59:00,ASK_DEPTH,"[(101060, 139)]"
2019-06-28 14:59:00,IMBALANCE,"[214, 139]"
2019-06-28 14:59:00,HOLDINGS_UPDATED,"{'CASH': -21447626, 'JPM': 301}"
2019-06-28 15:00:00,BID_DEPTH,"[(100784, 100)]"
2019-06-28 15:00:00,ASK_DEPTH,[]
2019-06-28 15:00:00,IMBALANCE,"[100, 0]"
2019-06-28 15:01:00,BID_DEPTH,"[(100758, 252)]"
2019-06-28 15:01:00,ASK_DEPTH,"[(100858, 180)]"
2019-06-28 15:01:00,IMBALANCE,"[252, 180]"
2019-06-28 15:01:00,HOLDINGS_UPDATED,"{'CASH': -22153632, 'JPM': 308}"
2019-06-28 15:02:00,BID_DEPTH,"[(100591, 328)]"
2019-06-28 15:02:00,ASK_DEPTH,"[(100857, 253)]"
2019-06-28 15:02:00,IMBALANCE,"[328, 253]"
2019-06-28 15:02:00,HOLDINGS_UPDATED,"{'CASH': -22859631, 'JPM': 315}"
2019-06-28 15:03:00,BID_DEPTH,"[(100588, 191)]"
2019-06-28 15:03:00,ASK_DEPTH,"[(100858, 116)]"
2019-06-28 15:03:00,IMBALANCE,"[191, 116]"
2019-06-28 15:03:00,HOLDINGS_UPDATED,"{'CASH': -23565637, 'JPM': 322}"
2019-06-28 15:04:00,BID_DEPTH,"[(100588, 191)]"
2019-06-28 15:04:00,ASK_DEPTH,"[(100964, 216)]"
2019-06-28 15:04:00,IMBALANCE,"[191, 216]"
2019-06-28 15:04:00,HOLDINGS_UPDATED,"{'CASH': -24272385, 'JPM': 329}"
2019-06-28 15:05:00,BID_DEPTH,"[(100271, 535)]"
2019-06-28 15:05:00,ASK_DEPTH,"[(100964, 475)]"
2019-06-28 15:05:00,IMBALANCE,"[535, 475]"
2019-06-28 15:05:00,HOLDINGS_UPDATED,"{'CASH': -24979133, 'JPM': 336}"
2019-06-28 15:06:00,BID_DEPTH,"[(100271, 307)]"
2019-06-28 15:06:00,ASK_DEPTH,"[(100964, 253)]"
2019-06-28 15:06:00,IMBALANCE,"[307, 253]"
2019-06-28 15:06:00,HOLDINGS_UPDATED,"{'CASH': -25685881, 'JPM': 343}"
2019-06-28 15:07:00,BID_DEPTH,"[(100271, 79)]"
2019-06-28 15:07:00,ASK_DEPTH,[]
2019-06-28 15:07:00,IMBALANCE,"[79, 0]"
2019-06-28 15:08:00,BID_DEPTH,"[(100191, 328)]"
2019-06-28 15:08:00,ASK_DEPTH,"[(100964, 253)]"
2019-06-28 15:08:00,IMBALANCE,"[328, 253]"
2019-06-28 15:08:00,HOLDINGS_UPDATED,"{'CASH': -26392629, 'JPM': 350}"
2019-06-28 15:09:00,BID_DEPTH,"[(99990, 100)]"
2019-06-28 15:09:00,ASK_DEPTH,[]
2019-06-28 15:09:00,IMBALANCE,"[100, 0]"
2019-06-28 15:10:00,BID_DEPTH,"[(99990, 255)]"
2019-06-28 15:10:00,ASK_DEPTH,"[(100247, 180)]"
2019-06-28 15:10:00,IMBALANCE,"[255, 180]"
2019-06-28 15:10:00,HOLDINGS_UPDATED,"{'CASH': -27094358, 'JPM': 357}"
2019-06-28 15:11:00,BID_DEPTH,"[(99896, 214)]"
2019-06-28 15:11:00,ASK_DEPTH,"[(99990, 48)]"
2019-06-28 15:11:00,IMBALANCE,"[214, 48]"
2019-06-28 15:11:00,HOLDINGS_UPDATED,"{'CASH': -27794288, 'JPM': 364}"
2019-06-28 15:12:00,BID_DEPTH,"[(99859, 191)]"
2019-06-28 15:12:00,ASK_DEPTH,"[(99990, 116)]"
2019-06-28 15:12:00,IMBALANCE,"[191, 116]"
2019-06-28 15:12:00,HOLDINGS_UPDATED,"{'CASH': -28494218, 'JPM': 371}"
2019-06-28 15:13:00,BID_DEPTH,"[(99990, 109)]"
2019-06-28 15:13:00,ASK_DEPTH,"[(100169, 116)]"
2019-06-28 15:13:00,IMBALANCE,"[109, 116]"
2019-06-28 15:13:00,HOLDINGS_UPDATED,"{'CASH': -29195401, 'JPM': 378}"
2019-06-28 15:14:00,BID_DEPTH,"[(99990, 474)]"
2019-06-28 15:14:00,ASK_DEPTH,"[(100190, 481)]"
2019-06-28 15:14:00,IMBALANCE,"[474, 481]"
2019-06-28 15:14:00,HOLDINGS_UPDATED,"{'CASH': -29896731, 'JPM': 385}"
2019-06-28 15:15:00,BID_DEPTH,"[(100242, 180)]"
2019-06-28 15:15:00,ASK_DEPTH,"[(100247, 255)]"
2019-06-28 15:15:00,IMBALANCE,"[180, 255]"
2019-06-28 15:15:00,HOLDINGS_UPDATED,"{'CASH': -29195037, 'JPM': 378}"
2019-06-28 15:16:00,BID_DEPTH,"[(99990, 399)]"
2019-06-28 15:16:00,ASK_DEPTH,"[(100339, 556)]"
2019-06-28 15:16:00,IMBALANCE,"[399, 556]"
2019-06-28 15:16:00,HOLDINGS_UPDATED,"{'CASH': -28495107, 'JPM': 371}"
2019-06-28 15:17:00,BID_DEPTH,"[(99980, 139)]"
2019-06-28 15:17:00,ASK_DEPTH,"[(100339, 211)]"
2019-06-28 15:17:00,IMBALANCE,"[139, 211]"
2019-06-28 15:17:00,HOLDINGS_UPDATED,"{'CASH': -27795247, 'JPM': 364}"
2019-06-28 15:18:00,BID_DEPTH,"[(99927, 116)]"
2019-06-28 15:18:00,ASK_DEPTH,"[(100420, 191)]"
2019-06-28 15:18:00,IMBALANCE,"[116, 191]"
2019-06-28 15:18:00,HOLDINGS_UPDATED,"{'CASH': -27095758, 'JPM': 357}"
2019-06-28 15:19:00,BID_DEPTH,"[(99859, 253)]"
2019-06-28 15:19:00,ASK_DEPTH,"[(100420, 325)]"
2019-06-28 15:19:00,IMBALANCE,"[253, 325]"
2019-06-28 15:19:00,HOLDINGS_UPDATED,"{'CASH': -26396745, 'JPM': 350}"
2019-06-28 15:20:00,BID_DEPTH,"[(99791, 253)]"
2019-06-28 15:20:00,ASK_DEPTH,"[(101655, 328)]"
2019-06-28 15:20:00,IMBALANCE,"[253, 328]"
2019-06-28 15:20:00,HOLDINGS_UPDATED,"{'CASH': -25698208, 'JPM': 343}"
2019-06-28 15:21:00,BID_DEPTH,"[(99700, 481)]"
2019-06-28 15:21:00,ASK_DEPTH,"[(101784, 556)]"
2019-06-28 15:21:00,IMBALANCE,"[481, 556]"
2019-06-28 15:21:00,HOLDINGS_UPDATED,"{'CASH': -25000308, 'JPM': 336}"
2019-06-28 15:22:00,BID_DEPTH,"[(99666, 139)]"
2019-06-28 15:22:00,ASK_DEPTH,"[(101195, 214)]"
2019-06-28 15:22:00,IMBALANCE,"[139, 214]"
2019-06-28 15:22:00,HOLDINGS_UPDATED,"{'CASH': -24302646, 'JPM': 329}"
2019-06-28 15:23:00,BID_DEPTH,"[(101049, 139)]"
2019-06-28 15:23:00,ASK_DEPTH,"[(101121, 214)]"
2019-06-28 15:23:00,IMBALANCE,"[139, 214]"
2019-06-28 15:23:00,HOLDINGS_UPDATED,"{'CASH': -23595303, 'JPM': 322}"
2019-06-28 15:24:00,BID_DEPTH,"[(101058, 253)]"
2019-06-28 15:24:00,ASK_DEPTH,"[(101121, 328)]"
2019-06-28 15:24:00,IMBALANCE,"[253, 328]"
2019-06-28 15:24:00,HOLDINGS_UPDATED,"{'CASH': -22887897, 'JPM': 315}"
2019-06-28 15:25:00,BID_DEPTH,"[(100885, 481)]"
2019-06-28 15:25:00,ASK_DEPTH,"[(101055, 556)]"
2019-06-28 15:25:00,IMBALANCE,"[481, 556]"
2019-06-28 15:25:00,HOLDINGS_UPDATED,"{'CASH': -22181702, 'JPM': 308}"
2019-06-28 15:26:00,BID_DEPTH,"[(100848, 139)]"
2019-06-28 15:26:00,ASK_DEPTH,"[(101055, 214)]"
2019-06-28 15:26:00,IMBALANCE,"[139, 214]"
2019-06-28 15:26:00,HOLDINGS_UPDATED,"{'CASH': -21475766, 'JPM': 301}"
2019-06-28 15:27:00,BID_DEPTH,"[(100848, 180)]"
2019-06-28 15:27:00,ASK_DEPTH,"[(101055, 255)]"
2019-06-28 15:27:00,IMBALANCE,"[180, 255]"
2019-06-28 15:27:00,HOLDINGS_UPDATED,"{'CASH': -20769830, 'JPM': 294}"
2019-06-28 15:28:00,BID_DEPTH,"[(100786, 180)]"
2019-06-28 15:28:00,ASK_DEPTH,"[(101055, 255)]"
2019-06-28 15:28:00,IMBALANCE,"[180, 255]"
2019-06-28 15:28:00,HOLDINGS_UPDATED,"{'CASH': -20064328, 'JPM': 287}"
2019-06-28 15:29:00,BID_DEPTH,"[(99666, 581)]"
2019-06-28 15:29:00,ASK_DEPTH,"[(101055, 556)]"
2019-06-28 15:29:00,IMBALANCE,"[581, 556]"
2019-06-28 15:29:00,HOLDINGS_UPDATED,"{'CASH': -19366666, 'JPM': 280}"
2019-06-28 15:30:00,BID_DEPTH,"[(101037, 253)]"
2019-06-28 15:30:00,ASK_DEPTH,"[(101055, 328)]"
2019-06-28 15:30:00,IMBALANCE,"[253, 328]"
2019-06-28 15:30:00,HOLDINGS_UPDATED,"{'CASH': -18659407, 'JPM': 273}"
2019-06-28 15:31:00,BID_DEPTH,"[(100961, 139)]"
2019-06-28 15:31:00,ASK_DEPTH,"[(101006, 214)]"
2019-06-28 15:31:00,IMBALANCE,"[139, 214]"
2019-06-28 15:31:00,HOLDINGS_UPDATED,"{'CASH': -17952680, 'JPM': 266}"
2019-06-28 15:32:00,BID_DEPTH,"[(100773, 139)]"
2019-06-28 15:32:00,ASK_DEPTH,"[(101006, 214)]"
2019-06-28 15:32:00,IMBALANCE,"[139, 214]"
2019-06-28 15:32:00,HOLDINGS_UPDATED,"{'CASH': -17247269, 'JPM': 259}"
2019-06-28 15:33:00,BID_DEPTH,"[(100507, 180)]"
2019-06-28 15:33:00,ASK_DEPTH,"[(101006, 255)]"
2019-06-28 15:33:00,IMBALANCE,"[180, 255]"
2019-06-28 15:33:00,HOLDINGS_UPDATED,"{'CASH': -16543720, 'JPM': 252}"
2019-06-28 15:34:00,BID_DEPTH,"[(99748, 180)]"
2019-06-28 15:34:00,ASK_DEPTH,"[(100221, 255)]"
2019-06-28 15:34:00,IMBALANCE,"[180, 255]"
2019-06-28 15:34:00,HOLDINGS_UPDATED,"{'CASH': -15845484, 'JPM': 245}"
2019-06-28 15:35:00,BID_DEPTH,"[(99492, 139)]"
2019-06-28 15:35:00,ASK_DEPTH,"[(99748, 214)]"
2019-06-28 15:35:00,IMBALANCE,"[139, 214]"
2019-06-28 15:35:00,HOLDINGS_UPDATED,"{'CASH': -15149040, 'JPM': 238}"
2019-06-28 15:36:00,BID_DEPTH,"[(99399, 253)]"
2019-06-28 15:36:00,ASK_DEPTH,"[(99748, 428)]"
2019-06-28 15:36:00,IMBALANCE,"[253, 428]"
2019-06-28 15:36:00,HOLDINGS_UPDATED,"{'CASH': -14453247, 'JPM': 231}"
2019-06-28 15:37:00,BID_DEPTH,"[(98666, 481)]"
2019-06-28 15:37:00,ASK_DEPTH,"[(99536, 556)]"
2019-06-28 15:37:00,IMBALANCE,"[481, 556]"
2019-06-28 15:37:00,HOLDINGS_UPDATED,"{'CASH': -13762585, 'JPM': 224}"
2019-06-28 15:38:00,BID_DEPTH,"[(99360, 180)]"
2019-06-28 15:38:00,ASK_DEPTH,"[(99536, 252)]"
2019-06-28 15:38:00,IMBALANCE,"[180, 252]"
2019-06-28 15:38:00,HOLDINGS_UPDATED,"{'CASH': -13067065, 'JPM': 217}"
2019-06-28 15:39:00,BID_DEPTH,"[(98308, 116)]"
2019-06-28 15:39:00,ASK_DEPTH,"[(99558, 191)]"
2019-06-28 15:39:00,IMBALANCE,"[116, 191]"
2019-06-28 15:39:00,HOLDINGS_UPDATED,"{'CASH': -12378909, 'JPM': 210}"
2019-06-28 15:40:00,BID_DEPTH,"[(99355, 116)]"
2019-06-28 15:40:00,ASK_DEPTH,"[(99558, 288)]"
2019-06-28 15:40:00,IMBALANCE,"[116, 288]"
2019-06-28 15:40:00,HOLDINGS_UPDATED,"{'CASH': -11683424, 'JPM': 203}"
2019-06-28 15:41:00,BID_DEPTH,"[(98308, 116)]"
2019-06-28 15:41:00,ASK_DEPTH,"[(99558, 285)]"
2019-06-28 15:41:00,IMBALANCE,"[116, 285]"
2019-06-28 15:41:00,HOLDINGS_UPDATED,"{'CASH': -10995268, 'JPM': 196}"
2019-06-28 15:42:00,BID_DEPTH,[]
2019-06-28 15:42:00,ASK_DEPTH,"[(99378, 45)]"
2019-06-28 15:42:00,IMBALANCE,"[0, 45]"
2019-06-28 15:43:00,BID_DEPTH,"[(98991, 116)]"
2019-06-28 15:43:00,ASK_DEPTH,"[(99207, 191)]"
2019-06-28 15:43:00,IMBALANCE,"[116, 191]"
2019-06-28 15:43:00,HOLDINGS_UPDATED,"{'CASH': -10302331, 'JPM': 189}"
2019-06-28 15:44:00,BID_DEPTH,"[(99081, 180)]"
2019-06-28 15:44:00,ASK_DEPTH,"[(99207, 252)]"
2019-06-28 15:44:00,IMBALANCE,"[180, 252]"
2019-06-28 15:44:00,HOLDINGS_UPDATED,"{'CASH': -9608764, 'JPM': 182}"
2019-06-28 15:45:00,BID_DEPTH,"[(99081, 139)]"
2019-06-28 15:45:00,ASK_DEPTH,"[(99207, 208)]"
2019-06-28 15:45:00,IMBALANCE,"[139, 208]"
2019-06-28 15:45:00,HOLDINGS_UPDATED,"{'CASH': -8915197, 'JPM': 175}"
2019-06-28 15:46:00,BID_DEPTH,"[(99006, 116)]"
2019-06-28 15:46:00,ASK_DEPTH,"[(99186, 191)]"
2019-06-28 15:46:00,IMBALANCE,"[116, 191]"
2019-06-28 15:46:00,HOLDINGS_UPDATED,"{'CASH': -8222155, 'JPM': 168}"
2019-06-28 15:47:00,BID_DEPTH,"[(99098, 253)]"
2019-06-28 15:47:00,ASK_DEPTH,"[(99207, 419)]"
2019-06-28 15:47:00,IMBALANCE,"[253, 419]"
2019-06-28 15:47:00,HOLDINGS_UPDATED,"{'CASH': -7528469, 'JPM': 161}"
2019-06-28 15:48:00,BID_DEPTH,"[(99006, 253)]"
2019-06-28 15:48:00,ASK_DEPTH,"[(99207, 316)]"
2019-06-28 15:48:00,IMBALANCE,"[253, 316]"
2019-06-28 15:48:00,HOLDINGS_UPDATED,"{'CASH': -6835427, 'JPM': 154}"
2019-06-28 15:49:00,BID_DEPTH,"[(98991, 253)]"
2019-06-28 15:49:00,ASK_DEPTH,"[(99308, 328)]"
2019-06-28 15:49:00,IMBALANCE,"[253, 328]"
2019-06-28 15:49:00,HOLDINGS_UPDATED,"{'CASH': -6142490, 'JPM': 147}"
2019-06-28 15:50:00,BID_DEPTH,"[(98879, 180)]"
2019-06-28 15:50:00,ASK_DEPTH,"[(99308, 352)]"
2019-06-28 15:50:00,IMBALANCE,"[180, 352]"
2019-06-28 15:50:00,HOLDINGS_UPDATED,"{'CASH': -5450337, 'JPM': 140}"
2019-06-28 15:51:00,BID_DEPTH,"[(98759, 116)]"
2019-06-28 15:51:00,ASK_DEPTH,"[(99308, 385)]"
2019-06-28 15:51:00,IMBALANCE,"[116, 385]"
2019-06-28 15:51:00,HOLDINGS_UPDATED,"{'CASH': -4759024, 'JPM': 133}"
2019-06-28 15:52:00,BID_DEPTH,"[(98759, 481)]"
2019-06-28 15:52:00,ASK_DEPTH,"[(99308, 647)]"
2019-06-28 15:52:00,IMBALANCE,"[481, 647]"
2019-06-28 15:52:00,HOLDINGS_UPDATED,"{'CASH': -4067711, 'JPM': 126}"
2019-06-28 15:53:00,BID_DEPTH,"[(98675, 116)]"
2019-06-28 15:53:00,ASK_DEPTH,"[(99343, 191)]"
2019-06-28 15:53:00,IMBALANCE,"[116, 191]"
2019-06-28 15:53:00,HOLDINGS_UPDATED,"{'CASH': -3376986, 'JPM': 119}"
2019-06-28 15:54:00,BID_DEPTH,"[(99343, 484)]"
2019-06-28 15:54:00,ASK_DEPTH,"[(99377, 556)]"
2019-06-28 15:54:00,IMBALANCE,"[484, 556]"
2019-06-28 15:54:00,HOLDINGS_UPDATED,"{'CASH': -2681585, 'JPM': 112}"
2019-06-28 15:55:00,BID_DEPTH,"[(99304, 481)]"
2019-06-28 15:55:00,ASK_DEPTH,"[(99377, 553)]"
2019-06-28 15:55:00,IMBALANCE,"[481, 553]"
2019-06-28 15:55:00,HOLDINGS_UPDATED,"{'CASH': -1986457, 'JPM': 105}"
2019-06-28 15:56:00,BID_DEPTH,"[(99035, 139)]"
2019-06-28 15:56:00,ASK_DEPTH,"[(99166, 214)]"
2019-06-28 15:56:00,IMBALANCE,"[139, 214]"
2019-06-28 15:56:00,HOLDINGS_UPDATED,"{'CASH': -1293212, 'JPM': 98}"
2019-06-28 15:57:00,BID_DEPTH,"[(99019, 481)]"
2019-06-28 15:57:00,ASK_DEPTH,"[(99176, 556)]"
2019-06-28 15:57:00,IMBALANCE,"[481, 556]"
2019-06-28 15:57:00,HOLDINGS_UPDATED,"{'CASH': -600079, 'JPM': 91}"
2019-06-28 15:58:00,BID_DEPTH,"[(99003, 116)]"
2019-06-28 15:58:00,ASK_DEPTH,"[(99160, 191)]"
2019-06-28 15:58:00,IMBALANCE,"[116, 191]"
2019-06-28 15:58:00,HOLDINGS_UPDATED,"{'CASH': 92942, 'JPM': 84}"
2019-06-28 15:59:00,BID_DEPTH,"[(99030, 481)]"
2019-06-28 15:59:00,ASK_DEPTH,"[(99160, 553)]"
2019-06-28 15:59:00,IMBALANCE,"[481, 553]"
2019-06-28 15:59:00,HOLDINGS_UPDATED,"{'CASH': 786152, 'JPM': 77}"
2019-06-28 16:00:00,BID_DEPTH,"[(98979, 180)]"
2019-06-28 16:00:00,ASK_DEPTH,"[(99160, 249)]"
2019-06-28 16:00:00,IMBALANCE,"[180, 249]"
2019-06-28 16:00:00,HOLDINGS_UPDATED,"{'CASH': 1479005, 'JPM': 70}"
2019-06-28 16:01:00,BID_DEPTH,"[(98979, 149)]"
2019-06-28 16:01:00,ASK_DEPTH,"[(99160, 246)]"
2019-06-28 16:01:00,IMBALANCE,"[149, 246]"
2019-06-28 16:01:00,MKT_CLOSED,
2019-06-28 16:01:00,FINAL_HOLDINGS,"{ JPM: 70, CASH: 1479005 }"
2019-06-28 16:01:00,FINAL_CASH_POSITION,1479005
2019-06-28 16:01:00,MARK_TO_MARKET,70 JPM @ 99160 == 6941200
2019-06-28 16:01:00,MARKED_TO_MARKET,8420205
2019-06-28 16:01:00,ENDING_CASH,8420205
