EventTime,EventType,Event
,AGENT_TYPE,MomentumAgent
,STARTING_CASH,10000000
2019-06-28 09:30:00,HOLDINGS_UPDATED,{'CASH': 10000000}
2019-06-28 09:31:00,BID_DEPTH,"[(100000, 170)]"
2019-06-28 09:31:00,ASK_DEPTH,"[(100030, 370)]"
2019-06-28 09:31:00,IMBALANCE,"[170, 370]"
2019-06-28 09:32:00,BID_DEPTH,"[(100000, 170)]"
2019-06-28 09:32:00,ASK_DEPTH,"[(100030, 370)]"
2019-06-28 09:32:00,IMBALANCE,"[170, 370]"
2019-06-28 09:33:00,BID_DEPTH,"[(99999, 170)]"
2019-06-28 09:33:00,ASK_DEPTH,"[(100000, 75)]"
2019-06-28 09:33:00,IMBALANCE,"[170, 75]"
2019-06-28 09:34:00,BID_DEPTH,"[(99968, 156)]"
2019-06-28 09:34:00,ASK_DEPTH,"[(100000, 61)]"
2019-06-28 09:34:00,IMBALANCE,"[156, 61]"
2019-06-28 09:35:00,BID_DEPTH,"[(99958, 380)]"
2019-06-28 09:35:00,ASK_DEPTH,"[(99972, 380)]"
2019-06-28 09:35:00,IMBALANCE,"[380, 380]"
2019-06-28 09:36:00,BID_DEPTH,"[(99958, 195)]"
2019-06-28 09:36:00,ASK_DEPTH,"[(99972, 295)]"
2019-06-28 09:36:00,IMBALANCE,"[195, 295]"
2019-06-28 09:37:00,BID_DEPTH,"[(99972, 310)]"
2019-06-28 09:37:00,ASK_DEPTH,"[(99994, 380)]"
2019-06-28 09:37:00,IMBALANCE,"[310, 380]"
2019-06-28 09:38:00,BID_DEPTH,"[(99950, 156)]"
2019-06-28 09:38:00,ASK_DEPTH,"[(99977, 156)]"
2019-06-28 09:38:00,IMBALANCE,"[156, 156]"
2019-06-28 09:39:00,BID_DEPTH,"[(99950, 170)]"
2019-06-28 09:39:00,ASK_DEPTH,"[(99999, 270)]"
2019-06-28 09:39:00,IMBALANCE,"[170, 270]"
2019-06-28 09:40:00,BID_DEPTH,"[(99951, 240)]"
2019-06-28 09:40:00,ASK_DEPTH,"[(100000, 145)]"
2019-06-28 09:40:00,IMBALANCE,"[240, 145]"
2019-06-28 09:41:00,BID_DEPTH,"[(99951, 240)]"
2019-06-28 09:41:00,ASK_DEPTH,"[(100046, 340)]"
2019-06-28 09:41:00,IMBALANCE,"[240, 340]"
2019-06-28 09:42:00,BID_DEPTH,"[(99951, 380)]"
2019-06-28 09:42:00,ASK_DEPTH,"[(100046, 480)]"
2019-06-28 09:42:00,IMBALANCE,"[380, 480]"
2019-06-28 09:43:00,BID_DEPTH,"[(99951, 195)]"
2019-06-28 09:43:00,ASK_DEPTH,"[(100039, 395)]"
2019-06-28 09:43:00,IMBALANCE,"[195, 395]"
2019-06-28 09:44:00,BID_DEPTH,"[(99899, 380)]"
2019-06-28 09:44:00,ASK_DEPTH,"[(100039, 780)]"
2019-06-28 09:44:00,IMBALANCE,"[380, 780]"
2019-06-28 09:45:00,BID_DEPTH,"[(99870, 170)]"
2019-06-28 09:45:00,ASK_DEPTH,"[(100039, 570)]"
2019-06-28 09:45:00,IMBALANCE,"[170, 570]"
2019-06-28 09:46:00,BID_DEPTH,"[(99855, 170)]"
2019-06-28 09:46:00,ASK_DEPTH,"[(99886, 170)]"
2019-06-28 09:46:00,IMBALANCE,"[170, 170]"
2019-06-28 09:47:00,BID_DEPTH,"[(99855, 195)]"
2019-06-28 09:47:00,ASK_DEPTH,"[(99886, 195)]"
2019-06-28 09:47:00,IMBALANCE,"[195, 195]"
2019-06-28 09:48:00,BID_DEPTH,"[(99855, 240)]"
2019-06-28 09:48:00,ASK_DEPTH,"[(99886, 240)]"
2019-06-28 09:48:00,IMBALANCE,"[240, 240]"
2019-06-28 09:49:00,BID_DEPTH,"[(99830, 156)]"
2019-06-28 09:49:00,ASK_DEPTH,"[(99886, 156)]"
2019-06-28 09:49:00,IMBALANCE,"[156, 156]"
2019-06-28 09:50:00,BID_DEPTH,"[(99830, 380)]"
2019-06-28 09:50:00,ASK_DEPTH,"[(99870, 380)]"
2019-06-28 09:50:00,IMBALANCE,"[380, 380]"
2019-06-28 09:51:00,BID_DEPTH,"[(99819, 380)]"
2019-06-28 09:51:00,ASK_DEPTH,"[(99855, 480)]"
2019-06-28 09:51:00,IMBALANCE,"[380, 480]"
2019-06-28 09:52:00,BID_DEPTH,"[(99819, 240)]"
2019-06-28 09:52:00,ASK_DEPTH,"[(99855, 440)]"
2019-06-28 09:52:00,IMBALANCE,"[240, 440]"
2019-06-28 09:53:00,BID_DEPTH,"[(99337, 380)]"
2019-06-28 09:53:00,ASK_DEPTH,"[(99674, 380)]"
2019-06-28 09:53:00,IMBALANCE,"[380, 380]"
2019-06-28 09:54:00,BID_DEPTH,"[(97986, 195)]"
2019-06-28 09:54:00,ASK_DEPTH,"[(98433, 195)]"
2019-06-28 09:54:00,IMBALANCE,"[195, 195]"
2019-06-28 09:55:00,BID_DEPTH,"[(98293, 380)]"
2019-06-28 09:55:00,ASK_DEPTH,"[(98729, 380)]"
2019-06-28 09:55:00,IMBALANCE,"[380, 380]"
2019-06-28 09:56:00,BID_DEPTH,"[(98433, 195)]"
2019-06-28 09:56:00,ASK_DEPTH,"[(98729, 195)]"
2019-06-28 09:56:00,IMBALANCE,"[195, 195]"
2019-06-28 09:57:00,BID_DEPTH,"[(98654, 170)]"
2019-06-28 09:57:00,ASK_DEPTH,"[(98845, 170)]"
2019-06-28 09:57:00,IMBALANCE,"[170, 170]"
2019-06-28 09:58:00,BID_DEPTH,"[(98558, 195)]"
2019-06-28 09:58:00,ASK_DEPTH,"[(98686, 195)]"
2019-06-28 09:58:00,IMBALANCE,"[195, 195]"
2019-06-28 09:59:00,BID_DEPTH,"[(98434, 380)]"
2019-06-28 09:59:00,ASK_DEPTH,"[(98654, 380)]"
2019-06-28 09:59:00,IMBALANCE,"[380, 380]"
2019-06-28 10:00:00,BID_DEPTH,"[(98273, 170)]"
2019-06-28 10:00:00,ASK_DEPTH,"[(98654, 270)]"
2019-06-28 10:00:00,IMBALANCE,"[170, 270]"
2019-06-28 10:01:00,BID_DEPTH,"[(98327, 195)]"
2019-06-28 10:01:00,ASK_DEPTH,"[(98441, 195)]"
2019-06-28 10:01:00,IMBALANCE,"[195, 195]"
2019-06-28 10:02:00,BID_DEPTH,"[(98441, 285)]"
2019-06-28 10:02:00,ASK_DEPTH,"[(98654, 380)]"
2019-06-28 10:02:00,IMBALANCE,"[285, 380]"
2019-06-28 10:03:00,BID_DEPTH,"[(98534, 195)]"
2019-06-28 10:03:00,ASK_DEPTH,"[(98845, 195)]"
2019-06-28 10:03:00,IMBALANCE,"[195, 195]"
2019-06-28 10:04:00,BID_DEPTH,"[(98534, 156)]"
2019-06-28 10:04:00,ASK_DEPTH,"[(98853, 156)]"
2019-06-28 10:04:00,IMBALANCE,"[156, 156]"
2019-06-28 10:05:00,BID_DEPTH,"[(98534, 240)]"
2019-06-28 10:05:00,ASK_DEPTH,"[(98853, 240)]"
2019-06-28 10:05:00,IMBALANCE,"[240, 240]"
2019-06-28 10:06:00,BID_DEPTH,"[(98845, 380)]"
2019-06-28 10:06:00,ASK_DEPTH,"[(99014, 380)]"
2019-06-28 10:06:00,IMBALANCE,"[380, 380]"
2019-06-28 10:07:00,BID_DEPTH,"[(98845, 240)]"
2019-06-28 10:07:00,ASK_DEPTH,"[(99048, 240)]"
2019-06-28 10:07:00,IMBALANCE,"[240, 240]"
2019-06-28 10:08:00,BID_DEPTH,"[(99048, 156)]"
2019-06-28 10:08:00,ASK_DEPTH,"[(99060, 156)]"
2019-06-28 10:08:00,IMBALANCE,"[156, 156]"
2019-06-28 10:09:00,BID_DEPTH,"[(98944, 156)]"
2019-06-28 10:09:00,ASK_DEPTH,"[(99337, 156)]"
2019-06-28 10:09:00,IMBALANCE,"[156, 156]"
2019-06-28 10:10:00,BID_DEPTH,"[(99327, 380)]"
2019-06-28 10:10:00,ASK_DEPTH,"[(99342, 380)]"
2019-06-28 10:10:00,IMBALANCE,"[380, 380]"
2019-06-28 10:11:00,BID_DEPTH,"[(99342, 195)]"
2019-06-28 10:11:00,ASK_DEPTH,"[(99508, 195)]"
2019-06-28 10:11:00,IMBALANCE,"[195, 195]"
2019-06-28 10:12:00,BID_DEPTH,"[(99342, 480)]"
2019-06-28 10:12:00,ASK_DEPTH,"[(99590, 380)]"
2019-06-28 10:12:00,IMBALANCE,"[480, 380]"
2019-06-28 10:13:00,BID_DEPTH,"[(99342, 295)]"
2019-06-28 10:13:00,ASK_DEPTH,"[(99590, 195)]"
2019-06-28 10:13:00,IMBALANCE,"[295, 195]"
2019-06-28 10:14:00,BID_DEPTH,"[(99342, 340)]"
2019-06-28 10:14:00,ASK_DEPTH,"[(99379, 240)]"
2019-06-28 10:14:00,IMBALANCE,"[340, 240]"
2019-06-28 10:15:00,BID_DEPTH,"[(99379, 270)]"
2019-06-28 10:15:00,ASK_DEPTH,"[(99590, 170)]"
2019-06-28 10:15:00,IMBALANCE,"[270, 170]"
2019-06-28 10:16:00,BID_DEPTH,"[(99379, 340)]"
2019-06-28 10:16:00,ASK_DEPTH,"[(99590, 240)]"
2019-06-28 10:16:00,IMBALANCE,"[340, 240]"
2019-06-28 10:17:00,BID_DEPTH,"[(99379, 256)]"
2019-06-28 10:17:00,ASK_DEPTH,"[(99384, 156)]"
2019-06-28 10:17:00,IMBALANCE,"[256, 156]"
2019-06-28 10:18:00,BID_DEPTH,"[(99379, 580)]"
2019-06-28 10:18:00,ASK_DEPTH,"[(99505, 380)]"
2019-06-28 10:18:00,IMBALANCE,"[580, 380]"
2019-06-28 10:19:00,BID_DEPTH,"[(99380, 480)]"
2019-06-28 10:19:00,ASK_DEPTH,"[(99505, 380)]"
2019-06-28 10:19:00,IMBALANCE,"[480, 380]"
2019-06-28 10:20:00,BID_DEPTH,"[(99505, 170)]"
2019-06-28 10:20:00,ASK_DEPTH,"[(99600, 170)]"
2019-06-28 10:20:00,IMBALANCE,"[170, 170]"
2019-06-28 10:21:00,BID_DEPTH,"[(99584, 331)]"
2019-06-28 10:21:00,ASK_DEPTH,"[(99600, 380)]"
2019-06-28 10:21:00,IMBALANCE,"[331, 380]"
2019-06-28 10:21:00,HOLDINGS_UPDATED,"{'CASH': 10398336, 'JPM': -4}"
2019-06-28 10:22:00,BID_DEPTH,"[(99505, 331)]"
2019-06-28 10:22:00,ASK_DEPTH,"[(99730, 380)]"
2019-06-28 10:22:00,IMBALANCE,"[331, 380]"
2019-06-28 10:22:00,HOLDINGS_UPDATED,"{'CASH': 10796356, 'JPM': -8}"
2019-06-28 10:23:00,BID_DEPTH,"[(99645, 107)]"
2019-06-28 10:23:00,ASK_DEPTH,"[(99730, 156)]"
2019-06-28 10:23:00,IMBALANCE,"[107, 156]"
2019-06-28 10:23:00,HOLDINGS_UPDATED,"{'CASH': 11194936, 'JPM': -12}"
2019-06-28 10:24:00,BID_DEPTH,"[(99505, 221)]"
2019-06-28 10:24:00,ASK_DEPTH,"[(99542, 170)]"
2019-06-28 10:24:00,IMBALANCE,"[221, 170]"
2019-06-28 10:24:00,HOLDINGS_UPDATED,"{'CASH': 11592956, 'JPM': -16}"
2019-06-28 10:25:00,BID_DEPTH,"[(99505, 259)]"
2019-06-28 10:25:00,ASK_DEPTH,"[(99730, 121)]"
2019-06-28 10:25:00,IMBALANCE,"[259, 121]"
2019-06-28 10:25:00,HOLDINGS_UPDATED,"{'CASH': 11194036, 'JPM': -12}"
2019-06-28 10:26:00,BID_DEPTH,"[(99505, 259)]"
2019-06-28 10:26:00,ASK_DEPTH,"[(99750, 121)]"
2019-06-28 10:26:00,IMBALANCE,"[259, 121]"
2019-06-28 10:26:00,HOLDINGS_UPDATED,"{'CASH': 10795036, 'JPM': -8}"
2019-06-28 10:27:00,BID_DEPTH,"[(99505, 284)]"
2019-06-28 10:27:00,ASK_DEPTH,"[(99843, 146)]"
2019-06-28 10:27:00,IMBALANCE,"[284, 146]"
2019-06-28 10:27:00,HOLDINGS_UPDATED,"{'CASH': 10395664, 'JPM': -4}"
2019-06-28 10:28:00,BID_DEPTH,"[(99505, 329)]"
2019-06-28 10:28:00,ASK_DEPTH,"[(99930, 191)]"
2019-06-28 10:28:00,IMBALANCE,"[329, 191]"
2019-06-28 10:28:00,HOLDINGS_UPDATED,{'CASH': 9995944}
2019-06-28 10:29:00,BID_DEPTH,"[(99930, 170)]"
2019-06-28 10:29:00,ASK_DEPTH,"[(100010, 121)]"
2019-06-28 10:29:00,IMBALANCE,"[170, 121]"
2019-06-28 10:29:00,HOLDINGS_UPDATED,"{'CASH': 9595904, 'JPM': 4}"
2019-06-28 10:30:00,BID_DEPTH,"[(99930, 195)]"
2019-06-28 10:30:00,ASK_DEPTH,"[(100039, 146)]"
2019-06-28 10:30:00,IMBALANCE,"[195, 146]"
2019-06-28 10:30:00,HOLDINGS_UPDATED,"{'CASH': 9195748, 'JPM': 8}"
2019-06-28 10:31:00,BID_DEPTH,"[(99957, 170)]"
2019-06-28 10:31:00,ASK_DEPTH,"[(100068, 121)]"
2019-06-28 10:31:00,IMBALANCE,"[170, 121]"
2019-06-28 10:31:00,HOLDINGS_UPDATED,"{'CASH': 8795476, 'JPM': 12}"
2019-06-28 10:32:00,BID_DEPTH,"[(99957, 156)]"
2019-06-28 10:32:00,ASK_DEPTH,"[(100201, 107)]"
2019-06-28 10:32:00,IMBALANCE,"[156, 107]"
2019-06-28 10:32:00,HOLDINGS_UPDATED,"{'CASH': 8394672, 'JPM': 16}"
2019-06-28 10:33:00,BID_DEPTH,"[(100201, 380)]"
2019-06-28 10:33:00,ASK_DEPTH,"[(100434, 331)]"
2019-06-28 10:33:00,IMBALANCE,"[380, 331]"
2019-06-28 10:33:00,HOLDINGS_UPDATED,"{'CASH': 7992936, 'JPM': 20}"
2019-06-28 10:34:00,BID_DEPTH,"[(100434, 380)]"
2019-06-28 10:34:00,ASK_DEPTH,"[(100476, 331)]"
2019-06-28 10:34:00,IMBALANCE,"[380, 331]"
2019-06-28 10:34:00,HOLDINGS_UPDATED,"{'CASH': 7591032, 'JPM': 24}"
2019-06-28 10:35:00,BID_DEPTH,"[(100434, 240)]"
2019-06-28 10:35:00,ASK_DEPTH,"[(100476, 291)]"
2019-06-28 10:35:00,IMBALANCE,"[240, 291]"
2019-06-28 10:35:00,HOLDINGS_UPDATED,"{'CASH': 7189128, 'JPM': 28}"
2019-06-28 10:36:00,BID_DEPTH,"[(100476, 156)]"
2019-06-28 10:36:00,ASK_DEPTH,"[(100486, 107)]"
2019-06-28 10:36:00,IMBALANCE,"[156, 107]"
2019-06-28 10:36:00,HOLDINGS_UPDATED,"{'CASH': 6787184, 'JPM': 32}"
2019-06-28 10:37:00,BID_DEPTH,"[(100486, 125)]"
2019-06-28 10:37:00,ASK_DEPTH,"[(100597, 121)]"
2019-06-28 10:37:00,IMBALANCE,"[125, 121]"
2019-06-28 10:37:00,HOLDINGS_UPDATED,"{'CASH': 6384796, 'JPM': 36}"
2019-06-28 10:38:00,BID_DEPTH,"[(100597, 281)]"
2019-06-28 10:38:00,ASK_DEPTH,"[(100893, 191)]"
2019-06-28 10:38:00,IMBALANCE,"[281, 191]"
2019-06-28 10:38:00,HOLDINGS_UPDATED,"{'CASH': 5981224, 'JPM': 40}"
2019-06-28 10:39:00,BID_DEPTH,"[(100597, 211)]"
2019-06-28 10:39:00,ASK_DEPTH,"[(100941, 121)]"
2019-06-28 10:39:00,IMBALANCE,"[211, 121]"
2019-06-28 10:39:00,HOLDINGS_UPDATED,"{'CASH': 5577460, 'JPM': 44}"
2019-06-28 10:40:00,BID_DEPTH,"[(100597, 236)]"
2019-06-28 10:40:00,ASK_DEPTH,"[(100941, 146)]"
2019-06-28 10:40:00,IMBALANCE,"[236, 146]"
2019-06-28 10:40:00,HOLDINGS_UPDATED,"{'CASH': 5173696, 'JPM': 48}"
2019-06-28 10:41:00,BID_DEPTH,"[(101011, 195)]"
2019-06-28 10:41:00,ASK_DEPTH,"[(101057, 146)]"
2019-06-28 10:41:00,IMBALANCE,"[195, 146]"
2019-06-28 10:41:00,HOLDINGS_UPDATED,"{'CASH': 4769468, 'JPM': 52}"
2019-06-28 10:42:00,BID_DEPTH,"[(101011, 170)]"
2019-06-28 10:42:00,ASK_DEPTH,"[(101057, 121)]"
2019-06-28 10:42:00,IMBALANCE,"[170, 121]"
2019-06-28 10:42:00,HOLDINGS_UPDATED,"{'CASH': 4365240, 'JPM': 56}"
2019-06-28 10:43:00,BID_DEPTH,"[(100651, 195)]"
2019-06-28 10:43:00,ASK_DEPTH,"[(101056, 146)]"
2019-06-28 10:43:00,IMBALANCE,"[195, 146]"
2019-06-28 10:43:00,HOLDINGS_UPDATED,"{'CASH': 3961016, 'JPM': 60}"
2019-06-28 10:44:00,BID_DEPTH,"[(100651, 240)]"
2019-06-28 10:44:00,ASK_DEPTH,"[(101056, 291)]"
2019-06-28 10:44:00,IMBALANCE,"[240, 291]"
2019-06-28 10:44:00,HOLDINGS_UPDATED,"{'CASH': 3556792, 'JPM': 64}"
2019-06-28 10:45:00,BID_DEPTH,"[(100597, 281)]"
2019-06-28 10:45:00,ASK_DEPTH,"[(101056, 380)]"
2019-06-28 10:45:00,IMBALANCE,"[281, 380]"
2019-06-28 10:45:00,HOLDINGS_UPDATED,"{'CASH': 3152568, 'JPM': 68}"
2019-06-28 10:46:00,BID_DEPTH,"[(100477, 380)]"
2019-06-28 10:46:00,ASK_DEPTH,"[(101056, 409)]"
2019-06-28 10:46:00,IMBALANCE,"[380, 409]"
2019-06-28 10:46:00,HOLDINGS_UPDATED,"{'CASH': 2748344, 'JPM': 72}"
2019-06-28 10:47:00,BID_DEPTH,"[(100476, 170)]"
2019-06-28 10:47:00,ASK_DEPTH,"[(101055, 121)]"
2019-06-28 10:47:00,IMBALANCE,"[170, 121]"
2019-06-28 10:47:00,HOLDINGS_UPDATED,"{'CASH': 2344124, 'JPM': 76}"
2019-06-28 10:48:00,BID_DEPTH,"[(100184, 380)]"
2019-06-28 10:48:00,ASK_DEPTH,"[(101054, 331)]"
2019-06-28 10:48:00,IMBALANCE,"[380, 331]"
2019-06-28 10:48:00,HOLDINGS_UPDATED,"{'CASH': 1939908, 'JPM': 80}"
2019-06-28 10:49:00,BID_DEPTH,"[(99331, 170)]"
2019-06-28 10:49:00,ASK_DEPTH,"[(101055, 121)]"
2019-06-28 10:49:00,IMBALANCE,"[170, 121]"
2019-06-28 10:49:00,HOLDINGS_UPDATED,"{'CASH': 1535688, 'JPM': 84}"
2019-06-28 10:50:00,BID_DEPTH,"[(99196, 380)]"
2019-06-28 10:50:00,ASK_DEPTH,"[(101054, 331)]"
2019-06-28 10:50:00,IMBALANCE,"[380, 331]"
2019-06-28 10:50:00,HOLDINGS_UPDATED,"{'CASH': 1131472, 'JPM': 88}"
2019-06-28 10:51:00,BID_DEPTH,"[(98451, 195)]"
2019-06-28 10:51:00,ASK_DEPTH,"[(101054, 146)]"
2019-06-28 10:51:00,IMBALANCE,"[195, 146]"
2019-06-28 10:51:00,HOLDINGS_UPDATED,"{'CASH': 727256, 'JPM': 92}"
2019-06-28 10:52:00,BID_DEPTH,"[(99113, 170)]"
2019-06-28 10:52:00,ASK_DEPTH,"[(101055, 121)]"
2019-06-28 10:52:00,IMBALANCE,"[170, 121]"
2019-06-28 10:52:00,HOLDINGS_UPDATED,"{'CASH': 323036, 'JPM': 96}"
2019-06-28 10:53:00,BID_DEPTH,"[(99155, 240)]"
2019-06-28 10:53:00,ASK_DEPTH,"[(99359, 191)]"
2019-06-28 10:53:00,IMBALANCE,"[240, 191]"
2019-06-28 10:53:00,HOLDINGS_UPDATED,"{'CASH': -74400, 'JPM': 100}"
2019-06-28 10:54:00,BID_DEPTH,"[(99360, 195)]"
2019-06-28 10:54:00,ASK_DEPTH,"[(99486, 146)]"
2019-06-28 10:54:00,IMBALANCE,"[195, 146]"
2019-06-28 10:54:00,HOLDINGS_UPDATED,"{'CASH': -472344, 'JPM': 104}"
2019-06-28 10:55:00,BID_DEPTH,"[(99984, 380)]"
2019-06-28 10:55:00,ASK_DEPTH,"[(101055, 331)]"
2019-06-28 10:55:00,IMBALANCE,"[380, 331]"
2019-06-28 10:55:00,HOLDINGS_UPDATED,"{'CASH': -876564, 'JPM': 108}"
2019-06-28 10:56:00,BID_DEPTH,"[(99779, 380)]"
2019-06-28 10:56:00,ASK_DEPTH,"[(100210, 331)]"
2019-06-28 10:56:00,IMBALANCE,"[380, 331]"
2019-06-28 10:56:00,HOLDINGS_UPDATED,"{'CASH': -1277404, 'JPM': 112}"
2019-06-28 10:57:00,BID_DEPTH,"[(100210, 240)]"
2019-06-28 10:57:00,ASK_DEPTH,"[(100513, 191)]"
2019-06-28 10:57:00,IMBALANCE,"[240, 191]"
2019-06-28 10:57:00,HOLDINGS_UPDATED,"{'CASH': -1679456, 'JPM': 116}"
2019-06-28 10:58:00,BID_DEPTH,"[(100494, 156)]"
2019-06-28 10:58:00,ASK_DEPTH,"[(100577, 107)]"
2019-06-28 10:58:00,IMBALANCE,"[156, 107]"
2019-06-28 10:58:00,HOLDINGS_UPDATED,"{'CASH': -2081764, 'JPM': 120}"
2019-06-28 10:59:00,BID_DEPTH,"[(100210, 170)]"
2019-06-28 10:59:00,ASK_DEPTH,"[(100642, 121)]"
2019-06-28 10:59:00,IMBALANCE,"[170, 121]"
2019-06-28 10:59:00,HOLDINGS_UPDATED,"{'CASH': -2484332, 'JPM': 124}"
2019-06-28 11:00:00,BID_DEPTH,"[(100210, 380)]"
2019-06-28 11:00:00,ASK_DEPTH,"[(100761, 331)]"
2019-06-28 11:00:00,IMBALANCE,"[380, 331]"
2019-06-28 11:00:00,HOLDINGS_UPDATED,"{'CASH': -2887376, 'JPM': 128}"
2019-06-28 11:01:00,BID_DEPTH,"[(100140, 170)]"
2019-06-28 11:01:00,ASK_DEPTH,"[(101057, 121)]"
2019-06-28 11:01:00,IMBALANCE,"[170, 121]"
2019-06-28 11:01:00,HOLDINGS_UPDATED,"{'CASH': -3291604, 'JPM': 132}"
2019-06-28 11:02:00,BID_DEPTH,"[(100140, 380)]"
2019-06-28 11:02:00,ASK_DEPTH,"[(101057, 331)]"
2019-06-28 11:02:00,IMBALANCE,"[380, 331]"
2019-06-28 11:02:00,HOLDINGS_UPDATED,"{'CASH': -3695832, 'JPM': 136}"
2019-06-28 11:03:00,BID_DEPTH,"[(99779, 170)]"
2019-06-28 11:03:00,ASK_DEPTH,"[(100140, 121)]"
2019-06-28 11:03:00,IMBALANCE,"[170, 121]"
2019-06-28 11:03:00,HOLDINGS_UPDATED,"{'CASH': -4096392, 'JPM': 140}"
2019-06-28 11:04:00,BID_DEPTH,"[(99779, 195)]"
2019-06-28 11:04:00,ASK_DEPTH,"[(100140, 146)]"
2019-06-28 11:04:00,IMBALANCE,"[195, 146]"
2019-06-28 11:04:00,HOLDINGS_UPDATED,"{'CASH': -4496952, 'JPM': 144}"
2019-06-28 11:05:00,BID_DEPTH,"[(99779, 195)]"
2019-06-28 11:05:00,ASK_DEPTH,"[(100091, 146)]"
2019-06-28 11:05:00,IMBALANCE,"[195, 146]"
2019-06-28 11:05:00,HOLDINGS_UPDATED,"{'CASH': -4897316, 'JPM': 148}"
2019-06-28 11:06:00,BID_DEPTH,"[(99875, 240)]"
2019-06-28 11:06:00,ASK_DEPTH,"[(100140, 291)]"
2019-06-28 11:06:00,IMBALANCE,"[240, 291]"
2019-06-28 11:06:00,HOLDINGS_UPDATED,"{'CASH': -5297876, 'JPM': 152}"
2019-06-28 11:07:00,BID_DEPTH,"[(100116, 121)]"
2019-06-28 11:07:00,ASK_DEPTH,"[(100256, 170)]"
2019-06-28 11:07:00,IMBALANCE,"[121, 170]"
2019-06-28 11:07:00,HOLDINGS_UPDATED,"{'CASH': -4897412, 'JPM': 148}"
2019-06-28 11:08:00,BID_DEPTH,"[(100030, 121)]"
2019-06-28 11:08:00,ASK_DEPTH,"[(100087, 170)]"
2019-06-28 11:08:00,IMBALANCE,"[121, 170]"
2019-06-28 11:08:00,HOLDINGS_UPDATED,"{'CASH': -4497292, 'JPM': 144}"
2019-06-28 11:09:00,BID_DEPTH,"[(100017, 191)]"
2019-06-28 11:09:00,ASK_DEPTH,"[(100087, 240)]"
2019-06-28 11:09:00,IMBALANCE,"[191, 240]"
2019-06-28 11:09:00,HOLDINGS_UPDATED,"{'CASH': -4097224, 'JPM': 140}"
2019-06-28 11:10:00,BID_DEPTH,"[(99983, 191)]"
2019-06-28 11:10:00,ASK_DEPTH,"[(100087, 240)]"
2019-06-28 11:10:00,IMBALANCE,"[191, 240]"
2019-06-28 11:10:00,HOLDINGS_UPDATED,"{'CASH': -3697292, 'JPM': 136}"
2019-06-28 11:11:00,BID_DEPTH,"[(99982, 146)]"
2019-06-28 11:11:00,ASK_DEPTH,"[(100087, 195)]"
2019-06-28 11:11:00,IMBALANCE,"[146, 195]"
2019-06-28 11:11:00,HOLDINGS_UPDATED,"{'CASH': -3297364, 'JPM': 132}"
2019-06-28 11:12:00,BID_DEPTH,"[(99778, 331)]"
2019-06-28 11:12:00,ASK_DEPTH,"[(99873, 380)]"
2019-06-28 11:12:00,IMBALANCE,"[331, 380]"
2019-06-28 11:12:00,HOLDINGS_UPDATED,"{'CASH': -2898252, 'JPM': 128}"
2019-06-28 11:13:00,BID_DEPTH,"[(99710, 146)]"
2019-06-28 11:13:00,ASK_DEPTH,"[(99872, 195)]"
2019-06-28 11:13:00,IMBALANCE,"[146, 195]"
2019-06-28 11:13:00,HOLDINGS_UPDATED,"{'CASH': -2499412, 'JPM': 124}"
2019-06-28 11:14:00,BID_DEPTH,"[(99649, 146)]"
2019-06-28 11:14:00,ASK_DEPTH,"[(99872, 194)]"
2019-06-28 11:14:00,IMBALANCE,"[146, 194]"
2019-06-28 11:14:00,HOLDINGS_UPDATED,"{'CASH': -2100816, 'JPM': 120}"
2019-06-28 11:15:00,BID_DEPTH,"[(99611, 146)]"
2019-06-28 11:15:00,ASK_DEPTH,"[(99871, 195)]"
2019-06-28 11:15:00,IMBALANCE,"[146, 195]"
2019-06-28 11:15:00,HOLDINGS_UPDATED,"{'CASH': -1702372, 'JPM': 116}"
2019-06-28 11:16:00,BID_DEPTH,"[(99545, 331)]"
2019-06-28 11:16:00,ASK_DEPTH,"[(99871, 479)]"
2019-06-28 11:16:00,IMBALANCE,"[331, 479]"
2019-06-28 11:16:00,HOLDINGS_UPDATED,"{'CASH': -1304192, 'JPM': 112}"
2019-06-28 11:17:00,BID_DEPTH,"[(99512, 121)]"
2019-06-28 11:17:00,ASK_DEPTH,"[(99712, 170)]"
2019-06-28 11:17:00,IMBALANCE,"[121, 170]"
2019-06-28 11:17:00,HOLDINGS_UPDATED,"{'CASH': -906144, 'JPM': 108}"
2019-06-28 11:18:00,BID_DEPTH,"[(99472, 331)]"
2019-06-28 11:18:00,ASK_DEPTH,"[(99505, 380)]"
2019-06-28 11:18:00,IMBALANCE,"[331, 380]"
2019-06-28 11:18:00,HOLDINGS_UPDATED,"{'CASH': -508256, 'JPM': 104}"
2019-06-28 11:19:00,BID_DEPTH,"[(99056, 107)]"
2019-06-28 11:19:00,ASK_DEPTH,"[(99441, 156)]"
2019-06-28 11:19:00,IMBALANCE,"[107, 156]"
2019-06-28 11:19:00,HOLDINGS_UPDATED,"{'CASH': -112032, 'JPM': 100}"
2019-06-28 11:20:00,BID_DEPTH,"[(99355, 331)]"
2019-06-28 11:20:00,ASK_DEPTH,"[(99441, 379)]"
2019-06-28 11:20:00,IMBALANCE,"[331, 379]"
2019-06-28 11:20:00,HOLDINGS_UPDATED,"{'CASH': 285388, 'JPM': 96}"
2019-06-28 11:21:00,BID_DEPTH,"[(99441, 146)]"
2019-06-28 11:21:00,ASK_DEPTH,"[(99533, 195)]"
2019-06-28 11:21:00,IMBALANCE,"[146, 195]"
2019-06-28 11:21:00,HOLDINGS_UPDATED,"{'CASH': 683152, 'JPM': 92}"
2019-06-28 11:22:00,BID_DEPTH,"[(99441, 107)]"
2019-06-28 11:22:00,ASK_DEPTH,"[(99533, 156)]"
2019-06-28 11:22:00,IMBALANCE,"[107, 156]"
2019-06-28 11:22:00,HOLDINGS_UPDATED,"{'CASH': 1080916, 'JPM': 88}"
2019-06-28 11:23:00,BID_DEPTH,"[(99422, 121)]"
2019-06-28 11:23:00,ASK_DEPTH,"[(99712, 169)]"
2019-06-28 11:23:00,IMBALANCE,"[121, 169]"
2019-06-28 11:23:00,HOLDINGS_UPDATED,"{'CASH': 1478604, 'JPM': 84}"
2019-06-28 11:24:00,BID_DEPTH,"[(99346, 191)]"
2019-06-28 11:24:00,ASK_DEPTH,"[(99871, 240)]"
2019-06-28 11:24:00,IMBALANCE,"[191, 240]"
2019-06-28 11:24:00,HOLDINGS_UPDATED,"{'CASH': 1875988, 'JPM': 80}"
2019-06-28 11:25:00,BID_DEPTH,"[(99871, 191)]"
2019-06-28 11:25:00,ASK_DEPTH,"[(99873, 239)]"
2019-06-28 11:25:00,IMBALANCE,"[191, 239]"
2019-06-28 11:25:00,HOLDINGS_UPDATED,"{'CASH': 2275472, 'JPM': 76}"
2019-06-28 11:26:00,BID_DEPTH,"[(99873, 123)]"
2019-06-28 11:26:00,ASK_DEPTH,"[(99874, 240)]"
2019-06-28 11:26:00,IMBALANCE,"[123, 240]"
2019-06-28 11:26:00,HOLDINGS_UPDATED,"{'CASH': 2674964, 'JPM': 72}"
2019-06-28 11:27:00,BID_DEPTH,"[(99873, 191)]"
2019-06-28 11:27:00,ASK_DEPTH,"[(99900, 240)]"
2019-06-28 11:27:00,IMBALANCE,"[191, 240]"
2019-06-28 11:27:00,HOLDINGS_UPDATED,"{'CASH': 3074456, 'JPM': 68}"
2019-06-28 11:28:00,BID_DEPTH,"[(99873, 107)]"
2019-06-28 11:28:00,ASK_DEPTH,"[(99982, 72)]"
2019-06-28 11:28:00,IMBALANCE,"[107, 72]"
2019-06-28 11:28:00,HOLDINGS_UPDATED,"{'CASH': 3473948, 'JPM': 64}"
2019-06-28 11:29:00,BID_DEPTH,"[(98149, 331)]"
2019-06-28 11:29:00,ASK_DEPTH,"[(100087, 380)]"
2019-06-28 11:29:00,IMBALANCE,"[331, 380]"
2019-06-28 11:29:00,HOLDINGS_UPDATED,"{'CASH': 3866544, 'JPM': 60}"
2019-06-28 11:30:00,BID_DEPTH,[]
2019-06-28 11:30:00,ASK_DEPTH,"[(100116, 100)]"
2019-06-28 11:30:00,IMBALANCE,"[0, 100]"
2019-06-28 11:31:00,BID_DEPTH,"[(100092, 207)]"
2019-06-28 11:31:00,ASK_DEPTH,"[(101003, 156)]"
2019-06-28 11:31:00,IMBALANCE,"[207, 156]"
2019-06-28 11:31:00,HOLDINGS_UPDATED,"{'CASH': 4266912, 'JPM': 56}"
2019-06-28 11:32:00,BID_DEPTH,"[(100092, 234)]"
2019-06-28 11:32:00,ASK_DEPTH,"[(101273, 195)]"
2019-06-28 11:32:00,IMBALANCE,"[234, 195]"
2019-06-28 11:32:00,HOLDINGS_UPDATED,"{'CASH': 4667280, 'JPM': 52}"
2019-06-28 11:33:00,BID_DEPTH,"[(100093, 431)]"
2019-06-28 11:33:00,ASK_DEPTH,"[(101362, 380)]"
2019-06-28 11:33:00,IMBALANCE,"[431, 380]"
2019-06-28 11:33:00,HOLDINGS_UPDATED,"{'CASH': 5067652, 'JPM': 48}"
2019-06-28 11:34:00,BID_DEPTH,"[(101052, 146)]"
2019-06-28 11:34:00,ASK_DEPTH,"[(101362, 195)]"
2019-06-28 11:34:00,IMBALANCE,"[146, 195]"
2019-06-28 11:34:00,HOLDINGS_UPDATED,"{'CASH': 5471860, 'JPM': 44}"
2019-06-28 11:35:00,BID_DEPTH,"[(100694, 121)]"
2019-06-28 11:35:00,ASK_DEPTH,"[(100838, 170)]"
2019-06-28 11:35:00,IMBALANCE,"[121, 170]"
2019-06-28 11:35:00,HOLDINGS_UPDATED,"{'CASH': 5874636, 'JPM': 40}"
2019-06-28 11:36:00,BID_DEPTH,"[(100595, 146)]"
2019-06-28 11:36:00,ASK_DEPTH,"[(100694, 137)]"
2019-06-28 11:36:00,IMBALANCE,"[146, 137]"
2019-06-28 11:36:00,HOLDINGS_UPDATED,"{'CASH': 6277016, 'JPM': 36}"
2019-06-28 11:37:00,BID_DEPTH,"[(100093, 419)]"
2019-06-28 11:37:00,ASK_DEPTH,"[(100595, 597)]"
2019-06-28 11:37:00,IMBALANCE,"[419, 597]"
2019-06-28 11:37:00,HOLDINGS_UPDATED,"{'CASH': 6677388, 'JPM': 32}"
2019-06-28 11:38:00,BID_DEPTH,"[(100093, 167)]"
2019-06-28 11:38:00,ASK_DEPTH,"[(100595, 457)]"
2019-06-28 11:38:00,IMBALANCE,"[167, 457]"
2019-06-28 11:38:00,HOLDINGS_UPDATED,"{'CASH': 7077760, 'JPM': 28}"
2019-06-28 11:39:00,BID_DEPTH,"[(99930, 240)]"
2019-06-28 11:39:00,ASK_DEPTH,"[(100150, 191)]"
2019-06-28 11:39:00,IMBALANCE,"[240, 191]"
2019-06-28 11:39:00,HOLDINGS_UPDATED,"{'CASH': 6677160, 'JPM': 32}"
2019-06-28 11:40:00,BID_DEPTH,"[(99930, 379)]"
2019-06-28 11:40:00,ASK_DEPTH,"[(100152, 331)]"
2019-06-28 11:40:00,IMBALANCE,"[379, 331]"
2019-06-28 11:40:00,HOLDINGS_UPDATED,"{'CASH': 6276552, 'JPM': 36}"
2019-06-28 11:41:00,BID_DEPTH,"[(99930, 378)]"
2019-06-28 11:41:00,ASK_DEPTH,"[(100595, 548)]"
2019-06-28 11:41:00,IMBALANCE,"[378, 548]"
2019-06-28 11:41:00,HOLDINGS_UPDATED,"{'CASH': 5874172, 'JPM': 40}"
2019-06-28 11:42:00,BID_DEPTH,"[(100564, 380)]"
2019-06-28 11:42:00,ASK_DEPTH,"[(100595, 237)]"
2019-06-28 11:42:00,IMBALANCE,"[380, 237]"
2019-06-28 11:42:00,HOLDINGS_UPDATED,"{'CASH': 5471792, 'JPM': 44}"
2019-06-28 11:43:00,BID_DEPTH,"[(100564, 169)]"
2019-06-28 11:43:00,ASK_DEPTH,"[(100838, 121)]"
2019-06-28 11:43:00,IMBALANCE,"[169, 121]"
2019-06-28 11:43:00,HOLDINGS_UPDATED,"{'CASH': 5068440, 'JPM': 48}"
2019-06-28 11:44:00,BID_DEPTH,"[(100874, 240)]"
2019-06-28 11:44:00,ASK_DEPTH,"[(100904, 191)]"
2019-06-28 11:44:00,IMBALANCE,"[240, 191]"
2019-06-28 11:44:00,HOLDINGS_UPDATED,"{'CASH': 4664824, 'JPM': 52}"
2019-06-28 11:45:00,BID_DEPTH,"[(100874, 339)]"
2019-06-28 11:45:00,ASK_DEPTH,"[(100914, 191)]"
2019-06-28 11:45:00,IMBALANCE,"[339, 191]"
2019-06-28 11:45:00,HOLDINGS_UPDATED,"{'CASH': 4261168, 'JPM': 56}"
2019-06-28 11:46:00,BID_DEPTH,"[(100874, 238)]"
2019-06-28 11:46:00,ASK_DEPTH,"[(100914, 191)]"
2019-06-28 11:46:00,IMBALANCE,"[238, 191]"
2019-06-28 11:46:00,HOLDINGS_UPDATED,"{'CASH': 3857512, 'JPM': 60}"
2019-06-28 11:47:00,BID_DEPTH,"[(100874, 237)]"
2019-06-28 11:47:00,ASK_DEPTH,"[(101036, 191)]"
2019-06-28 11:47:00,IMBALANCE,"[237, 191]"
2019-06-28 11:47:00,HOLDINGS_UPDATED,"{'CASH': 3453368, 'JPM': 64}"
2019-06-28 11:48:00,BID_DEPTH,"[(100874, 166)]"
2019-06-28 11:48:00,ASK_DEPTH,"[(101397, 121)]"
2019-06-28 11:48:00,IMBALANCE,"[166, 121]"
2019-06-28 11:48:00,HOLDINGS_UPDATED,"{'CASH': 3047780, 'JPM': 68}"
2019-06-28 11:49:00,BID_DEPTH,"[(100874, 290)]"
2019-06-28 11:49:00,ASK_DEPTH,"[(101603, 146)]"
2019-06-28 11:49:00,IMBALANCE,"[290, 146]"
2019-06-28 11:49:00,HOLDINGS_UPDATED,"{'CASH': 2641368, 'JPM': 72}"
2019-06-28 11:50:00,BID_DEPTH,"[(101597, 195)]"
2019-06-28 11:50:00,ASK_DEPTH,"[(101813, 146)]"
2019-06-28 11:50:00,IMBALANCE,"[195, 146]"
2019-06-28 11:50:00,HOLDINGS_UPDATED,"{'CASH': 2234116, 'JPM': 76}"
2019-06-28 11:51:00,BID_DEPTH,"[(101150, 170)]"
2019-06-28 11:51:00,ASK_DEPTH,"[(101638, 121)]"
2019-06-28 11:51:00,IMBALANCE,"[170, 121]"
2019-06-28 11:51:00,HOLDINGS_UPDATED,"{'CASH': 1827564, 'JPM': 80}"
2019-06-28 11:52:00,BID_DEPTH,"[(101150, 156)]"
2019-06-28 11:52:00,ASK_DEPTH,"[(101535, 107)]"
2019-06-28 11:52:00,IMBALANCE,"[156, 107]"
2019-06-28 11:52:00,HOLDINGS_UPDATED,"{'CASH': 1421424, 'JPM': 84}"
2019-06-28 11:53:00,BID_DEPTH,"[(101150, 240)]"
2019-06-28 11:53:00,ASK_DEPTH,"[(101253, 191)]"
2019-06-28 11:53:00,IMBALANCE,"[240, 191]"
2019-06-28 11:53:00,HOLDINGS_UPDATED,"{'CASH': 1016412, 'JPM': 88}"
2019-06-28 11:54:00,BID_DEPTH,"[(100994, 240)]"
2019-06-28 11:54:00,ASK_DEPTH,"[(101253, 191)]"
2019-06-28 11:54:00,IMBALANCE,"[240, 191]"
2019-06-28 11:54:00,HOLDINGS_UPDATED,"{'CASH': 611400, 'JPM': 92}"
2019-06-28 11:55:00,BID_DEPTH,"[(100902, 195)]"
2019-06-28 11:55:00,ASK_DEPTH,"[(100941, 146)]"
2019-06-28 11:55:00,IMBALANCE,"[195, 146]"
2019-06-28 11:55:00,HOLDINGS_UPDATED,"{'CASH': 207636, 'JPM': 96}"
2019-06-28 11:56:00,BID_DEPTH,"[(100896, 380)]"
2019-06-28 11:56:00,ASK_DEPTH,"[(100941, 331)]"
2019-06-28 11:56:00,IMBALANCE,"[380, 331]"
2019-06-28 11:56:00,HOLDINGS_UPDATED,"{'CASH': -196128, 'JPM': 100}"
2019-06-28 11:57:00,BID_DEPTH,"[(100842, 170)]"
2019-06-28 11:57:00,ASK_DEPTH,"[(100989, 121)]"
2019-06-28 11:57:00,IMBALANCE,"[170, 121]"
2019-06-28 11:57:00,HOLDINGS_UPDATED,"{'CASH': -600084, 'JPM': 104}"
2019-06-28 11:58:00,BID_DEPTH,"[(100774, 380)]"
2019-06-28 11:58:00,ASK_DEPTH,"[(100989, 331)]"
2019-06-28 11:58:00,IMBALANCE,"[380, 331]"
2019-06-28 11:58:00,HOLDINGS_UPDATED,"{'CASH': -1004040, 'JPM': 108}"
2019-06-28 11:59:00,BID_DEPTH,"[(100705, 195)]"
2019-06-28 11:59:00,ASK_DEPTH,"[(100774, 51)]"
2019-06-28 11:59:00,IMBALANCE,"[195, 51]"
2019-06-28 11:59:00,HOLDINGS_UPDATED,"{'CASH': -1407136, 'JPM': 112}"
2019-06-28 12:00:00,BID_DEPTH,"[(100705, 156)]"
2019-06-28 12:00:00,ASK_DEPTH,"[(100774, 33)]"
2019-06-28 12:00:00,IMBALANCE,"[156, 33]"
2019-06-28 12:00:00,HOLDINGS_UPDATED,"{'CASH': -1810232, 'JPM': 116}"
2019-06-28 12:01:00,BID_DEPTH,"[(100687, 380)]"
2019-06-28 12:01:00,ASK_DEPTH,"[(100773, 331)]"
2019-06-28 12:01:00,IMBALANCE,"[380, 331]"
2019-06-28 12:01:00,HOLDINGS_UPDATED,"{'CASH': -2213324, 'JPM': 120}"
2019-06-28 12:02:00,BID_DEPTH,"[(100687, 195)]"
2019-06-28 12:02:00,ASK_DEPTH,"[(101416, 146)]"
2019-06-28 12:02:00,IMBALANCE,"[195, 146]"
2019-06-28 12:02:00,HOLDINGS_UPDATED,"{'CASH': -2618988, 'JPM': 124}"
2019-06-28 12:03:00,BID_DEPTH,"[(100687, 170)]"
2019-06-28 12:03:00,ASK_DEPTH,"[(101467, 121)]"
2019-06-28 12:03:00,IMBALANCE,"[170, 121]"
2019-06-28 12:03:00,HOLDINGS_UPDATED,"{'CASH': -3024856, 'JPM': 128}"
2019-06-28 12:04:00,BID_DEPTH,"[(100687, 195)]"
2019-06-28 12:04:00,ASK_DEPTH,"[(101055, 146)]"
2019-06-28 12:04:00,IMBALANCE,"[195, 146]"
2019-06-28 12:04:00,HOLDINGS_UPDATED,"{'CASH': -3429076, 'JPM': 132}"
2019-06-28 12:05:00,BID_DEPTH,"[(100445, 380)]"
2019-06-28 12:05:00,ASK_DEPTH,"[(101467, 331)]"
2019-06-28 12:05:00,IMBALANCE,"[380, 331]"
2019-06-28 12:05:00,HOLDINGS_UPDATED,"{'CASH': -3834944, 'JPM': 136}"
2019-06-28 12:06:00,BID_DEPTH,"[(100272, 380)]"
2019-06-28 12:06:00,ASK_DEPTH,"[(100292, 331)]"
2019-06-28 12:06:00,IMBALANCE,"[380, 331]"
2019-06-28 12:06:00,HOLDINGS_UPDATED,"{'CASH': -4236112, 'JPM': 140}"
2019-06-28 12:07:00,BID_DEPTH,"[(100272, 195)]"
2019-06-28 12:07:00,ASK_DEPTH,"[(100482, 146)]"
2019-06-28 12:07:00,IMBALANCE,"[195, 146]"
2019-06-28 12:07:00,HOLDINGS_UPDATED,"{'CASH': -4638040, 'JPM': 144}"
2019-06-28 12:08:00,BID_DEPTH,"[(100272, 170)]"
2019-06-28 12:08:00,ASK_DEPTH,"[(100542, 121)]"
2019-06-28 12:08:00,IMBALANCE,"[170, 121]"
2019-06-28 12:08:00,HOLDINGS_UPDATED,"{'CASH': -5040208, 'JPM': 148}"
2019-06-28 12:09:00,BID_DEPTH,"[(100484, 170)]"
2019-06-28 12:09:00,ASK_DEPTH,"[(100696, 121)]"
2019-06-28 12:09:00,IMBALANCE,"[170, 121]"
2019-06-28 12:09:00,HOLDINGS_UPDATED,"{'CASH': -5442992, 'JPM': 152}"
2019-06-28 12:10:00,BID_DEPTH,"[(100630, 380)]"
2019-06-28 12:10:00,ASK_DEPTH,"[(100696, 331)]"
2019-06-28 12:10:00,IMBALANCE,"[380, 331]"
2019-06-28 12:10:00,HOLDINGS_UPDATED,"{'CASH': -5845776, 'JPM': 156}"
2019-06-28 12:11:00,BID_DEPTH,"[(100696, 270)]"
2019-06-28 12:11:00,ASK_DEPTH,"[(100698, 121)]"
2019-06-28 12:11:00,IMBALANCE,"[270, 121]"
2019-06-28 12:11:00,HOLDINGS_UPDATED,"{'CASH': -6248568, 'JPM': 160}"
2019-06-28 12:12:00,BID_DEPTH,"[(100698, 321)]"
2019-06-28 12:12:00,ASK_DEPTH,"[(100873, 331)]"
2019-06-28 12:12:00,IMBALANCE,"[321, 331]"
2019-06-28 12:12:00,HOLDINGS_UPDATED,"{'CASH': -6652060, 'JPM': 164}"
2019-06-28 12:13:00,BID_DEPTH,"[(100857, 195)]"
2019-06-28 12:13:00,ASK_DEPTH,"[(100926, 146)]"
2019-06-28 12:13:00,IMBALANCE,"[195, 146]"
2019-06-28 12:13:00,HOLDINGS_UPDATED,"{'CASH': -7055764, 'JPM': 168}"
2019-06-28 12:14:00,BID_DEPTH,"[(100784, 380)]"
2019-06-28 12:14:00,ASK_DEPTH,"[(101077, 331)]"
2019-06-28 12:14:00,IMBALANCE,"[380, 331]"
2019-06-28 12:14:00,HOLDINGS_UPDATED,"{'CASH': -7460072, 'JPM': 172}"
2019-06-28 12:15:00,BID_DEPTH,"[(101094, 156)]"
2019-06-28 12:15:00,ASK_DEPTH,"[(101747, 107)]"
2019-06-28 12:15:00,IMBALANCE,"[156, 107]"
2019-06-28 12:15:00,HOLDINGS_UPDATED,"{'CASH': -7867060, 'JPM': 176}"
2019-06-28 12:16:00,BID_DEPTH,"[(101398, 156)]"
2019-06-28 12:16:00,ASK_DEPTH,"[(101476, 107)]"
2019-06-28 12:16:00,IMBALANCE,"[156, 107]"
2019-06-28 12:16:00,HOLDINGS_UPDATED,"{'CASH': -8272964, 'JPM': 180}"
2019-06-28 12:17:00,BID_DEPTH,"[(101452, 240)]"
2019-06-28 12:17:00,ASK_DEPTH,"[(101842, 191)]"
2019-06-28 12:17:00,IMBALANCE,"[240, 191]"
2019-06-28 12:17:00,HOLDINGS_UPDATED,"{'CASH': -8680332, 'JPM': 184}"
2019-06-28 12:18:00,BID_DEPTH,"[(101398, 195)]"
2019-06-28 12:18:00,ASK_DEPTH,"[(101842, 146)]"
2019-06-28 12:18:00,IMBALANCE,"[195, 146]"
2019-06-28 12:18:00,HOLDINGS_UPDATED,"{'CASH': -9087700, 'JPM': 188}"
2019-06-28 12:19:00,BID_DEPTH,"[(101314, 240)]"
2019-06-28 12:19:00,ASK_DEPTH,"[(101842, 291)]"
2019-06-28 12:19:00,IMBALANCE,"[240, 291]"
2019-06-28 12:19:00,HOLDINGS_UPDATED,"{'CASH': -9495068, 'JPM': 192}"
2019-06-28 12:20:00,BID_DEPTH,"[(101018, 195)]"
2019-06-28 12:20:00,ASK_DEPTH,"[(101842, 135)]"
2019-06-28 12:20:00,IMBALANCE,"[195, 135]"
2019-06-28 12:20:00,HOLDINGS_UPDATED,"{'CASH': -9902436, 'JPM': 196}"
2019-06-28 12:21:00,BID_DEPTH,"[(101018, 100)]"
2019-06-28 12:21:00,ASK_DEPTH,[]
2019-06-28 12:21:00,IMBALANCE,"[100, 0]"
2019-06-28 12:22:00,BID_DEPTH,"[(101018, 100)]"
2019-06-28 12:22:00,ASK_DEPTH,[]
2019-06-28 12:22:00,IMBALANCE,"[100, 0]"
2019-06-28 12:23:00,BID_DEPTH,"[(100893, 380)]"
2019-06-28 12:23:00,ASK_DEPTH,"[(101842, 331)]"
2019-06-28 12:23:00,IMBALANCE,"[380, 331]"
2019-06-28 12:23:00,HOLDINGS_UPDATED,"{'CASH': -10309804, 'JPM': 200}"
2019-06-28 12:24:00,BID_DEPTH,"[(100815, 100)]"
2019-06-28 12:24:00,ASK_DEPTH,[]
2019-06-28 12:24:00,IMBALANCE,"[100, 0]"
2019-06-28 12:25:00,BID_DEPTH,"[(100815, 240)]"
2019-06-28 12:25:00,ASK_DEPTH,"[(100893, 191)]"
2019-06-28 12:25:00,IMBALANCE,"[240, 191]"
2019-06-28 12:25:00,HOLDINGS_UPDATED,"{'CASH': -10713376, 'JPM': 204}"
2019-06-28 12:26:00,BID_DEPTH,"[(100787, 380)]"
2019-06-28 12:26:00,ASK_DEPTH,"[(100893, 431)]"
2019-06-28 12:26:00,IMBALANCE,"[380, 431]"
2019-06-28 12:26:00,HOLDINGS_UPDATED,"{'CASH': -11116948, 'JPM': 208}"
2019-06-28 12:27:00,BID_DEPTH,"[(100653, 195)]"
2019-06-28 12:27:00,ASK_DEPTH,"[(100690, 146)]"
2019-06-28 12:27:00,IMBALANCE,"[195, 146]"
2019-06-28 12:27:00,HOLDINGS_UPDATED,"{'CASH': -11519708, 'JPM': 212}"
2019-06-28 12:28:00,BID_DEPTH,"[(100612, 170)]"
2019-06-28 12:28:00,ASK_DEPTH,"[(100690, 121)]"
2019-06-28 12:28:00,IMBALANCE,"[170, 121]"
2019-06-28 12:28:00,HOLDINGS_UPDATED,"{'CASH': -11922468, 'JPM': 216}"
2019-06-28 12:29:00,BID_DEPTH,"[(100464, 380)]"
2019-06-28 12:29:00,ASK_DEPTH,"[(100541, 236)]"
2019-06-28 12:29:00,IMBALANCE,"[380, 236]"
2019-06-28 12:29:00,HOLDINGS_UPDATED,"{'CASH': -12324632, 'JPM': 220}"
2019-06-28 12:30:00,BID_DEPTH,"[(100464, 380)]"
2019-06-28 12:30:00,ASK_DEPTH,"[(100585, 331)]"
2019-06-28 12:30:00,IMBALANCE,"[380, 331]"
2019-06-28 12:30:00,HOLDINGS_UPDATED,"{'CASH': -12726972, 'JPM': 224}"
2019-06-28 12:31:00,BID_DEPTH,"[(100441, 380)]"
2019-06-28 12:31:00,ASK_DEPTH,"[(100551, 331)]"
2019-06-28 12:31:00,IMBALANCE,"[380, 331]"
2019-06-28 12:31:00,HOLDINGS_UPDATED,"{'CASH': -13129176, 'JPM': 228}"
2019-06-28 12:32:00,BID_DEPTH,"[(100437, 156)]"
2019-06-28 12:32:00,ASK_DEPTH,"[(100555, 107)]"
2019-06-28 12:32:00,IMBALANCE,"[156, 107]"
2019-06-28 12:32:00,HOLDINGS_UPDATED,"{'CASH': -13531396, 'JPM': 232}"
2019-06-28 12:33:00,BID_DEPTH,"[(100437, 156)]"
2019-06-28 12:33:00,ASK_DEPTH,"[(100511, 107)]"
2019-06-28 12:33:00,IMBALANCE,"[156, 107]"
2019-06-28 12:33:00,HOLDINGS_UPDATED,"{'CASH': -13933440, 'JPM': 236}"
2019-06-28 12:34:00,BID_DEPTH,"[(100511, 156)]"
2019-06-28 12:34:00,ASK_DEPTH,"[(100612, 37)]"
2019-06-28 12:34:00,IMBALANCE,"[156, 37]"
2019-06-28 12:34:00,HOLDINGS_UPDATED,"{'CASH': -14335888, 'JPM': 240}"
2019-06-28 12:35:00,BID_DEPTH,"[(100511, 380)]"
2019-06-28 12:35:00,ASK_DEPTH,"[(100663, 331)]"
2019-06-28 12:35:00,IMBALANCE,"[380, 331]"
2019-06-28 12:35:00,HOLDINGS_UPDATED,"{'CASH': -14738540, 'JPM': 244}"
2019-06-28 12:36:00,BID_DEPTH,"[(100663, 240)]"
2019-06-28 12:36:00,ASK_DEPTH,"[(100726, 191)]"
2019-06-28 12:36:00,IMBALANCE,"[240, 191]"
2019-06-28 12:36:00,HOLDINGS_UPDATED,"{'CASH': -15141444, 'JPM': 248}"
2019-06-28 12:37:00,BID_DEPTH,"[(100663, 379)]"
2019-06-28 12:37:00,ASK_DEPTH,"[(100822, 331)]"
2019-06-28 12:37:00,IMBALANCE,"[379, 331]"
2019-06-28 12:37:00,HOLDINGS_UPDATED,"{'CASH': -15544732, 'JPM': 252}"
2019-06-28 12:38:00,BID_DEPTH,"[(100663, 105)]"
2019-06-28 12:38:00,ASK_DEPTH,"[(100834, 156)]"
2019-06-28 12:38:00,IMBALANCE,"[105, 156]"
2019-06-28 12:38:00,HOLDINGS_UPDATED,"{'CASH': -15142080, 'JPM': 248}"
2019-06-28 12:39:00,BID_DEPTH,"[(100653, 146)]"
2019-06-28 12:39:00,ASK_DEPTH,"[(100893, 184)]"
2019-06-28 12:39:00,IMBALANCE,"[146, 184]"
2019-06-28 12:39:00,HOLDINGS_UPDATED,"{'CASH': -14739468, 'JPM': 244}"
2019-06-28 12:40:00,BID_DEPTH,"[(100637, 121)]"
2019-06-28 12:40:00,ASK_DEPTH,"[(101031, 170)]"
2019-06-28 12:40:00,IMBALANCE,"[121, 170]"
2019-06-28 12:40:00,HOLDINGS_UPDATED,"{'CASH': -14336920, 'JPM': 240}"
2019-06-28 12:41:00,BID_DEPTH,"[(100637, 221)]"
2019-06-28 12:41:00,ASK_DEPTH,"[(100817, 170)]"
2019-06-28 12:41:00,IMBALANCE,"[221, 170]"
2019-06-28 12:41:00,HOLDINGS_UPDATED,"{'CASH': -13934372, 'JPM': 236}"
2019-06-28 12:42:00,BID_DEPTH,"[(100511, 146)]"
2019-06-28 12:42:00,ASK_DEPTH,"[(100817, 195)]"
2019-06-28 12:42:00,IMBALANCE,"[146, 195]"
2019-06-28 12:42:00,HOLDINGS_UPDATED,"{'CASH': -13532328, 'JPM': 232}"
2019-06-28 12:43:00,BID_DEPTH,"[(100751, 121)]"
2019-06-28 12:43:00,ASK_DEPTH,"[(100948, 170)]"
2019-06-28 12:43:00,IMBALANCE,"[121, 170]"
2019-06-28 12:43:00,HOLDINGS_UPDATED,"{'CASH': -13129324, 'JPM': 228}"
2019-06-28 12:44:00,BID_DEPTH,"[(100549, 331)]"
2019-06-28 12:44:00,ASK_DEPTH,"[(100751, 380)]"
2019-06-28 12:44:00,IMBALANCE,"[331, 380]"
2019-06-28 12:44:00,HOLDINGS_UPDATED,"{'CASH': -12727128, 'JPM': 224}"
2019-06-28 12:45:00,BID_DEPTH,"[(100414, 331)]"
2019-06-28 12:45:00,ASK_DEPTH,"[(100421, 285)]"
2019-06-28 12:45:00,IMBALANCE,"[331, 285]"
2019-06-28 12:45:00,HOLDINGS_UPDATED,"{'CASH': -12325472, 'JPM': 220}"
2019-06-28 12:46:00,BID_DEPTH,"[(100357, 146)]"
2019-06-28 12:46:00,ASK_DEPTH,"[(100410, 195)]"
2019-06-28 12:46:00,IMBALANCE,"[146, 195]"
2019-06-28 12:46:00,HOLDINGS_UPDATED,"{'CASH': -11924044, 'JPM': 216}"
2019-06-28 12:47:00,BID_DEPTH,"[(100330, 331)]"
2019-06-28 12:47:00,ASK_DEPTH,"[(100410, 379)]"
2019-06-28 12:47:00,IMBALANCE,"[331, 379]"
2019-06-28 12:47:00,HOLDINGS_UPDATED,"{'CASH': -11522724, 'JPM': 212}"
2019-06-28 12:48:00,BID_DEPTH,"[(100199, 107)]"
2019-06-28 12:48:00,ASK_DEPTH,"[(100372, 156)]"
2019-06-28 12:48:00,IMBALANCE,"[107, 156]"
2019-06-28 12:48:00,HOLDINGS_UPDATED,"{'CASH': -11121928, 'JPM': 208}"
2019-06-28 12:49:00,BID_DEPTH,"[(100227, 107)]"
2019-06-28 12:49:00,ASK_DEPTH,"[(100372, 255)]"
2019-06-28 12:49:00,IMBALANCE,"[107, 255]"
2019-06-28 12:49:00,HOLDINGS_UPDATED,"{'CASH': -10721020, 'JPM': 204}"
2019-06-28 12:50:00,BID_DEPTH,"[(100184, 121)]"
2019-06-28 12:50:00,ASK_DEPTH,"[(100372, 168)]"
2019-06-28 12:50:00,IMBALANCE,"[121, 168]"
2019-06-28 12:50:00,HOLDINGS_UPDATED,"{'CASH': -10320284, 'JPM': 200}"
2019-06-28 12:51:00,BID_DEPTH,"[(100372, 331)]"
2019-06-28 12:51:00,ASK_DEPTH,"[(100410, 378)]"
2019-06-28 12:51:00,IMBALANCE,"[331, 378]"
2019-06-28 12:51:00,HOLDINGS_UPDATED,"{'CASH': -9918796, 'JPM': 196}"
2019-06-28 12:52:00,BID_DEPTH,"[(100125, 331)]"
2019-06-28 12:52:00,ASK_DEPTH,"[(100311, 380)]"
2019-06-28 12:52:00,IMBALANCE,"[331, 380]"
2019-06-28 12:52:00,HOLDINGS_UPDATED,"{'CASH': -9518296, 'JPM': 192}"
2019-06-28 12:53:00,BID_DEPTH,"[(100125, 331)]"
2019-06-28 12:53:00,ASK_DEPTH,"[(100311, 479)]"
2019-06-28 12:53:00,IMBALANCE,"[331, 479]"
2019-06-28 12:53:00,HOLDINGS_UPDATED,"{'CASH': -9117796, 'JPM': 188}"
2019-06-28 12:54:00,BID_DEPTH,"[(100064, 191)]"
2019-06-28 12:54:00,ASK_DEPTH,"[(100332, 240)]"
2019-06-28 12:54:00,IMBALANCE,"[191, 240]"
2019-06-28 12:54:00,HOLDINGS_UPDATED,"{'CASH': -8717540, 'JPM': 184}"
2019-06-28 12:55:00,BID_DEPTH,"[(100064, 331)]"
2019-06-28 12:55:00,ASK_DEPTH,"[(100332, 379)]"
2019-06-28 12:55:00,IMBALANCE,"[331, 379]"
2019-06-28 12:55:00,HOLDINGS_UPDATED,"{'CASH': -8317284, 'JPM': 180}"
2019-06-28 12:56:00,BID_DEPTH,"[(99898, 191)]"
2019-06-28 12:56:00,ASK_DEPTH,"[(100134, 240)]"
2019-06-28 12:56:00,IMBALANCE,"[191, 240]"
2019-06-28 12:56:00,HOLDINGS_UPDATED,"{'CASH': -7917692, 'JPM': 176}"
2019-06-28 12:57:00,BID_DEPTH,"[(99858, 146)]"
2019-06-28 12:57:00,ASK_DEPTH,"[(100134, 194)]"
2019-06-28 12:57:00,IMBALANCE,"[146, 194]"
2019-06-28 12:57:00,HOLDINGS_UPDATED,"{'CASH': -7518260, 'JPM': 172}"
2019-06-28 12:58:00,BID_DEPTH,"[(99778, 191)]"
2019-06-28 12:58:00,ASK_DEPTH,"[(100134, 238)]"
2019-06-28 12:58:00,IMBALANCE,"[191, 238]"
2019-06-28 12:58:00,HOLDINGS_UPDATED,"{'CASH': -7119148, 'JPM': 168}"
2019-06-28 12:59:00,BID_DEPTH,"[(99485, 331)]"
2019-06-28 12:59:00,ASK_DEPTH,"[(99942, 380)]"
2019-06-28 12:59:00,IMBALANCE,"[331, 380]"
2019-06-28 12:59:00,HOLDINGS_UPDATED,"{'CASH': -6721208, 'JPM': 164}"
2019-06-28 13:00:00,BID_DEPTH,"[(99694, 107)]"
2019-06-28 13:00:00,ASK_DEPTH,"[(99948, 156)]"
2019-06-28 13:00:00,IMBALANCE,"[107, 156]"
2019-06-28 13:00:00,HOLDINGS_UPDATED,"{'CASH': -6322432, 'JPM': 160}"
2019-06-28 13:01:00,BID_DEPTH,"[(99613, 146)]"
2019-06-28 13:01:00,ASK_DEPTH,"[(99948, 194)]"
2019-06-28 13:01:00,IMBALANCE,"[146, 194]"
2019-06-28 13:01:00,HOLDINGS_UPDATED,"{'CASH': -5923980, 'JPM': 156}"
2019-06-28 13:02:00,BID_DEPTH,"[(99608, 146)]"
2019-06-28 13:02:00,ASK_DEPTH,"[(99948, 193)]"
2019-06-28 13:02:00,IMBALANCE,"[146, 193]"
2019-06-28 13:02:00,HOLDINGS_UPDATED,"{'CASH': -5525548, 'JPM': 152}"
2019-06-28 13:03:00,BID_DEPTH,"[(99476, 191)]"
2019-06-28 13:03:00,ASK_DEPTH,"[(99603, 184)]"
2019-06-28 13:03:00,IMBALANCE,"[191, 184]"
2019-06-28 13:03:00,HOLDINGS_UPDATED,"{'CASH': -5127644, 'JPM': 148}"
2019-06-28 13:04:00,BID_DEPTH,"[(99391, 146)]"
2019-06-28 13:04:00,ASK_DEPTH,"[(99603, 138)]"
2019-06-28 13:04:00,IMBALANCE,"[146, 138]"
2019-06-28 13:04:00,HOLDINGS_UPDATED,"{'CASH': -4730080, 'JPM': 144}"
2019-06-28 13:05:00,BID_DEPTH,"[(99411, 191)]"
2019-06-28 13:05:00,ASK_DEPTH,"[(99603, 182)]"
2019-06-28 13:05:00,IMBALANCE,"[191, 182]"
2019-06-28 13:05:00,HOLDINGS_UPDATED,"{'CASH': -4332436, 'JPM': 140}"
2019-06-28 13:06:00,BID_DEPTH,"[(99197, 191)]"
2019-06-28 13:06:00,ASK_DEPTH,"[(99603, 381)]"
2019-06-28 13:06:00,IMBALANCE,"[191, 381]"
2019-06-28 13:06:00,HOLDINGS_UPDATED,"{'CASH': -3935648, 'JPM': 136}"
2019-06-28 13:07:00,BID_DEPTH,"[(99083, 107)]"
2019-06-28 13:07:00,ASK_DEPTH,"[(99603, 296)]"
2019-06-28 13:07:00,IMBALANCE,"[107, 296]"
2019-06-28 13:07:00,HOLDINGS_UPDATED,"{'CASH': -3539316, 'JPM': 132}"
2019-06-28 13:08:00,BID_DEPTH,"[(98863, 331)]"
2019-06-28 13:08:00,ASK_DEPTH,"[(99179, 380)]"
2019-06-28 13:08:00,IMBALANCE,"[331, 380]"
2019-06-28 13:08:00,HOLDINGS_UPDATED,"{'CASH': -3143864, 'JPM': 128}"
2019-06-28 13:09:00,BID_DEPTH,"[(98812, 146)]"
2019-06-28 13:09:00,ASK_DEPTH,"[(99441, 195)]"
2019-06-28 13:09:00,IMBALANCE,"[146, 195]"
2019-06-28 13:09:00,HOLDINGS_UPDATED,"{'CASH': -2748616, 'JPM': 124}"
2019-06-28 13:10:00,BID_DEPTH,"[(99086, 121)]"
2019-06-28 13:10:00,ASK_DEPTH,"[(99119, 170)]"
2019-06-28 13:10:00,IMBALANCE,"[121, 170]"
2019-06-28 13:10:00,HOLDINGS_UPDATED,"{'CASH': -2352272, 'JPM': 120}"
2019-06-28 13:11:00,BID_DEPTH,"[(99086, 431)]"
2019-06-28 13:11:00,ASK_DEPTH,"[(99441, 479)]"
2019-06-28 13:11:00,IMBALANCE,"[431, 479]"
2019-06-28 13:11:00,HOLDINGS_UPDATED,"{'CASH': -1955928, 'JPM': 116}"
2019-06-28 13:12:00,BID_DEPTH,"[(99086, 235)]"
2019-06-28 13:12:00,ASK_DEPTH,"[(99258, 195)]"
2019-06-28 13:12:00,IMBALANCE,"[235, 195]"
2019-06-28 13:12:00,HOLDINGS_UPDATED,"{'CASH': -1559584, 'JPM': 112}"
2019-06-28 13:13:00,BID_DEPTH,"[(99086, 124)]"
2019-06-28 13:13:00,ASK_DEPTH,"[(99258, 194)]"
2019-06-28 13:13:00,IMBALANCE,"[124, 194]"
2019-06-28 13:13:00,HOLDINGS_UPDATED,"{'CASH': -1163240, 'JPM': 108}"
2019-06-28 13:14:00,BID_DEPTH,"[(99076, 191)]"
2019-06-28 13:14:00,ASK_DEPTH,"[(99441, 240)]"
2019-06-28 13:14:00,IMBALANCE,"[191, 240]"
2019-06-28 13:14:00,HOLDINGS_UPDATED,"{'CASH': -766936, 'JPM': 104}"
2019-06-28 13:15:00,BID_DEPTH,"[(98983, 331)]"
2019-06-28 13:15:00,ASK_DEPTH,"[(99441, 379)]"
2019-06-28 13:15:00,IMBALANCE,"[331, 379]"
2019-06-28 13:15:00,HOLDINGS_UPDATED,"{'CASH': -371004, 'JPM': 100}"
2019-06-28 13:16:00,BID_DEPTH,"[(98812, 107)]"
2019-06-28 13:16:00,ASK_DEPTH,"[(99477, 156)]"
2019-06-28 13:16:00,IMBALANCE,"[107, 156]"
2019-06-28 13:16:00,HOLDINGS_UPDATED,"{'CASH': 24244, 'JPM': 96}"
2019-06-28 13:17:00,BID_DEPTH,"[(99477, 113)]"
2019-06-28 13:17:00,ASK_DEPTH,"[(99603, 95)]"
2019-06-28 13:17:00,IMBALANCE,"[113, 95]"
2019-06-28 13:17:00,HOLDINGS_UPDATED,"{'CASH': 422152, 'JPM': 92}"
2019-06-28 13:18:00,BID_DEPTH,"[(99603, 13)]"
2019-06-28 13:18:00,ASK_DEPTH,"[(100004, 156)]"
2019-06-28 13:18:00,IMBALANCE,"[13, 156]"
2019-06-28 13:18:00,HOLDINGS_UPDATED,"{'CASH': 820564, 'JPM': 88}"
2019-06-28 13:19:00,BID_DEPTH,"[(98747, 78)]"
2019-06-28 13:19:00,ASK_DEPTH,"[(99603, 75)]"
2019-06-28 13:19:00,IMBALANCE,"[78, 75]"
2019-06-28 13:19:00,HOLDINGS_UPDATED,"{'CASH': 1215552, 'JPM': 84}"
2019-06-28 13:20:00,BID_DEPTH,"[(99603, 61)]"
2019-06-28 13:20:00,ASK_DEPTH,"[(100017, 170)]"
2019-06-28 13:20:00,IMBALANCE,"[61, 170]"
2019-06-28 13:20:00,HOLDINGS_UPDATED,"{'CASH': 1613964, 'JPM': 80}"
2019-06-28 13:21:00,BID_DEPTH,"[(99603, 291)]"
2019-06-28 13:21:00,ASK_DEPTH,"[(100332, 338)]"
2019-06-28 13:21:00,IMBALANCE,"[291, 338]"
2019-06-28 13:21:00,HOLDINGS_UPDATED,"{'CASH': 2012376, 'JPM': 76}"
2019-06-28 13:22:00,BID_DEPTH,"[(99603, 110)]"
2019-06-28 13:22:00,ASK_DEPTH,"[(100363, 170)]"
2019-06-28 13:22:00,IMBALANCE,"[110, 170]"
2019-06-28 13:22:00,HOLDINGS_UPDATED,"{'CASH': 2410788, 'JPM': 72}"
2019-06-28 13:23:00,BID_DEPTH,"[(99603, 207)]"
2019-06-28 13:23:00,ASK_DEPTH,"[(100363, 155)]"
2019-06-28 13:23:00,IMBALANCE,"[207, 155]"
2019-06-28 13:23:00,HOLDINGS_UPDATED,"{'CASH': 2809200, 'JPM': 68}"
2019-06-28 13:24:00,BID_DEPTH,"[(100363, 146)]"
2019-06-28 13:24:00,ASK_DEPTH,"[(100428, 195)]"
2019-06-28 13:24:00,IMBALANCE,"[146, 195]"
2019-06-28 13:24:00,HOLDINGS_UPDATED,"{'CASH': 3210652, 'JPM': 64}"
2019-06-28 13:25:00,BID_DEPTH,"[(99603, 96)]"
2019-06-28 13:25:00,ASK_DEPTH,"[(100469, 156)]"
2019-06-28 13:25:00,IMBALANCE,"[96, 156]"
2019-06-28 13:25:00,HOLDINGS_UPDATED,"{'CASH': 3609064, 'JPM': 60}"
2019-06-28 13:26:00,BID_DEPTH,"[(100471, 107)]"
2019-06-28 13:26:00,ASK_DEPTH,"[(100476, 156)]"
2019-06-28 13:26:00,IMBALANCE,"[107, 156]"
2019-06-28 13:26:00,HOLDINGS_UPDATED,"{'CASH': 4010948, 'JPM': 56}"
2019-06-28 13:27:00,BID_DEPTH,"[(100183, 107)]"
2019-06-28 13:27:00,ASK_DEPTH,"[(100476, 156)]"
2019-06-28 13:27:00,IMBALANCE,"[107, 156]"
2019-06-28 13:27:00,HOLDINGS_UPDATED,"{'CASH': 4411680, 'JPM': 52}"
2019-06-28 13:28:00,BID_DEPTH,"[(100129, 331)]"
2019-06-28 13:28:00,ASK_DEPTH,"[(100476, 380)]"
2019-06-28 13:28:00,IMBALANCE,"[331, 380]"
2019-06-28 13:28:00,HOLDINGS_UPDATED,"{'CASH': 4812196, 'JPM': 48}"
2019-06-28 13:29:00,BID_DEPTH,"[(100129, 431)]"
2019-06-28 13:29:00,ASK_DEPTH,"[(100447, 380)]"
2019-06-28 13:29:00,IMBALANCE,"[431, 380]"
2019-06-28 13:29:00,HOLDINGS_UPDATED,"{'CASH': 5212712, 'JPM': 44}"
2019-06-28 13:30:00,BID_DEPTH,"[(100464, 146)]"
2019-06-28 13:30:00,ASK_DEPTH,"[(100600, 195)]"
2019-06-28 13:30:00,IMBALANCE,"[146, 195]"
2019-06-28 13:30:00,HOLDINGS_UPDATED,"{'CASH': 5614568, 'JPM': 40}"
2019-06-28 13:31:00,BID_DEPTH,"[(100446, 121)]"
2019-06-28 13:31:00,ASK_DEPTH,"[(100791, 170)]"
2019-06-28 13:31:00,IMBALANCE,"[121, 170]"
2019-06-28 13:31:00,HOLDINGS_UPDATED,"{'CASH': 6016352, 'JPM': 36}"
2019-06-28 13:32:00,BID_DEPTH,"[(100446, 480)]"
2019-06-28 13:32:00,ASK_DEPTH,"[(100791, 331)]"
2019-06-28 13:32:00,IMBALANCE,"[480, 331]"
2019-06-28 13:32:00,HOLDINGS_UPDATED,"{'CASH': 5613188, 'JPM': 40}"
2019-06-28 13:33:00,BID_DEPTH,"[(100867, 240)]"
2019-06-28 13:33:00,ASK_DEPTH,"[(101293, 191)]"
2019-06-28 13:33:00,IMBALANCE,"[240, 191]"
2019-06-28 13:33:00,HOLDINGS_UPDATED,"{'CASH': 5208016, 'JPM': 44}"
2019-06-28 13:34:00,BID_DEPTH,"[(100867, 355)]"
2019-06-28 13:34:00,ASK_DEPTH,"[(101026, 107)]"
2019-06-28 13:34:00,IMBALANCE,"[355, 107]"
2019-06-28 13:34:00,HOLDINGS_UPDATED,"{'CASH': 4803912, 'JPM': 48}"
2019-06-28 13:35:00,BID_DEPTH,"[(101255, 195)]"
2019-06-28 13:35:00,ASK_DEPTH,"[(101332, 146)]"
2019-06-28 13:35:00,IMBALANCE,"[195, 146]"
2019-06-28 13:35:00,HOLDINGS_UPDATED,"{'CASH': 4398584, 'JPM': 52}"
2019-06-28 13:36:00,BID_DEPTH,"[(100867, 354)]"
2019-06-28 13:36:00,ASK_DEPTH,"[(101255, 107)]"
2019-06-28 13:36:00,IMBALANCE,"[354, 107]"
2019-06-28 13:36:00,HOLDINGS_UPDATED,"{'CASH': 3993564, 'JPM': 56}"
2019-06-28 13:37:00,BID_DEPTH,"[(101062, 156)]"
2019-06-28 13:37:00,ASK_DEPTH,"[(101255, 107)]"
2019-06-28 13:37:00,IMBALANCE,"[156, 107]"
2019-06-28 13:37:00,HOLDINGS_UPDATED,"{'CASH': 3588544, 'JPM': 60}"
2019-06-28 13:38:00,BID_DEPTH,"[(101273, 170)]"
2019-06-28 13:38:00,ASK_DEPTH,"[(101448, 121)]"
2019-06-28 13:38:00,IMBALANCE,"[170, 121]"
2019-06-28 13:38:00,HOLDINGS_UPDATED,"{'CASH': 3182752, 'JPM': 64}"
2019-06-28 13:39:00,BID_DEPTH,"[(101062, 379)]"
2019-06-28 13:39:00,ASK_DEPTH,"[(101273, 262)]"
2019-06-28 13:39:00,IMBALANCE,"[379, 262]"
2019-06-28 13:39:00,HOLDINGS_UPDATED,"{'CASH': 2777660, 'JPM': 68}"
2019-06-28 13:40:00,BID_DEPTH,"[(100929, 380)]"
2019-06-28 13:40:00,ASK_DEPTH,"[(101329, 331)]"
2019-06-28 13:40:00,IMBALANCE,"[380, 331]"
2019-06-28 13:40:00,HOLDINGS_UPDATED,"{'CASH': 2372344, 'JPM': 72}"
2019-06-28 13:41:00,BID_DEPTH,"[(100867, 337)]"
2019-06-28 13:41:00,ASK_DEPTH,"[(101329, 191)]"
2019-06-28 13:41:00,IMBALANCE,"[337, 191]"
2019-06-28 13:41:00,HOLDINGS_UPDATED,"{'CASH': 1967028, 'JPM': 76}"
2019-06-28 13:42:00,BID_DEPTH,"[(100821, 380)]"
2019-06-28 13:42:00,ASK_DEPTH,"[(101545, 331)]"
2019-06-28 13:42:00,IMBALANCE,"[380, 331]"
2019-06-28 13:42:00,HOLDINGS_UPDATED,"{'CASH': 1560848, 'JPM': 80}"
2019-06-28 13:43:00,BID_DEPTH,"[(100704, 170)]"
2019-06-28 13:43:00,ASK_DEPTH,"[(100790, 121)]"
2019-06-28 13:43:00,IMBALANCE,"[170, 121]"
2019-06-28 13:43:00,HOLDINGS_UPDATED,"{'CASH': 1157688, 'JPM': 84}"
2019-06-28 13:44:00,BID_DEPTH,"[(100704, 239)]"
2019-06-28 13:44:00,ASK_DEPTH,"[(100821, 191)]"
2019-06-28 13:44:00,IMBALANCE,"[239, 191]"
2019-06-28 13:44:00,HOLDINGS_UPDATED,"{'CASH': 754404, 'JPM': 88}"
2019-06-28 13:45:00,BID_DEPTH,"[(100704, 98)]"
2019-06-28 13:45:00,ASK_DEPTH,[]
2019-06-28 13:45:00,IMBALANCE,"[98, 0]"
2019-06-28 13:46:00,BID_DEPTH,"[(100545, 240)]"
2019-06-28 13:46:00,ASK_DEPTH,"[(100704, 93)]"
2019-06-28 13:46:00,IMBALANCE,"[240, 93]"
2019-06-28 13:46:00,HOLDINGS_UPDATED,"{'CASH': 351588, 'JPM': 92}"
2019-06-28 13:47:00,BID_DEPTH,"[(100545, 299)]"
2019-06-28 13:47:00,ASK_DEPTH,[]
2019-06-28 13:47:00,IMBALANCE,"[299, 0]"
2019-06-28 13:48:00,BID_DEPTH,"[(100875, 195)]"
2019-06-28 13:48:00,ASK_DEPTH,"[(100900, 146)]"
2019-06-28 13:48:00,IMBALANCE,"[195, 146]"
2019-06-28 13:48:00,HOLDINGS_UPDATED,"{'CASH': -52012, 'JPM': 96}"
2019-06-28 13:49:00,BID_DEPTH,"[(100785, 240)]"
2019-06-28 13:49:00,ASK_DEPTH,"[(100863, 191)]"
2019-06-28 13:49:00,IMBALANCE,"[240, 191]"
2019-06-28 13:49:00,HOLDINGS_UPDATED,"{'CASH': -455464, 'JPM': 100}"
2019-06-28 13:50:00,BID_DEPTH,"[(100545, 155)]"
2019-06-28 13:50:00,ASK_DEPTH,"[(100924, 107)]"
2019-06-28 13:50:00,IMBALANCE,"[155, 107]"
2019-06-28 13:50:00,HOLDINGS_UPDATED,"{'CASH': -859160, 'JPM': 104}"
2019-06-28 13:51:00,BID_DEPTH,"[(100936, 170)]"
2019-06-28 13:51:00,ASK_DEPTH,"[(100945, 221)]"
2019-06-28 13:51:00,IMBALANCE,"[170, 221]"
2019-06-28 13:51:00,HOLDINGS_UPDATED,"{'CASH': -1262940, 'JPM': 108}"
2019-06-28 13:52:00,BID_DEPTH,"[(100446, 379)]"
2019-06-28 13:52:00,ASK_DEPTH,"[(100745, 331)]"
2019-06-28 13:52:00,IMBALANCE,"[379, 331]"
2019-06-28 13:52:00,HOLDINGS_UPDATED,"{'CASH': -1665920, 'JPM': 112}"
2019-06-28 13:53:00,BID_DEPTH,"[(100446, 254)]"
2019-06-28 13:53:00,ASK_DEPTH,"[(100611, 107)]"
2019-06-28 13:53:00,IMBALANCE,"[254, 107]"
2019-06-28 13:53:00,HOLDINGS_UPDATED,"{'CASH': -2068364, 'JPM': 116}"
2019-06-28 13:54:00,BID_DEPTH,"[(100446, 170)]"
2019-06-28 13:54:00,ASK_DEPTH,"[(100936, 52)]"
2019-06-28 13:54:00,IMBALANCE,"[170, 52]"
2019-06-28 13:54:00,HOLDINGS_UPDATED,"{'CASH': -2472108, 'JPM': 120}"
2019-06-28 13:55:00,BID_DEPTH,"[(100936, 72)]"
2019-06-28 13:55:00,ASK_DEPTH,"[(100945, 103)]"
2019-06-28 13:55:00,IMBALANCE,"[72, 103]"
2019-06-28 13:55:00,HOLDINGS_UPDATED,"{'CASH': -2875888, 'JPM': 124}"
2019-06-28 13:56:00,BID_DEPTH,"[(100936, 96)]"
2019-06-28 13:56:00,ASK_DEPTH,"[(100965, 146)]"
2019-06-28 13:56:00,IMBALANCE,"[96, 146]"
2019-06-28 13:56:00,HOLDINGS_UPDATED,"{'CASH': -3279748, 'JPM': 128}"
2019-06-28 13:57:00,BID_DEPTH,"[(100890, 170)]"
2019-06-28 13:57:00,ASK_DEPTH,"[(101084, 121)]"
2019-06-28 13:57:00,IMBALANCE,"[170, 121]"
2019-06-28 13:57:00,HOLDINGS_UPDATED,"{'CASH': -3684084, 'JPM': 132}"
2019-06-28 13:58:00,BID_DEPTH,"[(100767, 195)]"
2019-06-28 13:58:00,ASK_DEPTH,"[(100890, 76)]"
2019-06-28 13:58:00,IMBALANCE,"[195, 76]"
2019-06-28 13:58:00,HOLDINGS_UPDATED,"{'CASH': -4087644, 'JPM': 136}"
2019-06-28 13:59:00,BID_DEPTH,"[(100767, 239)]"
2019-06-28 13:59:00,ASK_DEPTH,"[(101129, 191)]"
2019-06-28 13:59:00,IMBALANCE,"[239, 191]"
2019-06-28 13:59:00,HOLDINGS_UPDATED,"{'CASH': -4492160, 'JPM': 140}"
2019-06-28 14:00:00,BID_DEPTH,"[(100442, 156)]"
2019-06-28 14:00:00,ASK_DEPTH,"[(100656, 207)]"
2019-06-28 14:00:00,IMBALANCE,"[156, 207]"
2019-06-28 14:00:00,HOLDINGS_UPDATED,"{'CASH': -4894784, 'JPM': 144}"
2019-06-28 14:01:00,BID_DEPTH,"[(99470, 380)]"
2019-06-28 14:01:00,ASK_DEPTH,"[(100442, 431)]"
2019-06-28 14:01:00,IMBALANCE,"[380, 431]"
2019-06-28 14:01:00,HOLDINGS_UPDATED,"{'CASH': -5296552, 'JPM': 148}"
2019-06-28 14:02:00,BID_DEPTH,"[(99470, 255)]"
2019-06-28 14:02:00,ASK_DEPTH,"[(99560, 107)]"
2019-06-28 14:02:00,IMBALANCE,"[255, 107]"
2019-06-28 14:02:00,HOLDINGS_UPDATED,"{'CASH': -5694792, 'JPM': 152}"
2019-06-28 14:03:00,BID_DEPTH,"[(99604, 240)]"
2019-06-28 14:03:00,ASK_DEPTH,"[(99877, 191)]"
2019-06-28 14:03:00,IMBALANCE,"[240, 191]"
2019-06-28 14:03:00,HOLDINGS_UPDATED,"{'CASH': -6094300, 'JPM': 156}"
2019-06-28 14:04:00,BID_DEPTH,"[(99675, 240)]"
2019-06-28 14:04:00,ASK_DEPTH,"[(99877, 191)]"
2019-06-28 14:04:00,IMBALANCE,"[240, 191]"
2019-06-28 14:04:00,HOLDINGS_UPDATED,"{'CASH': -6493808, 'JPM': 160}"
2019-06-28 14:05:00,BID_DEPTH,"[(99604, 170)]"
2019-06-28 14:05:00,ASK_DEPTH,"[(99679, 121)]"
2019-06-28 14:05:00,IMBALANCE,"[170, 121]"
2019-06-28 14:05:00,HOLDINGS_UPDATED,"{'CASH': -6892524, 'JPM': 164}"
2019-06-28 14:06:00,BID_DEPTH,"[(99392, 195)]"
2019-06-28 14:06:00,ASK_DEPTH,"[(99695, 146)]"
2019-06-28 14:06:00,IMBALANCE,"[195, 146]"
2019-06-28 14:06:00,HOLDINGS_UPDATED,"{'CASH': -7291304, 'JPM': 168}"
2019-06-28 14:07:00,BID_DEPTH,"[(99488, 121)]"
2019-06-28 14:07:00,ASK_DEPTH,"[(99713, 170)]"
2019-06-28 14:07:00,IMBALANCE,"[121, 170]"
2019-06-28 14:07:00,HOLDINGS_UPDATED,"{'CASH': -6893352, 'JPM': 164}"
2019-06-28 14:08:00,BID_DEPTH,"[(99713, 107)]"
2019-06-28 14:08:00,ASK_DEPTH,"[(99877, 256)]"
2019-06-28 14:08:00,IMBALANCE,"[107, 256]"
2019-06-28 14:08:00,HOLDINGS_UPDATED,"{'CASH': -6494500, 'JPM': 160}"
2019-06-28 14:09:00,BID_DEPTH,"[(99392, 146)]"
2019-06-28 14:09:00,ASK_DEPTH,"[(99877, 294)]"
2019-06-28 14:09:00,IMBALANCE,"[146, 294]"
2019-06-28 14:09:00,HOLDINGS_UPDATED,"{'CASH': -6096932, 'JPM': 156}"
2019-06-28 14:10:00,BID_DEPTH,"[(99830, 146)]"
2019-06-28 14:10:00,ASK_DEPTH,"[(99877, 293)]"
2019-06-28 14:10:00,IMBALANCE,"[146, 293]"
2019-06-28 14:10:00,HOLDINGS_UPDATED,"{'CASH': -5697612, 'JPM': 152}"
2019-06-28 14:11:00,BID_DEPTH,"[(99392, 291)]"
2019-06-28 14:11:00,ASK_DEPTH,"[(100049, 240)]"
2019-06-28 14:11:00,IMBALANCE,"[291, 240]"
2019-06-28 14:11:00,HOLDINGS_UPDATED,"{'CASH': -5300044, 'JPM': 148}"
2019-06-28 14:12:00,BID_DEPTH,"[(99392, 135)]"
2019-06-28 14:12:00,ASK_DEPTH,"[(100442, 284)]"
2019-06-28 14:12:00,IMBALANCE,"[135, 284]"
2019-06-28 14:12:00,HOLDINGS_UPDATED,"{'CASH': -4902476, 'JPM': 144}"
2019-06-28 14:13:00,BID_DEPTH,"[(99273, 146)]"
2019-06-28 14:13:00,ASK_DEPTH,"[(100694, 195)]"
2019-06-28 14:13:00,IMBALANCE,"[146, 195]"
2019-06-28 14:13:00,HOLDINGS_UPDATED,"{'CASH': -4505384, 'JPM': 140}"
2019-06-28 14:14:00,BID_DEPTH,"[(99252, 121)]"
2019-06-28 14:14:00,ASK_DEPTH,"[(100694, 169)]"
2019-06-28 14:14:00,IMBALANCE,"[121, 169]"
2019-06-28 14:14:00,HOLDINGS_UPDATED,"{'CASH': -4108376, 'JPM': 136}"
2019-06-28 14:15:00,BID_DEPTH,"[(99252, 246)]"
2019-06-28 14:15:00,ASK_DEPTH,"[(100671, 195)]"
2019-06-28 14:15:00,IMBALANCE,"[246, 195]"
2019-06-28 14:15:00,HOLDINGS_UPDATED,"{'CASH': -3711368, 'JPM': 132}"
2019-06-28 14:16:00,BID_DEPTH,"[(99252, 180)]"
2019-06-28 14:16:00,ASK_DEPTH,"[(101151, 240)]"
2019-06-28 14:16:00,IMBALANCE,"[180, 240]"
2019-06-28 14:16:00,HOLDINGS_UPDATED,"{'CASH': -3314360, 'JPM': 128}"
2019-06-28 14:17:00,BID_DEPTH,"[(101040, 191)]"
2019-06-28 14:17:00,ASK_DEPTH,"[(101151, 239)]"
2019-06-28 14:17:00,IMBALANCE,"[191, 239]"
2019-06-28 14:17:00,HOLDINGS_UPDATED,"{'CASH': -2910200, 'JPM': 124}"
2019-06-28 14:18:00,BID_DEPTH,"[(100467, 146)]"
2019-06-28 14:18:00,ASK_DEPTH,"[(101151, 194)]"
2019-06-28 14:18:00,IMBALANCE,"[146, 194]"
2019-06-28 14:18:00,HOLDINGS_UPDATED,"{'CASH': -2508332, 'JPM': 120}"
2019-06-28 14:19:00,BID_DEPTH,"[(100459, 331)]"
2019-06-28 14:19:00,ASK_DEPTH,"[(100467, 397)]"
2019-06-28 14:19:00,IMBALANCE,"[331, 397]"
2019-06-28 14:19:00,HOLDINGS_UPDATED,"{'CASH': -2106496, 'JPM': 116}"
2019-06-28 14:20:00,BID_DEPTH,"[(100248, 121)]"
2019-06-28 14:20:00,ASK_DEPTH,"[(100281, 170)]"
2019-06-28 14:20:00,IMBALANCE,"[121, 170]"
2019-06-28 14:20:00,HOLDINGS_UPDATED,"{'CASH': -1705504, 'JPM': 112}"
2019-06-28 14:21:00,BID_DEPTH,[]
2019-06-28 14:21:00,ASK_DEPTH,"[(100315, 100)]"
2019-06-28 14:21:00,IMBALANCE,"[0, 100]"
2019-06-28 14:22:00,BID_DEPTH,[]
2019-06-28 14:22:00,ASK_DEPTH,"[(100315, 100)]"
2019-06-28 14:22:00,IMBALANCE,"[0, 100]"
2019-06-28 14:23:00,BID_DEPTH,"[(100270, 331)]"
2019-06-28 14:23:00,ASK_DEPTH,"[(100342, 380)]"
2019-06-28 14:23:00,IMBALANCE,"[331, 380]"
2019-06-28 14:23:00,HOLDINGS_UPDATED,"{'CASH': -1304424, 'JPM': 108}"
2019-06-28 14:24:00,BID_DEPTH,"[(99798, 331)]"
2019-06-28 14:24:00,ASK_DEPTH,"[(100342, 380)]"
2019-06-28 14:24:00,IMBALANCE,"[331, 380]"
2019-06-28 14:24:00,HOLDINGS_UPDATED,"{'CASH': -905232, 'JPM': 104}"
2019-06-28 14:25:00,BID_DEPTH,"[(99742, 331)]"
2019-06-28 14:25:00,ASK_DEPTH,"[(99892, 380)]"
2019-06-28 14:25:00,IMBALANCE,"[331, 380]"
2019-06-28 14:25:00,HOLDINGS_UPDATED,"{'CASH': -506264, 'JPM': 100}"
2019-06-28 14:26:00,BID_DEPTH,"[(99892, 76)]"
2019-06-28 14:26:00,ASK_DEPTH,"[(99999, 195)]"
2019-06-28 14:26:00,IMBALANCE,"[76, 195]"
2019-06-28 14:26:00,HOLDINGS_UPDATED,"{'CASH': -106696, 'JPM': 96}"
2019-06-28 14:27:00,BID_DEPTH,"[(99959, 121)]"
2019-06-28 14:27:00,ASK_DEPTH,"[(100037, 170)]"
2019-06-28 14:27:00,IMBALANCE,"[121, 170]"
2019-06-28 14:27:00,HOLDINGS_UPDATED,"{'CASH': 293140, 'JPM': 92}"
2019-06-28 14:28:00,BID_DEPTH,"[(99947, 331)]"
2019-06-28 14:28:00,ASK_DEPTH,"[(100342, 479)]"
2019-06-28 14:28:00,IMBALANCE,"[331, 479]"
2019-06-28 14:28:00,HOLDINGS_UPDATED,"{'CASH': 692928, 'JPM': 88}"
2019-06-28 14:29:00,BID_DEPTH,"[(99947, 146)]"
2019-06-28 14:29:00,ASK_DEPTH,"[(100342, 193)]"
2019-06-28 14:29:00,IMBALANCE,"[146, 193]"
2019-06-28 14:29:00,HOLDINGS_UPDATED,"{'CASH': 1092716, 'JPM': 84}"
2019-06-28 14:30:00,BID_DEPTH,"[(99653, 146)]"
2019-06-28 14:30:00,ASK_DEPTH,"[(100353, 195)]"
2019-06-28 14:30:00,IMBALANCE,"[146, 195]"
2019-06-28 14:30:00,HOLDINGS_UPDATED,"{'CASH': 1491328, 'JPM': 80}"
2019-06-28 14:31:00,BID_DEPTH,"[(100082, 331)]"
2019-06-28 14:31:00,ASK_DEPTH,"[(100277, 380)]"
2019-06-28 14:31:00,IMBALANCE,"[331, 380]"
2019-06-28 14:31:00,HOLDINGS_UPDATED,"{'CASH': 1891656, 'JPM': 76}"
2019-06-28 14:32:00,BID_DEPTH,"[(100082, 321)]"
2019-06-28 14:32:00,ASK_DEPTH,"[(100353, 269)]"
2019-06-28 14:32:00,IMBALANCE,"[321, 269]"
2019-06-28 14:32:00,HOLDINGS_UPDATED,"{'CASH': 2291984, 'JPM': 72}"
2019-06-28 14:33:00,BID_DEPTH,"[(100082, 310)]"
2019-06-28 14:33:00,ASK_DEPTH,"[(100353, 168)]"
2019-06-28 14:33:00,IMBALANCE,"[310, 168]"
2019-06-28 14:33:00,HOLDINGS_UPDATED,"{'CASH': 2692312, 'JPM': 68}"
2019-06-28 14:34:00,BID_DEPTH,"[(100082, 199)]"
2019-06-28 14:34:00,ASK_DEPTH,"[(100353, 167)]"
2019-06-28 14:34:00,IMBALANCE,"[199, 167]"
2019-06-28 14:34:00,HOLDINGS_UPDATED,"{'CASH': 3092640, 'JPM': 64}"
2019-06-28 14:35:00,BID_DEPTH,"[(100353, 331)]"
2019-06-28 14:35:00,ASK_DEPTH,"[(100467, 297)]"
2019-06-28 14:35:00,IMBALANCE,"[331, 297]"
2019-06-28 14:35:00,HOLDINGS_UPDATED,"{'CASH': 3494052, 'JPM': 60}"
2019-06-28 14:36:00,BID_DEPTH,"[(100353, 191)]"
2019-06-28 14:36:00,ASK_DEPTH,"[(100467, 156)]"
2019-06-28 14:36:00,IMBALANCE,"[191, 156]"
2019-06-28 14:36:00,HOLDINGS_UPDATED,"{'CASH': 3895464, 'JPM': 56}"
2019-06-28 14:37:00,BID_DEPTH,"[(100082, 113)]"
2019-06-28 14:37:00,ASK_DEPTH,"[(100511, 195)]"
2019-06-28 14:37:00,IMBALANCE,"[113, 195]"
2019-06-28 14:37:00,HOLDINGS_UPDATED,"{'CASH': 4295792, 'JPM': 52}"
2019-06-28 14:38:00,BID_DEPTH,"[(100112, 107)]"
2019-06-28 14:38:00,ASK_DEPTH,"[(100121, 156)]"
2019-06-28 14:38:00,IMBALANCE,"[107, 156]"
2019-06-28 14:38:00,HOLDINGS_UPDATED,"{'CASH': 4696240, 'JPM': 48}"
2019-06-28 14:39:00,BID_DEPTH,"[(99944, 121)]"
2019-06-28 14:39:00,ASK_DEPTH,"[(100121, 169)]"
2019-06-28 14:39:00,IMBALANCE,"[121, 169]"
2019-06-28 14:39:00,HOLDINGS_UPDATED,"{'CASH': 5096016, 'JPM': 44}"
2019-06-28 14:40:00,BID_DEPTH,"[(99879, 121)]"
2019-06-28 14:40:00,ASK_DEPTH,"[(100121, 168)]"
2019-06-28 14:40:00,IMBALANCE,"[121, 168]"
2019-06-28 14:40:00,HOLDINGS_UPDATED,"{'CASH': 5495532, 'JPM': 40}"
2019-06-28 14:41:00,BID_DEPTH,"[(99765, 121)]"
2019-06-28 14:41:00,ASK_DEPTH,"[(99871, 170)]"
2019-06-28 14:41:00,IMBALANCE,"[121, 170]"
2019-06-28 14:41:00,HOLDINGS_UPDATED,"{'CASH': 5894592, 'JPM': 36}"
2019-06-28 14:42:00,BID_DEPTH,"[(99678, 107)]"
2019-06-28 14:42:00,ASK_DEPTH,"[(100035, 156)]"
2019-06-28 14:42:00,IMBALANCE,"[107, 156]"
2019-06-28 14:42:00,HOLDINGS_UPDATED,"{'CASH': 6293304, 'JPM': 32}"
2019-06-28 14:43:00,BID_DEPTH,"[(100149, 121)]"
2019-06-28 14:43:00,ASK_DEPTH,"[(100511, 170)]"
2019-06-28 14:43:00,IMBALANCE,"[121, 170]"
2019-06-28 14:43:00,HOLDINGS_UPDATED,"{'CASH': 6693900, 'JPM': 28}"
2019-06-28 14:44:00,BID_DEPTH,"[(99652, 146)]"
2019-06-28 14:44:00,ASK_DEPTH,"[(99894, 195)]"
2019-06-28 14:44:00,IMBALANCE,"[146, 195]"
2019-06-28 14:44:00,HOLDINGS_UPDATED,"{'CASH': 7092508, 'JPM': 24}"
2019-06-28 14:45:00,BID_DEPTH,"[(99894, 222)]"
2019-06-28 14:45:00,ASK_DEPTH,"[(100126, 240)]"
2019-06-28 14:45:00,IMBALANCE,"[222, 240]"
2019-06-28 14:45:00,HOLDINGS_UPDATED,"{'CASH': 7492084, 'JPM': 20}"
2019-06-28 14:46:00,BID_DEPTH,"[(99906, 146)]"
2019-06-28 14:46:00,ASK_DEPTH,"[(99984, 195)]"
2019-06-28 14:46:00,IMBALANCE,"[146, 195]"
2019-06-28 14:46:00,HOLDINGS_UPDATED,"{'CASH': 7891708, 'JPM': 16}"
2019-06-28 14:47:00,BID_DEPTH,"[(99902, 121)]"
2019-06-28 14:47:00,ASK_DEPTH,"[(99984, 169)]"
2019-06-28 14:47:00,IMBALANCE,"[121, 169]"
2019-06-28 14:47:00,HOLDINGS_UPDATED,"{'CASH': 8291316, 'JPM': 12}"
2019-06-28 14:48:00,BID_DEPTH,"[(99896, 107)]"
2019-06-28 14:48:00,ASK_DEPTH,"[(99984, 254)]"
2019-06-28 14:48:00,IMBALANCE,"[107, 254]"
2019-06-28 14:48:00,HOLDINGS_UPDATED,"{'CASH': 8690900, 'JPM': 8}"
2019-06-28 14:49:00,BID_DEPTH,"[(99889, 195)]"
2019-06-28 14:49:00,ASK_DEPTH,"[(99894, 70)]"
2019-06-28 14:49:00,IMBALANCE,"[195, 70]"
2019-06-28 14:49:00,HOLDINGS_UPDATED,"{'CASH': 8291324, 'JPM': 12}"
2019-06-28 14:50:00,BID_DEPTH,"[(99904, 380)]"
2019-06-28 14:50:00,ASK_DEPTH,"[(99984, 331)]"
2019-06-28 14:50:00,IMBALANCE,"[380, 331]"
2019-06-28 14:50:00,HOLDINGS_UPDATED,"{'CASH': 7891388, 'JPM': 16}"
2019-06-28 14:51:00,BID_DEPTH,"[(99894, 188)]"
2019-06-28 14:51:00,ASK_DEPTH,"[(100028, 146)]"
2019-06-28 14:51:00,IMBALANCE,"[188, 146]"
2019-06-28 14:51:00,HOLDINGS_UPDATED,"{'CASH': 7491276, 'JPM': 20}"
2019-06-28 14:52:00,BID_DEPTH,"[(100125, 195)]"
2019-06-28 14:52:00,ASK_DEPTH,"[(100126, 145)]"
2019-06-28 14:52:00,IMBALANCE,"[195, 145]"
2019-06-28 14:52:00,HOLDINGS_UPDATED,"{'CASH': 7090772, 'JPM': 24}"
2019-06-28 14:53:00,BID_DEPTH,"[(100125, 170)]"
2019-06-28 14:53:00,ASK_DEPTH,"[(100511, 120)]"
2019-06-28 14:53:00,IMBALANCE,"[170, 120]"
2019-06-28 14:53:00,HOLDINGS_UPDATED,"{'CASH': 6688728, 'JPM': 28}"
2019-06-28 14:54:00,BID_DEPTH,"[(99942, 240)]"
2019-06-28 14:54:00,ASK_DEPTH,"[(100201, 191)]"
2019-06-28 14:54:00,IMBALANCE,"[240, 191]"
2019-06-28 14:54:00,HOLDINGS_UPDATED,"{'CASH': 6287924, 'JPM': 32}"
2019-06-28 14:55:00,BID_DEPTH,"[(99894, 100)]"
2019-06-28 14:55:00,ASK_DEPTH,"[(100201, 256)]"
2019-06-28 14:55:00,IMBALANCE,"[100, 256]"
2019-06-28 14:55:00,HOLDINGS_UPDATED,"{'CASH': 6687500, 'JPM': 28}"
2019-06-28 14:56:00,BID_DEPTH,"[(99849, 191)]"
2019-06-28 14:56:00,ASK_DEPTH,"[(99868, 284)]"
2019-06-28 14:56:00,IMBALANCE,"[191, 284]"
2019-06-28 14:56:00,HOLDINGS_UPDATED,"{'CASH': 7086896, 'JPM': 24}"
2019-06-28 14:57:00,BID_DEPTH,"[(99850, 191)]"
2019-06-28 14:57:00,ASK_DEPTH,"[(99868, 183)]"
2019-06-28 14:57:00,IMBALANCE,"[191, 183]"
2019-06-28 14:57:00,HOLDINGS_UPDATED,"{'CASH': 7486296, 'JPM': 20}"
2019-06-28 14:58:00,BID_DEPTH,"[(99794, 331)]"
2019-06-28 14:58:00,ASK_DEPTH,"[(99835, 380)]"
2019-06-28 14:58:00,IMBALANCE,"[331, 380]"
2019-06-28 14:58:00,HOLDINGS_UPDATED,"{'CASH': 7885472, 'JPM': 16}"
2019-06-28 14:59:00,BID_DEPTH,"[(99681, 331)]"
2019-06-28 14:59:00,ASK_DEPTH,"[(99835, 379)]"
2019-06-28 14:59:00,IMBALANCE,"[331, 379]"
2019-06-28 14:59:00,HOLDINGS_UPDATED,"{'CASH': 8284196, 'JPM': 12}"
2019-06-28 15:00:00,BID_DEPTH,"[(99681, 191)]"
2019-06-28 15:00:00,ASK_DEPTH,"[(99718, 240)]"
2019-06-28 15:00:00,IMBALANCE,"[191, 240]"
2019-06-28 15:00:00,HOLDINGS_UPDATED,"{'CASH': 8682920, 'JPM': 8}"
2019-06-28 15:01:00,BID_DEPTH,"[(99682, 146)]"
2019-06-28 15:01:00,ASK_DEPTH,"[(99835, 293)]"
2019-06-28 15:01:00,IMBALANCE,"[146, 293]"
2019-06-28 15:01:00,HOLDINGS_UPDATED,"{'CASH': 9081648, 'JPM': 4}"
2019-06-28 15:02:00,BID_DEPTH,"[(99520, 191)]"
2019-06-28 15:02:00,ASK_DEPTH,"[(99835, 337)]"
2019-06-28 15:02:00,IMBALANCE,"[191, 337]"
2019-06-28 15:02:00,HOLDINGS_UPDATED,{'CASH': 9479728}
2019-06-28 15:03:00,BID_DEPTH,"[(99466, 121)]"
2019-06-28 15:03:00,ASK_DEPTH,"[(99835, 266)]"
2019-06-28 15:03:00,IMBALANCE,"[121, 266]"
2019-06-28 15:03:00,HOLDINGS_UPDATED,"{'CASH': 9877592, 'JPM': -4}"
2019-06-28 15:04:00,BID_DEPTH,"[(99413, 146)]"
2019-06-28 15:04:00,ASK_DEPTH,"[(99806, 195)]"
2019-06-28 15:04:00,IMBALANCE,"[146, 195]"
2019-06-28 15:04:00,HOLDINGS_UPDATED,"{'CASH': 10275244, 'JPM': -8}"
2019-06-28 15:05:00,BID_DEPTH,"[(99390, 146)]"
2019-06-28 15:05:00,ASK_DEPTH,"[(99806, 294)]"
2019-06-28 15:05:00,IMBALANCE,"[146, 294]"
2019-06-28 15:05:00,HOLDINGS_UPDATED,"{'CASH': 10672804, 'JPM': -12}"
2019-06-28 15:06:00,BID_DEPTH,"[(99384, 107)]"
2019-06-28 15:06:00,ASK_DEPTH,"[(99806, 254)]"
2019-06-28 15:06:00,IMBALANCE,"[107, 254]"
2019-06-28 15:06:00,HOLDINGS_UPDATED,"{'CASH': 11070340, 'JPM': -16}"
2019-06-28 15:07:00,BID_DEPTH,"[(99551, 107)]"
2019-06-28 15:07:00,ASK_DEPTH,"[(99705, 156)]"
2019-06-28 15:07:00,IMBALANCE,"[107, 156]"
2019-06-28 15:07:00,HOLDINGS_UPDATED,"{'CASH': 11468544, 'JPM': -20}"
2019-06-28 15:08:00,BID_DEPTH,"[(99453, 121)]"
2019-06-28 15:08:00,ASK_DEPTH,"[(99705, 169)]"
2019-06-28 15:08:00,IMBALANCE,"[121, 169]"
2019-06-28 15:08:00,HOLDINGS_UPDATED,"{'CASH': 11866356, 'JPM': -24}"
2019-06-28 15:09:00,BID_DEPTH,"[(99705, 53)]"
2019-06-28 15:09:00,ASK_DEPTH,"[(99806, 192)]"
2019-06-28 15:09:00,IMBALANCE,"[53, 192]"
2019-06-28 15:09:00,HOLDINGS_UPDATED,"{'CASH': 12265176, 'JPM': -28}"
2019-06-28 15:10:00,BID_DEPTH,"[(99705, 89)]"
2019-06-28 15:10:00,ASK_DEPTH,"[(99806, 192)]"
2019-06-28 15:10:00,IMBALANCE,"[89, 192]"
2019-06-28 15:10:00,HOLDINGS_UPDATED,"{'CASH': 12663996, 'JPM': -32}"
2019-06-28 15:11:00,BID_DEPTH,"[(99727, 121)]"
2019-06-28 15:11:00,ASK_DEPTH,"[(99835, 370)]"
2019-06-28 15:11:00,IMBALANCE,"[121, 370]"
2019-06-28 15:11:00,HOLDINGS_UPDATED,"{'CASH': 13062904, 'JPM': -36}"
2019-06-28 15:12:00,BID_DEPTH,"[(99619, 191)]"
2019-06-28 15:12:00,ASK_DEPTH,"[(99727, 181)]"
2019-06-28 15:12:00,IMBALANCE,"[191, 181]"
2019-06-28 15:12:00,HOLDINGS_UPDATED,"{'CASH': 13461380, 'JPM': -40}"
2019-06-28 15:13:00,BID_DEPTH,"[(99619, 246)]"
2019-06-28 15:13:00,ASK_DEPTH,"[(99727, 135)]"
2019-06-28 15:13:00,IMBALANCE,"[246, 135]"
2019-06-28 15:13:00,HOLDINGS_UPDATED,"{'CASH': 13859856, 'JPM': -44}"
2019-06-28 15:14:00,BID_DEPTH,"[(99619, 180)]"
2019-06-28 15:14:00,ASK_DEPTH,"[(99727, 179)]"
2019-06-28 15:14:00,IMBALANCE,"[180, 179]"
2019-06-28 15:14:00,HOLDINGS_UPDATED,"{'CASH': 14258332, 'JPM': -48}"
2019-06-28 15:15:00,BID_DEPTH,"[(99727, 183)]"
2019-06-28 15:15:00,ASK_DEPTH,"[(99734, 240)]"
2019-06-28 15:15:00,IMBALANCE,"[183, 240]"
2019-06-28 15:15:00,HOLDINGS_UPDATED,"{'CASH': 14657240, 'JPM': -52}"
2019-06-28 15:16:00,BID_DEPTH,"[(99370, 107)]"
2019-06-28 15:16:00,ASK_DEPTH,"[(99461, 156)]"
2019-06-28 15:16:00,IMBALANCE,"[107, 156]"
2019-06-28 15:16:00,HOLDINGS_UPDATED,"{'CASH': 15054720, 'JPM': -56}"
2019-06-28 15:17:00,BID_DEPTH,"[(99370, 331)]"
2019-06-28 15:17:00,ASK_DEPTH,"[(99461, 379)]"
2019-06-28 15:17:00,IMBALANCE,"[331, 379]"
2019-06-28 15:17:00,HOLDINGS_UPDATED,"{'CASH': 15452200, 'JPM': -60}"
2019-06-28 15:18:00,BID_DEPTH,"[(99370, 331)]"
2019-06-28 15:18:00,ASK_DEPTH,"[(99461, 378)]"
2019-06-28 15:18:00,IMBALANCE,"[331, 378]"
2019-06-28 15:18:00,HOLDINGS_UPDATED,"{'CASH': 15849680, 'JPM': -64}"
2019-06-28 15:19:00,BID_DEPTH,"[(99734, 252)]"
2019-06-28 15:19:00,ASK_DEPTH,"[(99835, 156)]"
2019-06-28 15:19:00,IMBALANCE,"[252, 156]"
2019-06-28 15:19:00,HOLDINGS_UPDATED,"{'CASH': 16248616, 'JPM': -68}"
2019-06-28 15:20:00,BID_DEPTH,"[(99835, 107)]"
2019-06-28 15:20:00,ASK_DEPTH,"[(99839, 156)]"
2019-06-28 15:20:00,IMBALANCE,"[107, 156]"
2019-06-28 15:20:00,HOLDINGS_UPDATED,"{'CASH': 16647956, 'JPM': -72}"
2019-06-28 15:21:00,BID_DEPTH,"[(99734, 225)]"
2019-06-28 15:21:00,ASK_DEPTH,"[(99858, 240)]"
2019-06-28 15:21:00,IMBALANCE,"[225, 240]"
2019-06-28 15:21:00,HOLDINGS_UPDATED,"{'CASH': 17046892, 'JPM': -76}"
2019-06-28 15:22:00,BID_DEPTH,"[(99734, 69)]"
2019-06-28 15:22:00,ASK_DEPTH,"[(99950, 195)]"
2019-06-28 15:22:00,IMBALANCE,"[69, 195]"
2019-06-28 15:22:00,HOLDINGS_UPDATED,"{'CASH': 17445828, 'JPM': -80}"
2019-06-28 15:23:00,BID_DEPTH,"[(99734, 146)]"
2019-06-28 15:23:00,ASK_DEPTH,"[(99840, 195)]"
2019-06-28 15:23:00,IMBALANCE,"[146, 195]"
2019-06-28 15:23:00,HOLDINGS_UPDATED,"{'CASH': 17844764, 'JPM': -84}"
2019-06-28 15:24:00,BID_DEPTH,"[(99637, 191)]"
2019-06-28 15:24:00,ASK_DEPTH,"[(99840, 239)]"
2019-06-28 15:24:00,IMBALANCE,"[191, 239]"
2019-06-28 15:24:00,HOLDINGS_UPDATED,"{'CASH': 18243312, 'JPM': -88}"
2019-06-28 15:25:00,BID_DEPTH,"[(99472, 121)]"
2019-06-28 15:25:00,ASK_DEPTH,"[(99840, 268)]"
2019-06-28 15:25:00,IMBALANCE,"[121, 268]"
2019-06-28 15:25:00,HOLDINGS_UPDATED,"{'CASH': 18641200, 'JPM': -92}"
2019-06-28 15:26:00,BID_DEPTH,"[(99293, 146)]"
2019-06-28 15:26:00,ASK_DEPTH,"[(99840, 392)]"
2019-06-28 15:26:00,IMBALANCE,"[146, 392]"
2019-06-28 15:26:00,HOLDINGS_UPDATED,"{'CASH': 19038372, 'JPM': -96}"
2019-06-28 15:27:00,BID_DEPTH,"[(99680, 146)]"
2019-06-28 15:27:00,ASK_DEPTH,"[(99840, 491)]"
2019-06-28 15:27:00,IMBALANCE,"[146, 491]"
2019-06-28 15:27:00,HOLDINGS_UPDATED,"{'CASH': 19437092, 'JPM': -100}"
2019-06-28 15:28:00,BID_DEPTH,"[(99446, 191)]"
2019-06-28 15:28:00,ASK_DEPTH,"[(99616, 240)]"
2019-06-28 15:28:00,IMBALANCE,"[191, 240]"
2019-06-28 15:28:00,HOLDINGS_UPDATED,"{'CASH': 19834876, 'JPM': -104}"
2019-06-28 15:29:00,BID_DEPTH,"[(99287, 121)]"
2019-06-28 15:29:00,ASK_DEPTH,"[(99491, 170)]"
2019-06-28 15:29:00,IMBALANCE,"[121, 170]"
2019-06-28 15:29:00,HOLDINGS_UPDATED,"{'CASH': 20232024, 'JPM': -108}"
2019-06-28 15:30:00,BID_DEPTH,"[(99287, 331)]"
2019-06-28 15:30:00,ASK_DEPTH,"[(99433, 380)]"
2019-06-28 15:30:00,IMBALANCE,"[331, 380]"
2019-06-28 15:30:00,HOLDINGS_UPDATED,"{'CASH': 20629172, 'JPM': -112}"
2019-06-28 15:31:00,BID_DEPTH,"[(99017, 191)]"
2019-06-28 15:31:00,ASK_DEPTH,"[(99433, 239)]"
2019-06-28 15:31:00,IMBALANCE,"[191, 239]"
2019-06-28 15:31:00,HOLDINGS_UPDATED,"{'CASH': 21025240, 'JPM': -116}"
2019-06-28 15:32:00,BID_DEPTH,"[(99075, 121)]"
2019-06-28 15:32:00,ASK_DEPTH,"[(99199, 170)]"
2019-06-28 15:32:00,IMBALANCE,"[121, 170]"
2019-06-28 15:32:00,HOLDINGS_UPDATED,"{'CASH': 21421540, 'JPM': -120}"
2019-06-28 15:33:00,BID_DEPTH,"[(99166, 121)]"
2019-06-28 15:33:00,ASK_DEPTH,"[(99323, 170)]"
2019-06-28 15:33:00,IMBALANCE,"[121, 170]"
2019-06-28 15:33:00,HOLDINGS_UPDATED,"{'CASH': 21818204, 'JPM': -124}"
2019-06-28 15:34:00,BID_DEPTH,"[(99166, 191)]"
2019-06-28 15:34:00,ASK_DEPTH,"[(99323, 239)]"
2019-06-28 15:34:00,IMBALANCE,"[191, 239]"
2019-06-28 15:34:00,HOLDINGS_UPDATED,"{'CASH': 22214868, 'JPM': -128}"
2019-06-28 15:35:00,BID_DEPTH,"[(98629, 146)]"
2019-06-28 15:35:00,ASK_DEPTH,"[(99433, 193)]"
2019-06-28 15:35:00,IMBALANCE,"[146, 193]"
2019-06-28 15:35:00,HOLDINGS_UPDATED,"{'CASH': 22609384, 'JPM': -132}"
2019-06-28 15:36:00,BID_DEPTH,"[(98629, 291)]"
2019-06-28 15:36:00,ASK_DEPTH,"[(99309, 240)]"
2019-06-28 15:36:00,IMBALANCE,"[291, 240]"
2019-06-28 15:36:00,HOLDINGS_UPDATED,"{'CASH': 23003900, 'JPM': -136}"
2019-06-28 15:37:00,BID_DEPTH,"[(98629, 96)]"
2019-06-28 15:37:00,ASK_DEPTH,"[(99433, 153)]"
2019-06-28 15:37:00,IMBALANCE,"[96, 153]"
2019-06-28 15:37:00,HOLDINGS_UPDATED,"{'CASH': 23398416, 'JPM': -140}"
2019-06-28 15:38:00,BID_DEPTH,"[(99402, 146)]"
2019-06-28 15:38:00,ASK_DEPTH,"[(99491, 194)]"
2019-06-28 15:38:00,IMBALANCE,"[146, 194]"
2019-06-28 15:38:00,HOLDINGS_UPDATED,"{'CASH': 23796024, 'JPM': -144}"
2019-06-28 15:39:00,BID_DEPTH,"[(99244, 146)]"
2019-06-28 15:39:00,ASK_DEPTH,"[(99512, 195)]"
2019-06-28 15:39:00,IMBALANCE,"[146, 195]"
2019-06-28 15:39:00,HOLDINGS_UPDATED,"{'CASH': 24193000, 'JPM': -148}"
2019-06-28 15:40:00,BID_DEPTH,"[(99244, 191)]"
2019-06-28 15:40:00,ASK_DEPTH,"[(99512, 239)]"
2019-06-28 15:40:00,IMBALANCE,"[191, 239]"
2019-06-28 15:40:00,HOLDINGS_UPDATED,"{'CASH': 24589976, 'JPM': -152}"
2019-06-28 15:41:00,BID_DEPTH,"[(99216, 107)]"
2019-06-28 15:41:00,ASK_DEPTH,"[(99520, 156)]"
2019-06-28 15:41:00,IMBALANCE,"[107, 156]"
2019-06-28 15:41:00,HOLDINGS_UPDATED,"{'CASH': 24986840, 'JPM': -156}"
2019-06-28 15:42:00,BID_DEPTH,"[(99204, 121)]"
2019-06-28 15:42:00,ASK_DEPTH,"[(99545, 170)]"
2019-06-28 15:42:00,IMBALANCE,"[121, 170]"
2019-06-28 15:42:00,HOLDINGS_UPDATED,"{'CASH': 25383656, 'JPM': -160}"
2019-06-28 15:43:00,BID_DEPTH,"[(99459, 146)]"
2019-06-28 15:43:00,ASK_DEPTH,"[(99545, 194)]"
2019-06-28 15:43:00,IMBALANCE,"[146, 194]"
2019-06-28 15:43:00,HOLDINGS_UPDATED,"{'CASH': 25781492, 'JPM': -164}"
2019-06-28 15:44:00,BID_DEPTH,"[(99200, 331)]"
2019-06-28 15:44:00,ASK_DEPTH,"[(99545, 578)]"
2019-06-28 15:44:00,IMBALANCE,"[331, 578]"
2019-06-28 15:44:00,HOLDINGS_UPDATED,"{'CASH': 26178292, 'JPM': -168}"
2019-06-28 15:45:00,BID_DEPTH,"[(99200, 221)]"
2019-06-28 15:45:00,ASK_DEPTH,"[(99402, 170)]"
2019-06-28 15:45:00,IMBALANCE,"[221, 170]"
2019-06-28 15:45:00,HOLDINGS_UPDATED,"{'CASH': 26575092, 'JPM': -172}"
2019-06-28 15:46:00,BID_DEPTH,"[(99402, 97)]"
2019-06-28 15:46:00,ASK_DEPTH,"[(99545, 237)]"
2019-06-28 15:46:00,IMBALANCE,"[97, 237]"
2019-06-28 15:46:00,HOLDINGS_UPDATED,"{'CASH': 26972700, 'JPM': -176}"
2019-06-28 15:47:00,BID_DEPTH,"[(99545, 121)]"
2019-06-28 15:47:00,ASK_DEPTH,"[(99552, 170)]"
2019-06-28 15:47:00,IMBALANCE,"[121, 170]"
2019-06-28 15:47:00,HOLDINGS_UPDATED,"{'CASH': 27370880, 'JPM': -180}"
2019-06-28 15:48:00,BID_DEPTH,"[(99402, 121)]"
2019-06-28 15:48:00,ASK_DEPTH,"[(99552, 169)]"
2019-06-28 15:48:00,IMBALANCE,"[121, 169]"
2019-06-28 15:48:00,HOLDINGS_UPDATED,"{'CASH': 27768488, 'JPM': -184}"
2019-06-28 15:49:00,BID_DEPTH,"[(99220, 121)]"
2019-06-28 15:49:00,ASK_DEPTH,"[(99424, 170)]"
2019-06-28 15:49:00,IMBALANCE,"[121, 170]"
2019-06-28 15:49:00,HOLDINGS_UPDATED,"{'CASH': 28165368, 'JPM': -188}"
2019-06-28 15:50:00,BID_DEPTH,"[(99316, 331)]"
2019-06-28 15:50:00,ASK_DEPTH,"[(99552, 378)]"
2019-06-28 15:50:00,IMBALANCE,"[331, 378]"
2019-06-28 15:50:00,HOLDINGS_UPDATED,"{'CASH': 28562632, 'JPM': -192}"
2019-06-28 15:51:00,BID_DEPTH,"[(99394, 146)]"
2019-06-28 15:51:00,ASK_DEPTH,"[(99552, 292)]"
2019-06-28 15:51:00,IMBALANCE,"[146, 292]"
2019-06-28 15:51:00,HOLDINGS_UPDATED,"{'CASH': 28960208, 'JPM': -196}"
2019-06-28 15:52:00,BID_DEPTH,"[(99452, 107)]"
2019-06-28 15:52:00,ASK_DEPTH,"[(99625, 156)]"
2019-06-28 15:52:00,IMBALANCE,"[107, 156]"
2019-06-28 15:52:00,HOLDINGS_UPDATED,"{'CASH': 29358016, 'JPM': -200}"
2019-06-28 15:53:00,BID_DEPTH,"[(99220, 107)]"
2019-06-28 15:53:00,ASK_DEPTH,"[(99625, 156)]"
2019-06-28 15:53:00,IMBALANCE,"[107, 156]"
2019-06-28 15:53:00,HOLDINGS_UPDATED,"{'CASH': 29754896, 'JPM': -204}"
2019-06-28 15:54:00,BID_DEPTH,"[(99553, 146)]"
2019-06-28 15:54:00,ASK_DEPTH,"[(99625, 195)]"
2019-06-28 15:54:00,IMBALANCE,"[146, 195]"
2019-06-28 15:54:00,HOLDINGS_UPDATED,"{'CASH': 30153108, 'JPM': -208}"
2019-06-28 15:55:00,BID_DEPTH,"[(99457, 146)]"
2019-06-28 15:55:00,ASK_DEPTH,"[(99553, 195)]"
2019-06-28 15:55:00,IMBALANCE,"[146, 195]"
2019-06-28 15:55:00,HOLDINGS_UPDATED,"{'CASH': 30550936, 'JPM': -212}"
2019-06-28 15:56:00,BID_DEPTH,"[(99456, 146)]"
2019-06-28 15:56:00,ASK_DEPTH,"[(99688, 195)]"
2019-06-28 15:56:00,IMBALANCE,"[146, 195]"
2019-06-28 15:56:00,HOLDINGS_UPDATED,"{'CASH': 30948760, 'JPM': -216}"
2019-06-28 15:57:00,BID_DEPTH,"[(99688, 51)]"
2019-06-28 15:57:00,ASK_DEPTH,"[(99737, 170)]"
2019-06-28 15:57:00,IMBALANCE,"[51, 170]"
2019-06-28 15:57:00,HOLDINGS_UPDATED,"{'CASH': 31347512, 'JPM': -220}"
2019-06-28 15:58:00,BID_DEPTH,"[(99429, 284)]"
2019-06-28 15:58:00,ASK_DEPTH,"[(99688, 144)]"
2019-06-28 15:58:00,IMBALANCE,"[284, 144]"
2019-06-28 15:58:00,HOLDINGS_UPDATED,"{'CASH': 31745228, 'JPM': -224}"
2019-06-28 15:59:00,BID_DEPTH,"[(99429, 313)]"
2019-06-28 15:59:00,ASK_DEPTH,"[(99688, 480)]"
2019-06-28 15:59:00,IMBALANCE,"[313, 480]"
2019-06-28 15:59:00,HOLDINGS_UPDATED,"{'CASH': 32142944, 'JPM': -228}"
2019-06-28 16:00:00,BID_DEPTH,"[(99220, 146)]"
2019-06-28 16:00:00,ASK_DEPTH,"[(99688, 295)]"
2019-06-28 16:00:00,IMBALANCE,"[146, 295]"
2019-06-28 16:00:00,HOLDINGS_UPDATED,"{'CASH': 32539824, 'JPM': -232}"
2019-06-28 16:01:00,BID_DEPTH,"[(99220, 84)]"
2019-06-28 16:01:00,ASK_DEPTH,"[(99688, 295)]"
2019-06-28 16:01:00,IMBALANCE,"[84, 295]"
2019-06-28 16:01:00,MKT_CLOSED,
2019-06-28 16:01:00,FINAL_HOLDINGS,"{ JPM: -232, CASH: 32539824 }"
2019-06-28 16:01:00,FINAL_CASH_POSITION,32539824
2019-06-28 16:01:00,MARK_TO_MARKET,-232 JPM @ 99220 == -23019040
2019-06-28 16:01:00,MARKED_TO_MARKET,9520784
2019-06-28 16:01:00,ENDING_CASH,9520784
