EventTime,EventType,Event
,AGENT_TYPE,MomentumAgent
,STARTING_CASH,10000000
2019-06-28 09:30:00,HOLDINGS_UPDATED,{'CASH': 10000000}
2019-06-28 09:31:00,BID_DEPTH,"[(99995, 154)]"
2019-06-28 09:31:00,ASK_DEPTH,"[(100012, 154)]"
2019-06-28 09:31:00,IMBALANCE,"[154, 154]"
2019-06-28 09:32:00,BID_DEPTH,"[(100005, 234)]"
2019-06-28 09:32:00,ASK_DEPTH,"[(100012, 234)]"
2019-06-28 09:32:00,IMBALANCE,"[234, 234]"
2019-06-28 09:33:00,BID_DEPTH,"[(100005, 469)]"
2019-06-28 09:33:00,ASK_DEPTH,"[(100010, 369)]"
2019-06-28 09:33:00,IMBALANCE,"[469, 369]"
2019-06-28 09:34:00,BID_DEPTH,"[(100005, 534)]"
2019-06-28 09:34:00,ASK_DEPTH,"[(100010, 234)]"
2019-06-28 09:34:00,IMBALANCE,"[534, 234]"
2019-06-28 09:35:00,BID_DEPTH,"[(100005, 567)]"
2019-06-28 09:35:00,ASK_DEPTH,"[(100012, 167)]"
2019-06-28 09:35:00,IMBALANCE,"[567, 167]"
2019-06-28 09:36:00,BID_DEPTH,"[(100010, 191)]"
2019-06-28 09:36:00,ASK_DEPTH,"[(100018, 191)]"
2019-06-28 09:36:00,IMBALANCE,"[191, 191]"
2019-06-28 09:37:00,BID_DEPTH,"[(100010, 254)]"
2019-06-28 09:37:00,ASK_DEPTH,"[(100019, 154)]"
2019-06-28 09:37:00,IMBALANCE,"[254, 154]"
2019-06-28 09:38:00,BID_DEPTH,"[(100010, 267)]"
2019-06-28 09:38:00,ASK_DEPTH,"[(100026, 167)]"
2019-06-28 09:38:00,IMBALANCE,"[267, 167]"
2019-06-28 09:39:00,BID_DEPTH,"[(100010, 469)]"
2019-06-28 09:39:00,ASK_DEPTH,"[(100035, 369)]"
2019-06-28 09:39:00,IMBALANCE,"[469, 369]"
2019-06-28 09:40:00,BID_DEPTH,"[(100010, 291)]"
2019-06-28 09:40:00,ASK_DEPTH,"[(100057, 191)]"
2019-06-28 09:40:00,IMBALANCE,"[291, 191]"
2019-06-28 09:41:00,BID_DEPTH,"[(100074, 267)]"
2019-06-28 09:41:00,ASK_DEPTH,"[(100091, 167)]"
2019-06-28 09:41:00,IMBALANCE,"[267, 167]"
2019-06-28 09:42:00,BID_DEPTH,"[(100074, 254)]"
2019-06-28 09:42:00,ASK_DEPTH,"[(100108, 154)]"
2019-06-28 09:42:00,IMBALANCE,"[254, 154]"
2019-06-28 09:43:00,BID_DEPTH,"[(100091, 167)]"
2019-06-28 09:43:00,ASK_DEPTH,"[(100108, 167)]"
2019-06-28 09:43:00,IMBALANCE,"[167, 167]"
2019-06-28 09:44:00,BID_DEPTH,"[(100091, 267)]"
2019-06-28 09:44:00,ASK_DEPTH,"[(100228, 167)]"
2019-06-28 09:44:00,IMBALANCE,"[267, 167]"
2019-06-28 09:45:00,BID_DEPTH,"[(100266, 180)]"
2019-06-28 09:45:00,ASK_DEPTH,"[(100347, 234)]"
2019-06-28 09:45:00,IMBALANCE,"[180, 234]"
2019-06-28 09:46:00,BID_DEPTH,"[(100266, 315)]"
2019-06-28 09:46:00,ASK_DEPTH,"[(100407, 369)]"
2019-06-28 09:46:00,IMBALANCE,"[315, 369]"
2019-06-28 09:47:00,BID_DEPTH,"[(100407, 302)]"
2019-06-28 09:47:00,ASK_DEPTH,"[(100485, 369)]"
2019-06-28 09:47:00,IMBALANCE,"[302, 369]"
2019-06-28 09:48:00,BID_DEPTH,"[(100407, 100)]"
2019-06-28 09:48:00,ASK_DEPTH,"[(100485, 167)]"
2019-06-28 09:48:00,IMBALANCE,"[100, 167]"
2019-06-28 09:49:00,BID_DEPTH,"[(100407, 87)]"
2019-06-28 09:49:00,ASK_DEPTH,"[(100566, 154)]"
2019-06-28 09:49:00,IMBALANCE,"[87, 154]"
2019-06-28 09:50:00,BID_DEPTH,"[(100546, 167)]"
2019-06-28 09:50:00,ASK_DEPTH,"[(100620, 167)]"
2019-06-28 09:50:00,IMBALANCE,"[167, 167]"
2019-06-28 09:51:00,BID_DEPTH,"[(100546, 234)]"
2019-06-28 09:51:00,ASK_DEPTH,"[(100565, 234)]"
2019-06-28 09:51:00,IMBALANCE,"[234, 234]"
2019-06-28 09:52:00,BID_DEPTH,"[(100546, 234)]"
2019-06-28 09:52:00,ASK_DEPTH,"[(100565, 334)]"
2019-06-28 09:52:00,IMBALANCE,"[234, 334]"
2019-06-28 09:53:00,BID_DEPTH,"[(100407, 124)]"
2019-06-28 09:53:00,ASK_DEPTH,"[(100565, 291)]"
2019-06-28 09:53:00,IMBALANCE,"[124, 291]"
2019-06-28 09:54:00,BID_DEPTH,"[(100091, 334)]"
2019-06-28 09:54:00,ASK_DEPTH,"[(100565, 334)]"
2019-06-28 09:54:00,IMBALANCE,"[334, 334]"
2019-06-28 09:55:00,BID_DEPTH,"[(100091, 469)]"
2019-06-28 09:55:00,ASK_DEPTH,"[(100546, 369)]"
2019-06-28 09:55:00,IMBALANCE,"[469, 369]"
2019-06-28 09:56:00,BID_DEPTH,"[(100005, 334)]"
2019-06-28 09:56:00,ASK_DEPTH,"[(100090, 234)]"
2019-06-28 09:56:00,IMBALANCE,"[334, 234]"
2019-06-28 09:57:00,BID_DEPTH,"[(100005, 154)]"
2019-06-28 09:57:00,ASK_DEPTH,"[(100090, 154)]"
2019-06-28 09:57:00,IMBALANCE,"[154, 154]"
2019-06-28 09:58:00,BID_DEPTH,"[(99985, 167)]"
2019-06-28 09:58:00,ASK_DEPTH,"[(100090, 167)]"
2019-06-28 09:58:00,IMBALANCE,"[167, 167]"
2019-06-28 09:59:00,BID_DEPTH,"[(99881, 369)]"
2019-06-28 09:59:00,ASK_DEPTH,"[(100005, 369)]"
2019-06-28 09:59:00,IMBALANCE,"[369, 369]"
2019-06-28 10:00:00,BID_DEPTH,"[(99907, 154)]"
2019-06-28 10:00:00,ASK_DEPTH,"[(99917, 154)]"
2019-06-28 10:00:00,IMBALANCE,"[154, 154]"
2019-06-28 10:01:00,BID_DEPTH,"[(99907, 167)]"
2019-06-28 10:01:00,ASK_DEPTH,"[(99917, 167)]"
2019-06-28 10:01:00,IMBALANCE,"[167, 167]"
2019-06-28 10:02:00,BID_DEPTH,"[(99907, 154)]"
2019-06-28 10:02:00,ASK_DEPTH,"[(99917, 154)]"
2019-06-28 10:02:00,IMBALANCE,"[154, 154]"
2019-06-28 10:03:00,BID_DEPTH,"[(99880, 234)]"
2019-06-28 10:03:00,ASK_DEPTH,"[(99917, 234)]"
2019-06-28 10:03:00,IMBALANCE,"[234, 234]"
2019-06-28 10:04:00,BID_DEPTH,"[(99864, 154)]"
2019-06-28 10:04:00,ASK_DEPTH,"[(99917, 154)]"
2019-06-28 10:04:00,IMBALANCE,"[154, 154]"
2019-06-28 10:05:00,BID_DEPTH,"[(99830, 167)]"
2019-06-28 10:05:00,ASK_DEPTH,"[(99917, 167)]"
2019-06-28 10:05:00,IMBALANCE,"[167, 167]"
2019-06-28 10:06:00,BID_DEPTH,"[(99738, 369)]"
2019-06-28 10:06:00,ASK_DEPTH,"[(99864, 369)]"
2019-06-28 10:06:00,IMBALANCE,"[369, 369]"
2019-06-28 10:07:00,BID_DEPTH,"[(99738, 191)]"
2019-06-28 10:07:00,ASK_DEPTH,"[(99769, 191)]"
2019-06-28 10:07:00,IMBALANCE,"[191, 191]"
2019-06-28 10:08:00,BID_DEPTH,"[(99738, 167)]"
2019-06-28 10:08:00,ASK_DEPTH,"[(99769, 167)]"
2019-06-28 10:08:00,IMBALANCE,"[167, 167]"
2019-06-28 10:09:00,BID_DEPTH,"[(99738, 234)]"
2019-06-28 10:09:00,ASK_DEPTH,"[(99864, 234)]"
2019-06-28 10:09:00,IMBALANCE,"[234, 234]"
2019-06-28 10:10:00,BID_DEPTH,"[(99831, 291)]"
2019-06-28 10:10:00,ASK_DEPTH,"[(99926, 191)]"
2019-06-28 10:10:00,IMBALANCE,"[291, 191]"
2019-06-28 10:11:00,BID_DEPTH,"[(99831, 334)]"
2019-06-28 10:11:00,ASK_DEPTH,"[(99926, 234)]"
2019-06-28 10:11:00,IMBALANCE,"[334, 234]"
2019-06-28 10:12:00,BID_DEPTH,"[(99831, 234)]"
2019-06-28 10:12:00,ASK_DEPTH,"[(99863, 234)]"
2019-06-28 10:12:00,IMBALANCE,"[234, 234]"
2019-06-28 10:13:00,BID_DEPTH,"[(99831, 234)]"
2019-06-28 10:13:00,ASK_DEPTH,"[(99863, 234)]"
2019-06-28 10:13:00,IMBALANCE,"[234, 234]"
2019-06-28 10:14:00,BID_DEPTH,"[(99703, 369)]"
2019-06-28 10:14:00,ASK_DEPTH,"[(99831, 469)]"
2019-06-28 10:14:00,IMBALANCE,"[369, 469]"
2019-06-28 10:15:00,BID_DEPTH,"[(99703, 191)]"
2019-06-28 10:15:00,ASK_DEPTH,"[(99831, 491)]"
2019-06-28 10:15:00,IMBALANCE,"[191, 491]"
2019-06-28 10:16:00,BID_DEPTH,"[(99703, 167)]"
2019-06-28 10:16:00,ASK_DEPTH,"[(99831, 567)]"
2019-06-28 10:16:00,IMBALANCE,"[167, 567]"
2019-06-28 10:17:00,BID_DEPTH,"[(99703, 191)]"
2019-06-28 10:17:00,ASK_DEPTH,"[(99831, 591)]"
2019-06-28 10:17:00,IMBALANCE,"[191, 591]"
2019-06-28 10:18:00,BID_DEPTH,"[(99554, 154)]"
2019-06-28 10:18:00,ASK_DEPTH,"[(99703, 254)]"
2019-06-28 10:18:00,IMBALANCE,"[154, 254]"
2019-06-28 10:19:00,BID_DEPTH,"[(99554, 167)]"
2019-06-28 10:19:00,ASK_DEPTH,"[(99703, 167)]"
2019-06-28 10:19:00,IMBALANCE,"[167, 167]"
2019-06-28 10:20:00,BID_DEPTH,"[(99576, 167)]"
2019-06-28 10:20:00,ASK_DEPTH,"[(99645, 167)]"
2019-06-28 10:20:00,IMBALANCE,"[167, 167]"
2019-06-28 10:21:00,BID_DEPTH,"[(99577, 120)]"
2019-06-28 10:21:00,ASK_DEPTH,"[(99703, 167)]"
2019-06-28 10:21:00,IMBALANCE,"[120, 167]"
2019-06-28 10:21:00,HOLDINGS_UPDATED,"{'CASH': 10796616, 'JPM': -8}"
2019-06-28 10:22:00,BID_DEPTH,"[(99576, 144)]"
2019-06-28 10:22:00,ASK_DEPTH,"[(99831, 591)]"
2019-06-28 10:22:00,IMBALANCE,"[144, 591]"
2019-06-28 10:22:00,HOLDINGS_UPDATED,"{'CASH': 11593224, 'JPM': -16}"
2019-06-28 10:23:00,BID_DEPTH,"[(99631, 187)]"
2019-06-28 10:23:00,ASK_DEPTH,"[(99831, 634)]"
2019-06-28 10:23:00,IMBALANCE,"[187, 634]"
2019-06-28 10:23:00,HOLDINGS_UPDATED,"{'CASH': 12390272, 'JPM': -24}"
2019-06-28 10:24:00,BID_DEPTH,"[(99576, 120)]"
2019-06-28 10:24:00,ASK_DEPTH,"[(99831, 567)]"
2019-06-28 10:24:00,IMBALANCE,"[120, 567]"
2019-06-28 10:24:00,HOLDINGS_UPDATED,"{'CASH': 13186880, 'JPM': -32}"
2019-06-28 10:25:00,BID_DEPTH,"[(99373, 120)]"
2019-06-28 10:25:00,ASK_DEPTH,"[(99443, 76)]"
2019-06-28 10:25:00,IMBALANCE,"[120, 76]"
2019-06-28 10:25:00,HOLDINGS_UPDATED,"{'CASH': 13981864, 'JPM': -40}"
2019-06-28 10:26:00,BID_DEPTH,"[(99333, 120)]"
2019-06-28 10:26:00,ASK_DEPTH,"[(99373, 111)]"
2019-06-28 10:26:00,IMBALANCE,"[120, 111]"
2019-06-28 10:26:00,HOLDINGS_UPDATED,"{'CASH': 14776528, 'JPM': -48}"
2019-06-28 10:27:00,BID_DEPTH,"[(99085, 120)]"
2019-06-28 10:27:00,ASK_DEPTH,"[(99252, 100)]"
2019-06-28 10:27:00,IMBALANCE,"[120, 100]"
2019-06-28 10:27:00,HOLDINGS_UPDATED,"{'CASH': 15569208, 'JPM': -56}"
2019-06-28 10:28:00,BID_DEPTH,"[(99037, 120)]"
2019-06-28 10:28:00,ASK_DEPTH,"[(99252, 100)]"
2019-06-28 10:28:00,IMBALANCE,"[120, 100]"
2019-06-28 10:28:00,HOLDINGS_UPDATED,"{'CASH': 16361504, 'JPM': -64}"
2019-06-28 10:29:00,BID_DEPTH,"[(98784, 120)]"
2019-06-28 10:29:00,ASK_DEPTH,"[(99037, 220)]"
2019-06-28 10:29:00,IMBALANCE,"[120, 220]"
2019-06-28 10:29:00,HOLDINGS_UPDATED,"{'CASH': 17151776, 'JPM': -72}"
2019-06-28 10:30:00,BID_DEPTH,"[(98776, 187)]"
2019-06-28 10:30:00,ASK_DEPTH,"[(98784, 178)]"
2019-06-28 10:30:00,IMBALANCE,"[187, 178]"
2019-06-28 10:30:00,HOLDINGS_UPDATED,"{'CASH': 17941984, 'JPM': -80}"
2019-06-28 10:31:00,BID_DEPTH,"[(98776, 89)]"
2019-06-28 10:31:00,ASK_DEPTH,"[(98784, 178)]"
2019-06-28 10:31:00,IMBALANCE,"[89, 178]"
2019-06-28 10:31:00,HOLDINGS_UPDATED,"{'CASH': 18732192, 'JPM': -88}"
2019-06-28 10:32:00,BID_DEPTH,"[(98707, 107)]"
2019-06-28 10:32:00,ASK_DEPTH,"[(98784, 98)]"
2019-06-28 10:32:00,IMBALANCE,"[107, 98]"
2019-06-28 10:32:00,HOLDINGS_UPDATED,"{'CASH': 19521848, 'JPM': -96}"
2019-06-28 10:33:00,BID_DEPTH,"[(98784, 224)]"
2019-06-28 10:33:00,ASK_DEPTH,"[(98889, 369)]"
2019-06-28 10:33:00,IMBALANCE,"[224, 369]"
2019-06-28 10:33:00,HOLDINGS_UPDATED,"{'CASH': 20312120, 'JPM': -104}"
2019-06-28 10:34:00,BID_DEPTH,"[(98784, 189)]"
2019-06-28 10:34:00,ASK_DEPTH,"[(98889, 234)]"
2019-06-28 10:34:00,IMBALANCE,"[189, 234]"
2019-06-28 10:34:00,HOLDINGS_UPDATED,"{'CASH': 21102392, 'JPM': -112}"
2019-06-28 10:35:00,BID_DEPTH,"[(98784, 9)]"
2019-06-28 10:35:00,ASK_DEPTH,"[(98942, 154)]"
2019-06-28 10:35:00,IMBALANCE,"[9, 154]"
2019-06-28 10:35:00,HOLDINGS_UPDATED,"{'CASH': 21892664, 'JPM': -120}"
2019-06-28 10:36:00,BID_DEPTH,"[(98784, 22)]"
2019-06-28 10:36:00,ASK_DEPTH,"[(98942, 167)]"
2019-06-28 10:36:00,IMBALANCE,"[22, 167]"
2019-06-28 10:36:00,HOLDINGS_UPDATED,"{'CASH': 22682936, 'JPM': -128}"
2019-06-28 10:37:00,BID_DEPTH,"[(98860, 144)]"
2019-06-28 10:37:00,ASK_DEPTH,"[(98948, 191)]"
2019-06-28 10:37:00,IMBALANCE,"[144, 191]"
2019-06-28 10:37:00,HOLDINGS_UPDATED,"{'CASH': 23473816, 'JPM': -136}"
2019-06-28 10:38:00,BID_DEPTH,"[(98860, 109)]"
2019-06-28 10:38:00,ASK_DEPTH,"[(98948, 154)]"
2019-06-28 10:38:00,IMBALANCE,"[109, 154]"
2019-06-28 10:38:00,HOLDINGS_UPDATED,"{'CASH': 24264696, 'JPM': -144}"
2019-06-28 10:39:00,BID_DEPTH,"[(98873, 322)]"
2019-06-28 10:39:00,ASK_DEPTH,"[(99085, 369)]"
2019-06-28 10:39:00,IMBALANCE,"[322, 369]"
2019-06-28 10:39:00,HOLDINGS_UPDATED,"{'CASH': 25055680, 'JPM': -152}"
2019-06-28 10:40:00,BID_DEPTH,"[(98860, 107)]"
2019-06-28 10:40:00,ASK_DEPTH,"[(99085, 154)]"
2019-06-28 10:40:00,IMBALANCE,"[107, 154]"
2019-06-28 10:40:00,HOLDINGS_UPDATED,"{'CASH': 25846560, 'JPM': -160}"
2019-06-28 10:41:00,BID_DEPTH,"[(98932, 107)]"
2019-06-28 10:41:00,ASK_DEPTH,"[(99085, 154)]"
2019-06-28 10:41:00,IMBALANCE,"[107, 154]"
2019-06-28 10:41:00,HOLDINGS_UPDATED,"{'CASH': 26638016, 'JPM': -168}"
2019-06-28 10:42:00,BID_DEPTH,"[(98784, 74)]"
2019-06-28 10:42:00,ASK_DEPTH,"[(99085, 191)]"
2019-06-28 10:42:00,IMBALANCE,"[74, 191]"
2019-06-28 10:42:00,HOLDINGS_UPDATED,"{'CASH': 27428288, 'JPM': -176}"
2019-06-28 10:43:00,BID_DEPTH,"[(98784, 108)]"
2019-06-28 10:43:00,ASK_DEPTH,"[(98922, 154)]"
2019-06-28 10:43:00,IMBALANCE,"[108, 154]"
2019-06-28 10:43:00,HOLDINGS_UPDATED,"{'CASH': 28218560, 'JPM': -184}"
2019-06-28 10:44:00,BID_DEPTH,"[(98784, 187)]"
2019-06-28 10:44:00,ASK_DEPTH,"[(99085, 234)]"
2019-06-28 10:44:00,IMBALANCE,"[187, 234]"
2019-06-28 10:44:00,HOLDINGS_UPDATED,"{'CASH': 29008832, 'JPM': -192}"
2019-06-28 10:45:00,BID_DEPTH,"[(98946, 144)]"
2019-06-28 10:45:00,ASK_DEPTH,"[(99112, 191)]"
2019-06-28 10:45:00,IMBALANCE,"[144, 191]"
2019-06-28 10:45:00,HOLDINGS_UPDATED,"{'CASH': 29800400, 'JPM': -200}"
2019-06-28 10:46:00,BID_DEPTH,"[(98767, 187)]"
2019-06-28 10:46:00,ASK_DEPTH,"[(99112, 234)]"
2019-06-28 10:46:00,IMBALANCE,"[187, 234]"
2019-06-28 10:46:00,HOLDINGS_UPDATED,"{'CASH': 30590536, 'JPM': -208}"
2019-06-28 10:47:00,BID_DEPTH,"[(98767, 107)]"
2019-06-28 10:47:00,ASK_DEPTH,"[(99112, 154)]"
2019-06-28 10:47:00,IMBALANCE,"[107, 154]"
2019-06-28 10:47:00,HOLDINGS_UPDATED,"{'CASH': 31380672, 'JPM': -216}"
2019-06-28 10:48:00,BID_DEPTH,"[(99041, 187)]"
2019-06-28 10:48:00,ASK_DEPTH,"[(99222, 234)]"
2019-06-28 10:48:00,IMBALANCE,"[187, 234]"
2019-06-28 10:48:00,HOLDINGS_UPDATED,"{'CASH': 32173000, 'JPM': -224}"
2019-06-28 10:49:00,BID_DEPTH,"[(98841, 40)]"
2019-06-28 10:49:00,ASK_DEPTH,"[(99210, 154)]"
2019-06-28 10:49:00,IMBALANCE,"[40, 154]"
2019-06-28 10:49:00,HOLDINGS_UPDATED,"{'CASH': 32963728, 'JPM': -232}"
2019-06-28 10:50:00,BID_DEPTH,"[(98766, 9)]"
2019-06-28 10:50:00,ASK_DEPTH,"[(99222, 154)]"
2019-06-28 10:50:00,IMBALANCE,"[9, 154]"
2019-06-28 10:50:00,HOLDINGS_UPDATED,"{'CASH': 33753856, 'JPM': -240}"
2019-06-28 10:51:00,BID_DEPTH,"[(98664, 187)]"
2019-06-28 10:51:00,ASK_DEPTH,"[(98707, 137)]"
2019-06-28 10:51:00,IMBALANCE,"[187, 137]"
2019-06-28 10:51:00,HOLDINGS_UPDATED,"{'CASH': 34543168, 'JPM': -248}"
2019-06-28 10:52:00,BID_DEPTH,"[(98766, 46)]"
2019-06-28 10:52:00,ASK_DEPTH,"[(99222, 191)]"
2019-06-28 10:52:00,IMBALANCE,"[46, 191]"
2019-06-28 10:52:00,HOLDINGS_UPDATED,"{'CASH': 35333296, 'JPM': -256}"
2019-06-28 10:53:00,BID_DEPTH,"[(98708, 244)]"
2019-06-28 10:53:00,ASK_DEPTH,"[(99238, 191)]"
2019-06-28 10:53:00,IMBALANCE,"[244, 191]"
2019-06-28 10:53:00,HOLDINGS_UPDATED,"{'CASH': 36122960, 'JPM': -264}"
2019-06-28 10:54:00,BID_DEPTH,"[(98708, 165)]"
2019-06-28 10:54:00,ASK_DEPTH,"[(99316, 234)]"
2019-06-28 10:54:00,IMBALANCE,"[165, 234]"
2019-06-28 10:54:00,HOLDINGS_UPDATED,"{'CASH': 36912624, 'JPM': -272}"
2019-06-28 10:55:00,BID_DEPTH,"[(98707, 21)]"
2019-06-28 10:55:00,ASK_DEPTH,"[(99316, 167)]"
2019-06-28 10:55:00,IMBALANCE,"[21, 167]"
2019-06-28 10:55:00,HOLDINGS_UPDATED,"{'CASH': 37702280, 'JPM': -280}"
2019-06-28 10:56:00,BID_DEPTH,"[(98665, 137)]"
2019-06-28 10:56:00,ASK_DEPTH,"[(99327, 234)]"
2019-06-28 10:56:00,IMBALANCE,"[137, 234]"
2019-06-28 10:56:00,HOLDINGS_UPDATED,"{'CASH': 37998275, 'JPM': -283}"
2019-06-28 10:56:00,HOLDINGS_UPDATED,"{'CASH': 38491600, 'JPM': -288}"
2019-06-28 10:57:00,BID_DEPTH,"[(98664, 144)]"
2019-06-28 10:57:00,ASK_DEPTH,"[(99911, 191)]"
2019-06-28 10:57:00,IMBALANCE,"[144, 191]"
2019-06-28 10:57:00,HOLDINGS_UPDATED,"{'CASH': 39280912, 'JPM': -296}"
2019-06-28 10:58:00,BID_DEPTH,"[(100061, 96)]"
2019-06-28 10:58:00,ASK_DEPTH,"[(100263, 234)]"
2019-06-28 10:58:00,IMBALANCE,"[96, 234]"
2019-06-28 10:58:00,HOLDINGS_UPDATED,"{'CASH': 40081400, 'JPM': -304}"
2019-06-28 10:59:00,BID_DEPTH,"[(98664, 144)]"
2019-06-28 10:59:00,ASK_DEPTH,"[(100378, 191)]"
2019-06-28 10:59:00,IMBALANCE,"[144, 191]"
2019-06-28 10:59:00,HOLDINGS_UPDATED,"{'CASH': 40870712, 'JPM': -312}"
2019-06-28 11:00:00,BID_DEPTH,"[(98664, 107)]"
2019-06-28 11:00:00,ASK_DEPTH,"[(100378, 154)]"
2019-06-28 11:00:00,IMBALANCE,"[107, 154]"
2019-06-28 11:00:00,HOLDINGS_UPDATED,"{'CASH': 41660024, 'JPM': -320}"
2019-06-28 11:01:00,BID_DEPTH,"[(98625, 187)]"
2019-06-28 11:01:00,ASK_DEPTH,"[(100378, 234)]"
2019-06-28 11:01:00,IMBALANCE,"[187, 234]"
2019-06-28 11:01:00,HOLDINGS_UPDATED,"{'CASH': 42449024, 'JPM': -328}"
2019-06-28 11:02:00,BID_DEPTH,"[(98625, 187)]"
2019-06-28 11:02:00,ASK_DEPTH,"[(100378, 234)]"
2019-06-28 11:02:00,IMBALANCE,"[187, 234]"
2019-06-28 11:02:00,HOLDINGS_UPDATED,"{'CASH': 43238024, 'JPM': -336}"
2019-06-28 11:03:00,BID_DEPTH,"[(98625, 244)]"
2019-06-28 11:03:00,ASK_DEPTH,"[(100378, 191)]"
2019-06-28 11:03:00,IMBALANCE,"[244, 191]"
2019-06-28 11:03:00,HOLDINGS_UPDATED,"{'CASH': 44027024, 'JPM': -344}"
2019-06-28 11:04:00,BID_DEPTH,"[(100200, 167)]"
2019-06-28 11:04:00,ASK_DEPTH,"[(100378, 120)]"
2019-06-28 11:04:00,IMBALANCE,"[167, 120]"
2019-06-28 11:04:00,HOLDINGS_UPDATED,"{'CASH': 43224000, 'JPM': -336}"
2019-06-28 11:05:00,BID_DEPTH,"[(98625, 132)]"
2019-06-28 11:05:00,ASK_DEPTH,"[(100378, 209)]"
2019-06-28 11:05:00,IMBALANCE,"[132, 209]"
2019-06-28 11:05:00,HOLDINGS_UPDATED,"{'CASH': 42420976, 'JPM': -328}"
2019-06-28 11:06:00,BID_DEPTH,"[(100109, 369)]"
2019-06-28 11:06:00,ASK_DEPTH,"[(100378, 302)]"
2019-06-28 11:06:00,IMBALANCE,"[369, 302]"
2019-06-28 11:06:00,HOLDINGS_UPDATED,"{'CASH': 41617952, 'JPM': -320}"
2019-06-28 11:07:00,BID_DEPTH,"[(100379, 165)]"
2019-06-28 11:07:00,ASK_DEPTH,"[(100445, 120)]"
2019-06-28 11:07:00,IMBALANCE,"[165, 120]"
2019-06-28 11:07:00,HOLDINGS_UPDATED,"{'CASH': 40814392, 'JPM': -312}"
2019-06-28 11:08:00,BID_DEPTH,"[(100305, 154)]"
2019-06-28 11:08:00,ASK_DEPTH,"[(100445, 9)]"
2019-06-28 11:08:00,IMBALANCE,"[154, 9]"
2019-06-28 11:08:00,HOLDINGS_UPDATED,"{'CASH': 40010832, 'JPM': -304}"
2019-06-28 11:09:00,BID_DEPTH,"[(100160, 167)]"
2019-06-28 11:09:00,ASK_DEPTH,"[(100305, 120)]"
2019-06-28 11:09:00,IMBALANCE,"[167, 120]"
2019-06-28 11:09:00,HOLDINGS_UPDATED,"{'CASH': 39208392, 'JPM': -296}"
2019-06-28 11:10:00,BID_DEPTH,"[(98625, 347)]"
2019-06-28 11:10:00,ASK_DEPTH,"[(100160, 368)]"
2019-06-28 11:10:00,IMBALANCE,"[347, 368]"
2019-06-28 11:10:00,HOLDINGS_UPDATED,"{'CASH': 38407112, 'JPM': -288}"
2019-06-28 11:11:00,BID_DEPTH,"[(98964, 191)]"
2019-06-28 11:11:00,ASK_DEPTH,"[(99137, 144)]"
2019-06-28 11:11:00,IMBALANCE,"[191, 144]"
2019-06-28 11:11:00,HOLDINGS_UPDATED,"{'CASH': 37614016, 'JPM': -280}"
2019-06-28 11:12:00,BID_DEPTH,"[(98877, 369)]"
2019-06-28 11:12:00,ASK_DEPTH,"[(99137, 322)]"
2019-06-28 11:12:00,IMBALANCE,"[369, 322]"
2019-06-28 11:12:00,HOLDINGS_UPDATED,"{'CASH': 36820920, 'JPM': -272}"
2019-06-28 11:13:00,BID_DEPTH,"[(98877, 191)]"
2019-06-28 11:13:00,ASK_DEPTH,"[(99141, 144)]"
2019-06-28 11:13:00,IMBALANCE,"[191, 144]"
2019-06-28 11:13:00,HOLDINGS_UPDATED,"{'CASH': 36027792, 'JPM': -264}"
2019-06-28 11:14:00,BID_DEPTH,"[(98877, 369)]"
2019-06-28 11:14:00,ASK_DEPTH,"[(100160, 446)]"
2019-06-28 11:14:00,IMBALANCE,"[369, 446]"
2019-06-28 11:14:00,HOLDINGS_UPDATED,"{'CASH': 35226512, 'JPM': -256}"
2019-06-28 11:15:00,BID_DEPTH,"[(98877, 369)]"
2019-06-28 11:15:00,ASK_DEPTH,"[(100160, 324)]"
2019-06-28 11:15:00,IMBALANCE,"[369, 324]"
2019-06-28 11:15:00,HOLDINGS_UPDATED,"{'CASH': 34425232, 'JPM': -248}"
2019-06-28 11:16:00,BID_DEPTH,"[(98877, 369)]"
2019-06-28 11:16:00,ASK_DEPTH,"[(99009, 322)]"
2019-06-28 11:16:00,IMBALANCE,"[369, 322]"
2019-06-28 11:16:00,HOLDINGS_UPDATED,"{'CASH': 33633160, 'JPM': -240}"
2019-06-28 11:17:00,BID_DEPTH,"[(99009, 191)]"
2019-06-28 11:17:00,ASK_DEPTH,"[(99064, 144)]"
2019-06-28 11:17:00,IMBALANCE,"[191, 144]"
2019-06-28 11:17:00,HOLDINGS_UPDATED,"{'CASH': 32840648, 'JPM': -232}"
2019-06-28 11:18:00,BID_DEPTH,"[(99268, 369)]"
2019-06-28 11:18:00,ASK_DEPTH,"[(99614, 322)]"
2019-06-28 11:18:00,IMBALANCE,"[369, 322]"
2019-06-28 11:18:00,HOLDINGS_UPDATED,"{'CASH': 32043736, 'JPM': -224}"
2019-06-28 11:19:00,BID_DEPTH,"[(99614, 167)]"
2019-06-28 11:19:00,ASK_DEPTH,"[(99836, 120)]"
2019-06-28 11:19:00,IMBALANCE,"[167, 120]"
2019-06-28 11:19:00,HOLDINGS_UPDATED,"{'CASH': 31245048, 'JPM': -216}"
2019-06-28 11:20:00,BID_DEPTH,"[(99614, 234)]"
2019-06-28 11:20:00,ASK_DEPTH,"[(99873, 187)]"
2019-06-28 11:20:00,IMBALANCE,"[234, 187]"
2019-06-28 11:20:00,HOLDINGS_UPDATED,"{'CASH': 30446064, 'JPM': -208}"
2019-06-28 11:21:00,BID_DEPTH,"[(99289, 154)]"
2019-06-28 11:21:00,ASK_DEPTH,"[(99892, 107)]"
2019-06-28 11:21:00,IMBALANCE,"[154, 107]"
2019-06-28 11:21:00,HOLDINGS_UPDATED,"{'CASH': 29646928, 'JPM': -200}"
2019-06-28 11:22:00,BID_DEPTH,"[(99289, 167)]"
2019-06-28 11:22:00,ASK_DEPTH,"[(99790, 120)]"
2019-06-28 11:22:00,IMBALANCE,"[167, 120]"
2019-06-28 11:22:00,HOLDINGS_UPDATED,"{'CASH': 28848608, 'JPM': -192}"
2019-06-28 11:23:00,BID_DEPTH,"[(99540, 191)]"
2019-06-28 11:23:00,ASK_DEPTH,"[(99790, 344)]"
2019-06-28 11:23:00,IMBALANCE,"[191, 344]"
2019-06-28 11:23:00,HOLDINGS_UPDATED,"{'CASH': 28050288, 'JPM': -184}"
2019-06-28 11:24:00,BID_DEPTH,"[(99540, 154)]"
2019-06-28 11:24:00,ASK_DEPTH,"[(99700, 107)]"
2019-06-28 11:24:00,IMBALANCE,"[154, 107]"
2019-06-28 11:24:00,HOLDINGS_UPDATED,"{'CASH': 27252688, 'JPM': -176}"
2019-06-28 11:25:00,BID_DEPTH,"[(99700, 167)]"
2019-06-28 11:25:00,ASK_DEPTH,"[(99790, 98)]"
2019-06-28 11:25:00,IMBALANCE,"[167, 98]"
2019-06-28 11:25:00,HOLDINGS_UPDATED,"{'CASH': 26454368, 'JPM': -168}"
2019-06-28 11:26:00,BID_DEPTH,"[(99700, 154)]"
2019-06-28 11:26:00,ASK_DEPTH,"[(99802, 107)]"
2019-06-28 11:26:00,IMBALANCE,"[154, 107]"
2019-06-28 11:26:00,HOLDINGS_UPDATED,"{'CASH': 25655952, 'JPM': -160}"
2019-06-28 11:27:00,BID_DEPTH,"[(99832, 63)]"
2019-06-28 11:27:00,ASK_DEPTH,"[(99940, 107)]"
2019-06-28 11:27:00,IMBALANCE,"[63, 107]"
2019-06-28 11:27:00,HOLDINGS_UPDATED,"{'CASH': 24856432, 'JPM': -152}"
2019-06-28 11:28:00,BID_DEPTH,"[(99940, 159)]"
2019-06-28 11:28:00,ASK_DEPTH,"[(99993, 144)]"
2019-06-28 11:28:00,IMBALANCE,"[159, 144]"
2019-06-28 11:28:00,HOLDINGS_UPDATED,"{'CASH': 24056488, 'JPM': -144}"
2019-06-28 11:29:00,BID_DEPTH,"[(100059, 100)]"
2019-06-28 11:29:00,ASK_DEPTH,"[(100160, 220)]"
2019-06-28 11:29:00,IMBALANCE,"[100, 220]"
2019-06-28 11:29:00,HOLDINGS_UPDATED,"{'CASH': 23255208, 'JPM': -136}"
2019-06-28 11:30:00,BID_DEPTH,"[(100402, 191)]"
2019-06-28 11:30:00,ASK_DEPTH,"[(100449, 46)]"
2019-06-28 11:30:00,IMBALANCE,"[191, 46]"
2019-06-28 11:30:00,HOLDINGS_UPDATED,"{'CASH': 22451616, 'JPM': -128}"
2019-06-28 11:31:00,BID_DEPTH,"[(100402, 167)]"
2019-06-28 11:31:00,ASK_DEPTH,"[(100795, 120)]"
2019-06-28 11:31:00,IMBALANCE,"[167, 120]"
2019-06-28 11:31:00,HOLDINGS_UPDATED,"{'CASH': 21645256, 'JPM': -120}"
2019-06-28 11:32:00,BID_DEPTH,"[(100795, 107)]"
2019-06-28 11:32:00,ASK_DEPTH,"[(100824, 107)]"
2019-06-28 11:32:00,IMBALANCE,"[107, 107]"
2019-06-28 11:32:00,HOLDINGS_UPDATED,"{'CASH': 20838664, 'JPM': -112}"
2019-06-28 11:33:00,BID_DEPTH,"[(100824, 157)]"
2019-06-28 11:33:00,ASK_DEPTH,"[(100904, 144)]"
2019-06-28 11:33:00,IMBALANCE,"[157, 144]"
2019-06-28 11:33:00,HOLDINGS_UPDATED,"{'CASH': 20031432, 'JPM': -104}"
2019-06-28 11:34:00,BID_DEPTH,"[(100795, 187)]"
2019-06-28 11:34:00,ASK_DEPTH,"[(100904, 89)]"
2019-06-28 11:34:00,IMBALANCE,"[187, 89]"
2019-06-28 11:34:00,HOLDINGS_UPDATED,"{'CASH': 19224200, 'JPM': -96}"
2019-06-28 11:35:00,BID_DEPTH,"[(100795, 144)]"
2019-06-28 11:35:00,ASK_DEPTH,"[(100904, 146)]"
2019-06-28 11:35:00,IMBALANCE,"[144, 146]"
2019-06-28 11:35:00,HOLDINGS_UPDATED,"{'CASH': 18416968, 'JPM': -88}"
2019-06-28 11:36:00,BID_DEPTH,"[(100768, 369)]"
2019-06-28 11:36:00,ASK_DEPTH,"[(100795, 235)]"
2019-06-28 11:36:00,IMBALANCE,"[369, 235]"
2019-06-28 11:36:00,HOLDINGS_UPDATED,"{'CASH': 17610608, 'JPM': -80}"
2019-06-28 11:37:00,BID_DEPTH,"[(100514, 369)]"
2019-06-28 11:37:00,ASK_DEPTH,"[(100795, 424)]"
2019-06-28 11:37:00,IMBALANCE,"[369, 424]"
2019-06-28 11:37:00,HOLDINGS_UPDATED,"{'CASH': 16804248, 'JPM': -72}"
2019-06-28 11:38:00,BID_DEPTH,"[(100514, 234)]"
2019-06-28 11:38:00,ASK_DEPTH,"[(100795, 169)]"
2019-06-28 11:38:00,IMBALANCE,"[234, 169]"
2019-06-28 11:38:00,HOLDINGS_UPDATED,"{'CASH': 15997888, 'JPM': -64}"
2019-06-28 11:39:00,BID_DEPTH,"[(100400, 191)]"
2019-06-28 11:39:00,ASK_DEPTH,"[(100473, 244)]"
2019-06-28 11:39:00,IMBALANCE,"[191, 244]"
2019-06-28 11:39:00,HOLDINGS_UPDATED,"{'CASH': 15194104, 'JPM': -56}"
2019-06-28 11:40:00,BID_DEPTH,"[(100400, 154)]"
2019-06-28 11:40:00,ASK_DEPTH,"[(100473, 85)]"
2019-06-28 11:40:00,IMBALANCE,"[154, 85]"
2019-06-28 11:40:00,HOLDINGS_UPDATED,"{'CASH': 14390320, 'JPM': -48}"
2019-06-28 11:41:00,BID_DEPTH,"[(100400, 234)]"
2019-06-28 11:41:00,ASK_DEPTH,"[(100651, 187)]"
2019-06-28 11:41:00,IMBALANCE,"[234, 187]"
2019-06-28 11:41:00,HOLDINGS_UPDATED,"{'CASH': 13585112, 'JPM': -40}"
2019-06-28 11:42:00,BID_DEPTH,"[(100400, 191)]"
2019-06-28 11:42:00,ASK_DEPTH,"[(100904, 46)]"
2019-06-28 11:42:00,IMBALANCE,"[191, 46]"
2019-06-28 11:42:00,HOLDINGS_UPDATED,"{'CASH': 12777880, 'JPM': -32}"
2019-06-28 11:43:00,BID_DEPTH,"[(101415, 167)]"
2019-06-28 11:43:00,ASK_DEPTH,"[(101448, 120)]"
2019-06-28 11:43:00,IMBALANCE,"[167, 120]"
2019-06-28 11:43:00,HOLDINGS_UPDATED,"{'CASH': 11966296, 'JPM': -24}"
2019-06-28 11:44:00,BID_DEPTH,"[(101497, 369)]"
2019-06-28 11:44:00,ASK_DEPTH,"[(101796, 322)]"
2019-06-28 11:44:00,IMBALANCE,"[369, 322]"
2019-06-28 11:44:00,HOLDINGS_UPDATED,"{'CASH': 11151928, 'JPM': -16}"
2019-06-28 11:45:00,BID_DEPTH,"[(101461, 369)]"
2019-06-28 11:45:00,ASK_DEPTH,"[(101796, 224)]"
2019-06-28 11:45:00,IMBALANCE,"[369, 224]"
2019-06-28 11:45:00,HOLDINGS_UPDATED,"{'CASH': 10337560, 'JPM': -8}"
2019-06-28 11:46:00,BID_DEPTH,"[(101461, 191)]"
2019-06-28 11:46:00,ASK_DEPTH,"[(101576, 144)]"
2019-06-28 11:46:00,IMBALANCE,"[191, 144]"
2019-06-28 11:46:00,HOLDINGS_UPDATED,{'CASH': 9524952}
2019-06-28 11:47:00,BID_DEPTH,"[(101461, 369)]"
2019-06-28 11:47:00,ASK_DEPTH,"[(101729, 322)]"
2019-06-28 11:47:00,IMBALANCE,"[369, 322]"
2019-06-28 11:47:00,HOLDINGS_UPDATED,"{'CASH': 8711120, 'JPM': 8}"
2019-06-28 11:48:00,BID_DEPTH,"[(101461, 234)]"
2019-06-28 11:48:00,ASK_DEPTH,"[(101729, 89)]"
2019-06-28 11:48:00,IMBALANCE,"[234, 89]"
2019-06-28 11:48:00,HOLDINGS_UPDATED,"{'CASH': 7897288, 'JPM': 16}"
2019-06-28 11:49:00,BID_DEPTH,"[(101461, 167)]"
2019-06-28 11:49:00,ASK_DEPTH,"[(101482, 120)]"
2019-06-28 11:49:00,IMBALANCE,"[167, 120]"
2019-06-28 11:49:00,HOLDINGS_UPDATED,"{'CASH': 7085432, 'JPM': 24}"
2019-06-28 11:50:00,BID_DEPTH,"[(101448, 144)]"
2019-06-28 11:50:00,ASK_DEPTH,"[(101480, 144)]"
2019-06-28 11:50:00,IMBALANCE,"[144, 144]"
2019-06-28 11:50:00,HOLDINGS_UPDATED,"{'CASH': 6273592, 'JPM': 32}"
2019-06-28 11:51:00,BID_DEPTH,"[(101323, 369)]"
2019-06-28 11:51:00,ASK_DEPTH,"[(101411, 322)]"
2019-06-28 11:51:00,IMBALANCE,"[369, 322]"
2019-06-28 11:51:00,HOLDINGS_UPDATED,"{'CASH': 5462304, 'JPM': 40}"
2019-06-28 11:52:00,BID_DEPTH,"[(101167, 154)]"
2019-06-28 11:52:00,ASK_DEPTH,"[(101411, 107)]"
2019-06-28 11:52:00,IMBALANCE,"[154, 107]"
2019-06-28 11:52:00,HOLDINGS_UPDATED,"{'CASH': 4651016, 'JPM': 48}"
2019-06-28 11:53:00,BID_DEPTH,"[(101032, 234)]"
2019-06-28 11:53:00,ASK_DEPTH,"[(101411, 187)]"
2019-06-28 11:53:00,IMBALANCE,"[234, 187]"
2019-06-28 11:53:00,HOLDINGS_UPDATED,"{'CASH': 3839728, 'JPM': 56}"
2019-06-28 11:54:00,BID_DEPTH,"[(100988, 369)]"
2019-06-28 11:54:00,ASK_DEPTH,"[(101480, 224)]"
2019-06-28 11:54:00,IMBALANCE,"[369, 224]"
2019-06-28 11:54:00,HOLDINGS_UPDATED,"{'CASH': 3027888, 'JPM': 64}"
2019-06-28 11:55:00,BID_DEPTH,"[(100988, 369)]"
2019-06-28 11:55:00,ASK_DEPTH,"[(101481, 322)]"
2019-06-28 11:55:00,IMBALANCE,"[369, 322]"
2019-06-28 11:55:00,HOLDINGS_UPDATED,"{'CASH': 2216040, 'JPM': 72}"
2019-06-28 11:56:00,BID_DEPTH,"[(100602, 191)]"
2019-06-28 11:56:00,ASK_DEPTH,"[(101482, 46)]"
2019-06-28 11:56:00,IMBALANCE,"[191, 46]"
2019-06-28 11:56:00,HOLDINGS_UPDATED,"{'CASH': 1404184, 'JPM': 80}"
2019-06-28 11:57:00,BID_DEPTH,"[(100527, 234)]"
2019-06-28 11:57:00,ASK_DEPTH,"[(101728, 187)]"
2019-06-28 11:57:00,IMBALANCE,"[234, 187]"
2019-06-28 11:57:00,HOLDINGS_UPDATED,"{'CASH': 590360, 'JPM': 88}"
2019-06-28 11:58:00,BID_DEPTH,"[(100244, 234)]"
2019-06-28 11:58:00,ASK_DEPTH,"[(101728, 287)]"
2019-06-28 11:58:00,IMBALANCE,"[234, 287]"
2019-06-28 11:58:00,HOLDINGS_UPDATED,"{'CASH': -223464, 'JPM': 96}"
2019-06-28 11:59:00,BID_DEPTH,"[(100244, 167)]"
2019-06-28 11:59:00,ASK_DEPTH,"[(100440, 120)]"
2019-06-28 11:59:00,IMBALANCE,"[167, 120]"
2019-06-28 11:59:00,HOLDINGS_UPDATED,"{'CASH': -1026984, 'JPM': 104}"
2019-06-28 12:00:00,BID_DEPTH,"[(100301, 154)]"
2019-06-28 12:00:00,ASK_DEPTH,"[(100445, 107)]"
2019-06-28 12:00:00,IMBALANCE,"[154, 107]"
2019-06-28 12:00:00,HOLDINGS_UPDATED,"{'CASH': -1830544, 'JPM': 112}"
2019-06-28 12:01:00,BID_DEPTH,"[(100448, 234)]"
2019-06-28 12:01:00,ASK_DEPTH,"[(100517, 187)]"
2019-06-28 12:01:00,IMBALANCE,"[234, 187]"
2019-06-28 12:01:00,HOLDINGS_UPDATED,"{'CASH': -2634680, 'JPM': 120}"
2019-06-28 12:02:00,BID_DEPTH,"[(100301, 369)]"
2019-06-28 12:02:00,ASK_DEPTH,"[(100567, 322)]"
2019-06-28 12:02:00,IMBALANCE,"[369, 322]"
2019-06-28 12:02:00,HOLDINGS_UPDATED,"{'CASH': -3439216, 'JPM': 128}"
2019-06-28 12:03:00,BID_DEPTH,"[(100257, 369)]"
2019-06-28 12:03:00,ASK_DEPTH,"[(100470, 322)]"
2019-06-28 12:03:00,IMBALANCE,"[369, 322]"
2019-06-28 12:03:00,HOLDINGS_UPDATED,"{'CASH': -4242976, 'JPM': 136}"
2019-06-28 12:04:00,BID_DEPTH,"[(100244, 369)]"
2019-06-28 12:04:00,ASK_DEPTH,"[(101728, 300)]"
2019-06-28 12:04:00,IMBALANCE,"[369, 300]"
2019-06-28 12:04:00,HOLDINGS_UPDATED,"{'CASH': -5056800, 'JPM': 144}"
2019-06-28 12:05:00,BID_DEPTH,"[(100086, 369)]"
2019-06-28 12:05:00,ASK_DEPTH,"[(101727, 322)]"
2019-06-28 12:05:00,IMBALANCE,"[369, 322]"
2019-06-28 12:05:00,HOLDINGS_UPDATED,"{'CASH': -5870616, 'JPM': 152}"
2019-06-28 12:06:00,BID_DEPTH,"[(99951, 167)]"
2019-06-28 12:06:00,ASK_DEPTH,"[(101726, 120)]"
2019-06-28 12:06:00,IMBALANCE,"[167, 120]"
2019-06-28 12:06:00,HOLDINGS_UPDATED,"{'CASH': -6684424, 'JPM': 160}"
2019-06-28 12:07:00,BID_DEPTH,"[(99903, 369)]"
2019-06-28 12:07:00,ASK_DEPTH,"[(101727, 322)]"
2019-06-28 12:07:00,IMBALANCE,"[369, 322]"
2019-06-28 12:07:00,HOLDINGS_UPDATED,"{'CASH': -7498240, 'JPM': 168}"
2019-06-28 12:08:00,BID_DEPTH,"[(99903, 154)]"
2019-06-28 12:08:00,ASK_DEPTH,"[(101728, 107)]"
2019-06-28 12:08:00,IMBALANCE,"[154, 107]"
2019-06-28 12:08:00,HOLDINGS_UPDATED,"{'CASH': -8312064, 'JPM': 176}"
2019-06-28 12:09:00,BID_DEPTH,"[(99903, 191)]"
2019-06-28 12:09:00,ASK_DEPTH,"[(101728, 244)]"
2019-06-28 12:09:00,IMBALANCE,"[191, 244]"
2019-06-28 12:09:00,HOLDINGS_UPDATED,"{'CASH': -9125888, 'JPM': 184}"
2019-06-28 12:10:00,BID_DEPTH,"[(99903, 234)]"
2019-06-28 12:10:00,ASK_DEPTH,"[(99908, 187)]"
2019-06-28 12:10:00,IMBALANCE,"[234, 187]"
2019-06-28 12:10:00,HOLDINGS_UPDATED,"{'CASH': -9925152, 'JPM': 192}"
2019-06-28 12:11:00,BID_DEPTH,"[(99354, 154)]"
2019-06-28 12:11:00,ASK_DEPTH,"[(99908, 107)]"
2019-06-28 12:11:00,IMBALANCE,"[154, 107]"
2019-06-28 12:11:00,HOLDINGS_UPDATED,"{'CASH': -10724416, 'JPM': 200}"
2019-06-28 12:12:00,BID_DEPTH,"[(100499, 120)]"
2019-06-28 12:12:00,ASK_DEPTH,"[(101728, 167)]"
2019-06-28 12:12:00,IMBALANCE,"[120, 167]"
2019-06-28 12:12:00,HOLDINGS_UPDATED,"{'CASH': -9920424, 'JPM': 192}"
2019-06-28 12:13:00,BID_DEPTH,"[(100279, 187)]"
2019-06-28 12:13:00,ASK_DEPTH,"[(100499, 234)]"
2019-06-28 12:13:00,IMBALANCE,"[187, 234]"
2019-06-28 12:13:00,HOLDINGS_UPDATED,"{'CASH': -9118192, 'JPM': 184}"
2019-06-28 12:14:00,BID_DEPTH,"[(100393, 120)]"
2019-06-28 12:14:00,ASK_DEPTH,"[(100499, 167)]"
2019-06-28 12:14:00,IMBALANCE,"[120, 167]"
2019-06-28 12:14:00,HOLDINGS_UPDATED,"{'CASH': -8315048, 'JPM': 176}"
2019-06-28 12:15:00,BID_DEPTH,"[(100430, 144)]"
2019-06-28 12:15:00,ASK_DEPTH,"[(100629, 191)]"
2019-06-28 12:15:00,IMBALANCE,"[144, 191]"
2019-06-28 12:15:00,HOLDINGS_UPDATED,"{'CASH': -7511608, 'JPM': 168}"
2019-06-28 12:16:00,BID_DEPTH,"[(100147, 187)]"
2019-06-28 12:16:00,ASK_DEPTH,"[(100487, 234)]"
2019-06-28 12:16:00,IMBALANCE,"[187, 234]"
2019-06-28 12:16:00,HOLDINGS_UPDATED,"{'CASH': -6710432, 'JPM': 160}"
2019-06-28 12:17:00,BID_DEPTH,"[(100147, 244)]"
2019-06-28 12:17:00,ASK_DEPTH,"[(100487, 191)]"
2019-06-28 12:17:00,IMBALANCE,"[244, 191]"
2019-06-28 12:17:00,HOLDINGS_UPDATED,"{'CASH': -5909256, 'JPM': 152}"
2019-06-28 12:18:00,BID_DEPTH,"[(100147, 300)]"
2019-06-28 12:18:00,ASK_DEPTH,"[(100487, 369)]"
2019-06-28 12:18:00,IMBALANCE,"[300, 369]"
2019-06-28 12:18:00,HOLDINGS_UPDATED,"{'CASH': -5108080, 'JPM': 144}"
2019-06-28 12:19:00,BID_DEPTH,"[(100039, 120)]"
2019-06-28 12:19:00,ASK_DEPTH,"[(100629, 167)]"
2019-06-28 12:19:00,IMBALANCE,"[120, 167]"
2019-06-28 12:19:00,HOLDINGS_UPDATED,"{'CASH': -4307768, 'JPM': 136}"
2019-06-28 12:20:00,BID_DEPTH,"[(100768, 144)]"
2019-06-28 12:20:00,ASK_DEPTH,"[(100813, 191)]"
2019-06-28 12:20:00,IMBALANCE,"[144, 191]"
2019-06-28 12:20:00,HOLDINGS_UPDATED,"{'CASH': -3501624, 'JPM': 128}"
2019-06-28 12:21:00,BID_DEPTH,"[(100507, 120)]"
2019-06-28 12:21:00,ASK_DEPTH,"[(100813, 167)]"
2019-06-28 12:21:00,IMBALANCE,"[120, 167]"
2019-06-28 12:21:00,HOLDINGS_UPDATED,"{'CASH': -2697568, 'JPM': 120}"
2019-06-28 12:22:00,BID_DEPTH,"[(99908, 187)]"
2019-06-28 12:22:00,ASK_DEPTH,"[(100813, 234)]"
2019-06-28 12:22:00,IMBALANCE,"[187, 234]"
2019-06-28 12:22:00,HOLDINGS_UPDATED,"{'CASH': -1898304, 'JPM': 112}"
2019-06-28 12:23:00,BID_DEPTH,"[(99298, 322)]"
2019-06-28 12:23:00,ASK_DEPTH,"[(99908, 369)]"
2019-06-28 12:23:00,IMBALANCE,"[322, 369]"
2019-06-28 12:23:00,HOLDINGS_UPDATED,"{'CASH': -1103920, 'JPM': 104}"
2019-06-28 12:24:00,BID_DEPTH,"[(99298, 146)]"
2019-06-28 12:24:00,ASK_DEPTH,"[(99425, 191)]"
2019-06-28 12:24:00,IMBALANCE,"[146, 191]"
2019-06-28 12:24:00,HOLDINGS_UPDATED,"{'CASH': -309536, 'JPM': 96}"
2019-06-28 12:25:00,BID_DEPTH,"[(99298, 46)]"
2019-06-28 12:25:00,ASK_DEPTH,"[(99425, 191)]"
2019-06-28 12:25:00,IMBALANCE,"[46, 191]"
2019-06-28 12:25:00,HOLDINGS_UPDATED,"{'CASH': 484848, 'JPM': 88}"
2019-06-28 12:26:00,BID_DEPTH,"[(99205, 217)]"
2019-06-28 12:26:00,ASK_DEPTH,"[(99427, 191)]"
2019-06-28 12:26:00,IMBALANCE,"[217, 191]"
2019-06-28 12:26:00,HOLDINGS_UPDATED,"{'CASH': 1278488, 'JPM': 80}"
2019-06-28 12:27:00,BID_DEPTH,"[(99427, 129)]"
2019-06-28 12:27:00,ASK_DEPTH,"[(99843, 167)]"
2019-06-28 12:27:00,IMBALANCE,"[129, 167]"
2019-06-28 12:27:00,HOLDINGS_UPDATED,"{'CASH': 2073904, 'JPM': 72}"
2019-06-28 12:28:00,BID_DEPTH,"[(99765, 144)]"
2019-06-28 12:28:00,ASK_DEPTH,"[(99843, 191)]"
2019-06-28 12:28:00,IMBALANCE,"[144, 191]"
2019-06-28 12:28:00,HOLDINGS_UPDATED,"{'CASH': 2872024, 'JPM': 64}"
2019-06-28 12:29:00,BID_DEPTH,"[(99831, 322)]"
2019-06-28 12:29:00,ASK_DEPTH,"[(99918, 369)]"
2019-06-28 12:29:00,IMBALANCE,"[322, 369]"
2019-06-28 12:29:00,HOLDINGS_UPDATED,"{'CASH': 3670672, 'JPM': 56}"
2019-06-28 12:30:00,BID_DEPTH,"[(99822, 107)]"
2019-06-28 12:30:00,ASK_DEPTH,"[(99918, 154)]"
2019-06-28 12:30:00,IMBALANCE,"[107, 154]"
2019-06-28 12:30:00,HOLDINGS_UPDATED,"{'CASH': 4469248, 'JPM': 48}"
2019-06-28 12:31:00,BID_DEPTH,"[(99709, 120)]"
2019-06-28 12:31:00,ASK_DEPTH,"[(99962, 167)]"
2019-06-28 12:31:00,IMBALANCE,"[120, 167]"
2019-06-28 12:31:00,HOLDINGS_UPDATED,"{'CASH': 5266920, 'JPM': 40}"
2019-06-28 12:32:00,BID_DEPTH,"[(99709, 322)]"
2019-06-28 12:32:00,ASK_DEPTH,"[(99990, 369)]"
2019-06-28 12:32:00,IMBALANCE,"[322, 369]"
2019-06-28 12:32:00,HOLDINGS_UPDATED,"{'CASH': 6064592, 'JPM': 32}"
2019-06-28 12:33:00,BID_DEPTH,"[(99709, 207)]"
2019-06-28 12:33:00,ASK_DEPTH,"[(99990, 154)]"
2019-06-28 12:33:00,IMBALANCE,"[207, 154]"
2019-06-28 12:33:00,HOLDINGS_UPDATED,"{'CASH': 6862264, 'JPM': 24}"
2019-06-28 12:34:00,BID_DEPTH,"[(99709, 107)]"
2019-06-28 12:34:00,ASK_DEPTH,"[(100078, 154)]"
2019-06-28 12:34:00,IMBALANCE,"[107, 154]"
2019-06-28 12:34:00,HOLDINGS_UPDATED,"{'CASH': 7659936, 'JPM': 16}"
2019-06-28 12:35:00,BID_DEPTH,"[(99709, 107)]"
2019-06-28 12:35:00,ASK_DEPTH,"[(100398, 154)]"
2019-06-28 12:35:00,IMBALANCE,"[107, 154]"
2019-06-28 12:35:00,HOLDINGS_UPDATED,"{'CASH': 8457608, 'JPM': 8}"
2019-06-28 12:36:00,BID_DEPTH,"[(100241, 144)]"
2019-06-28 12:36:00,ASK_DEPTH,"[(100510, 191)]"
2019-06-28 12:36:00,IMBALANCE,"[144, 191]"
2019-06-28 12:36:00,HOLDINGS_UPDATED,{'CASH': 9259536}
2019-06-28 12:37:00,BID_DEPTH,"[(100194, 187)]"
2019-06-28 12:37:00,ASK_DEPTH,"[(100510, 234)]"
2019-06-28 12:37:00,IMBALANCE,"[187, 234]"
2019-06-28 12:37:00,HOLDINGS_UPDATED,"{'CASH': 10061088, 'JPM': -8}"
2019-06-28 12:38:00,BID_DEPTH,"[(100194, 822)]"
2019-06-28 12:38:00,ASK_DEPTH,"[(100510, 369)]"
2019-06-28 12:38:00,IMBALANCE,"[822, 369]"
2019-06-28 12:38:00,HOLDINGS_UPDATED,"{'CASH': 10862640, 'JPM': -16}"
2019-06-28 12:39:00,BID_DEPTH,"[(100194, 498)]"
2019-06-28 12:39:00,ASK_DEPTH,"[(100632, 167)]"
2019-06-28 12:39:00,IMBALANCE,"[498, 167]"
2019-06-28 12:39:00,HOLDINGS_UPDATED,"{'CASH': 11664192, 'JPM': -24}"
2019-06-28 12:40:00,BID_DEPTH,"[(100194, 443)]"
2019-06-28 12:40:00,ASK_DEPTH,"[(100708, 234)]"
2019-06-28 12:40:00,IMBALANCE,"[443, 234]"
2019-06-28 12:40:00,HOLDINGS_UPDATED,"{'CASH': 12465744, 'JPM': -32}"
2019-06-28 12:41:00,BID_DEPTH,"[(100194, 344)]"
2019-06-28 12:41:00,ASK_DEPTH,"[(100462, 191)]"
2019-06-28 12:41:00,IMBALANCE,"[344, 191]"
2019-06-28 12:41:00,HOLDINGS_UPDATED,"{'CASH': 13267296, 'JPM': -40}"
2019-06-28 12:42:00,BID_DEPTH,"[(100194, 198)]"
2019-06-28 12:42:00,ASK_DEPTH,"[(100462, 167)]"
2019-06-28 12:42:00,IMBALANCE,"[198, 167]"
2019-06-28 12:42:00,HOLDINGS_UPDATED,"{'CASH': 14068848, 'JPM': -48}"
2019-06-28 12:43:00,BID_DEPTH,"[(100194, 76)]"
2019-06-28 12:43:00,ASK_DEPTH,"[(100462, 167)]"
2019-06-28 12:43:00,IMBALANCE,"[76, 167]"
2019-06-28 12:43:00,HOLDINGS_UPDATED,"{'CASH': 14870400, 'JPM': -56}"
2019-06-28 12:44:00,BID_DEPTH,"[(99653, 322)]"
2019-06-28 12:44:00,ASK_DEPTH,"[(99872, 369)]"
2019-06-28 12:44:00,IMBALANCE,"[322, 369]"
2019-06-28 12:44:00,HOLDINGS_UPDATED,"{'CASH': 15667624, 'JPM': -64}"
2019-06-28 12:45:00,BID_DEPTH,"[(100039, 120)]"
2019-06-28 12:45:00,ASK_DEPTH,"[(100224, 167)]"
2019-06-28 12:45:00,IMBALANCE,"[120, 167]"
2019-06-28 12:45:00,HOLDINGS_UPDATED,"{'CASH': 16467936, 'JPM': -72}"
2019-06-28 12:46:00,BID_DEPTH,"[(100007, 322)]"
2019-06-28 12:46:00,ASK_DEPTH,"[(100223, 369)]"
2019-06-28 12:46:00,IMBALANCE,"[322, 369]"
2019-06-28 12:46:00,HOLDINGS_UPDATED,"{'CASH': 17267992, 'JPM': -80}"
2019-06-28 12:47:00,BID_DEPTH,"[(99876, 107)]"
2019-06-28 12:47:00,ASK_DEPTH,"[(100223, 154)]"
2019-06-28 12:47:00,IMBALANCE,"[107, 154]"
2019-06-28 12:47:00,HOLDINGS_UPDATED,"{'CASH': 18067000, 'JPM': -88}"
2019-06-28 12:48:00,BID_DEPTH,"[(100201, 107)]"
2019-06-28 12:48:00,ASK_DEPTH,"[(100223, 154)]"
2019-06-28 12:48:00,IMBALANCE,"[107, 154]"
2019-06-28 12:48:00,HOLDINGS_UPDATED,"{'CASH': 18868608, 'JPM': -96}"
2019-06-28 12:49:00,BID_DEPTH,"[(100385, 322)]"
2019-06-28 12:49:00,ASK_DEPTH,"[(100416, 369)]"
2019-06-28 12:49:00,IMBALANCE,"[322, 369]"
2019-06-28 12:49:00,HOLDINGS_UPDATED,"{'CASH': 19671688, 'JPM': -104}"
2019-06-28 12:50:00,BID_DEPTH,"[(99876, 107)]"
2019-06-28 12:50:00,ASK_DEPTH,"[(100462, 154)]"
2019-06-28 12:50:00,IMBALANCE,"[107, 154]"
2019-06-28 12:50:00,HOLDINGS_UPDATED,"{'CASH': 20470696, 'JPM': -112}"
2019-06-28 12:51:00,BID_DEPTH,"[(99653, 187)]"
2019-06-28 12:51:00,ASK_DEPTH,"[(100593, 234)]"
2019-06-28 12:51:00,IMBALANCE,"[187, 234]"
2019-06-28 12:51:00,HOLDINGS_UPDATED,"{'CASH': 21267920, 'JPM': -120}"
2019-06-28 12:52:00,BID_DEPTH,"[(99653, 107)]"
2019-06-28 12:52:00,ASK_DEPTH,"[(100593, 154)]"
2019-06-28 12:52:00,IMBALANCE,"[107, 154]"
2019-06-28 12:52:00,HOLDINGS_UPDATED,"{'CASH': 22065144, 'JPM': -128}"
2019-06-28 12:53:00,BID_DEPTH,"[(99653, 322)]"
2019-06-28 12:53:00,ASK_DEPTH,"[(100708, 369)]"
2019-06-28 12:53:00,IMBALANCE,"[322, 369]"
2019-06-28 12:53:00,HOLDINGS_UPDATED,"{'CASH': 22862368, 'JPM': -136}"
2019-06-28 12:54:00,BID_DEPTH,"[(99653, 369)]"
2019-06-28 12:54:00,ASK_DEPTH,"[(101112, 322)]"
2019-06-28 12:54:00,IMBALANCE,"[369, 322]"
2019-06-28 12:54:00,HOLDINGS_UPDATED,"{'CASH': 22053472, 'JPM': -128}"
2019-06-28 12:55:00,BID_DEPTH,"[(101112, 167)]"
2019-06-28 12:55:00,ASK_DEPTH,"[(101407, 120)]"
2019-06-28 12:55:00,IMBALANCE,"[167, 120]"
2019-06-28 12:55:00,HOLDINGS_UPDATED,"{'CASH': 21242216, 'JPM': -120}"
2019-06-28 12:56:00,BID_DEPTH,"[(101112, 167)]"
2019-06-28 12:56:00,ASK_DEPTH,"[(101419, 120)]"
2019-06-28 12:56:00,IMBALANCE,"[167, 120]"
2019-06-28 12:56:00,HOLDINGS_UPDATED,"{'CASH': 20430864, 'JPM': -112}"
2019-06-28 12:57:00,BID_DEPTH,"[(99653, 234)]"
2019-06-28 12:57:00,ASK_DEPTH,"[(101181, 187)]"
2019-06-28 12:57:00,IMBALANCE,"[234, 187]"
2019-06-28 12:57:00,HOLDINGS_UPDATED,"{'CASH': 19621416, 'JPM': -104}"
2019-06-28 12:58:00,BID_DEPTH,"[(99899, 369)]"
2019-06-28 12:58:00,ASK_DEPTH,"[(101181, 522)]"
2019-06-28 12:58:00,IMBALANCE,"[369, 522]"
2019-06-28 12:58:00,HOLDINGS_UPDATED,"{'CASH': 18811968, 'JPM': -96}"
2019-06-28 12:59:00,BID_DEPTH,"[(99957, 369)]"
2019-06-28 12:59:00,ASK_DEPTH,"[(100010, 322)]"
2019-06-28 12:59:00,IMBALANCE,"[369, 322]"
2019-06-28 12:59:00,HOLDINGS_UPDATED,"{'CASH': 18011888, 'JPM': -88}"
2019-06-28 13:00:00,BID_DEPTH,"[(99721, 154)]"
2019-06-28 13:00:00,ASK_DEPTH,"[(100062, 107)]"
2019-06-28 13:00:00,IMBALANCE,"[154, 107]"
2019-06-28 13:00:00,HOLDINGS_UPDATED,"{'CASH': 17211392, 'JPM': -80}"
2019-06-28 13:01:00,BID_DEPTH,"[(99735, 234)]"
2019-06-28 13:01:00,ASK_DEPTH,"[(100093, 187)]"
2019-06-28 13:01:00,IMBALANCE,"[234, 187]"
2019-06-28 13:01:00,HOLDINGS_UPDATED,"{'CASH': 16410648, 'JPM': -72}"
2019-06-28 13:02:00,BID_DEPTH,"[(99735, 167)]"
2019-06-28 13:02:00,ASK_DEPTH,"[(101181, 98)]"
2019-06-28 13:02:00,IMBALANCE,"[167, 98]"
2019-06-28 13:02:00,HOLDINGS_UPDATED,"{'CASH': 15601200, 'JPM': -64}"
2019-06-28 13:03:00,BID_DEPTH,"[(99722, 167)]"
2019-06-28 13:03:00,ASK_DEPTH,"[(99818, 120)]"
2019-06-28 13:03:00,IMBALANCE,"[167, 120]"
2019-06-28 13:03:00,HOLDINGS_UPDATED,"{'CASH': 14802656, 'JPM': -56}"
2019-06-28 13:04:00,BID_DEPTH,"[(99685, 154)]"
2019-06-28 13:04:00,ASK_DEPTH,"[(99874, 107)]"
2019-06-28 13:04:00,IMBALANCE,"[154, 107]"
2019-06-28 13:04:00,HOLDINGS_UPDATED,"{'CASH': 14003664, 'JPM': -48}"
2019-06-28 13:05:00,BID_DEPTH,"[(99546, 167)]"
2019-06-28 13:05:00,ASK_DEPTH,"[(99960, 120)]"
2019-06-28 13:05:00,IMBALANCE,"[167, 120]"
2019-06-28 13:05:00,HOLDINGS_UPDATED,"{'CASH': 13203984, 'JPM': -40}"
2019-06-28 13:06:00,BID_DEPTH,"[(99546, 191)]"
2019-06-28 13:06:00,ASK_DEPTH,"[(99960, 244)]"
2019-06-28 13:06:00,IMBALANCE,"[191, 244]"
2019-06-28 13:06:00,HOLDINGS_UPDATED,"{'CASH': 12404304, 'JPM': -32}"
2019-06-28 13:07:00,BID_DEPTH,"[(99450, 167)]"
2019-06-28 13:07:00,ASK_DEPTH,"[(99506, 120)]"
2019-06-28 13:07:00,IMBALANCE,"[167, 120]"
2019-06-28 13:07:00,HOLDINGS_UPDATED,"{'CASH': 11608256, 'JPM': -24}"
2019-06-28 13:08:00,BID_DEPTH,"[(99450, 369)]"
2019-06-28 13:08:00,ASK_DEPTH,"[(99506, 422)]"
2019-06-28 13:08:00,IMBALANCE,"[369, 422]"
2019-06-28 13:08:00,HOLDINGS_UPDATED,"{'CASH': 10812208, 'JPM': -16}"
2019-06-28 13:09:00,BID_DEPTH,"[(99205, 271)]"
2019-06-28 13:09:00,ASK_DEPTH,"[(99506, 300)]"
2019-06-28 13:09:00,IMBALANCE,"[271, 300]"
2019-06-28 13:09:00,HOLDINGS_UPDATED,"{'CASH': 10016160, 'JPM': -8}"
2019-06-28 13:10:00,BID_DEPTH,"[(98699, 154)]"
2019-06-28 13:10:00,ASK_DEPTH,"[(99205, 51)]"
2019-06-28 13:10:00,IMBALANCE,"[154, 51]"
2019-06-28 13:10:00,HOLDINGS_UPDATED,{'CASH': 9222520}
2019-06-28 13:11:00,BID_DEPTH,"[(99205, 91)]"
2019-06-28 13:11:00,ASK_DEPTH,"[(99237, 234)]"
2019-06-28 13:11:00,IMBALANCE,"[91, 234]"
2019-06-28 13:11:00,HOLDINGS_UPDATED,"{'CASH': 10016160, 'JPM': -8}"
2019-06-28 13:12:00,BID_DEPTH,"[(99168, 144)]"
2019-06-28 13:12:00,ASK_DEPTH,"[(99237, 169)]"
2019-06-28 13:12:00,IMBALANCE,"[144, 169]"
2019-06-28 13:12:00,HOLDINGS_UPDATED,"{'CASH': 10809504, 'JPM': -16}"
2019-06-28 13:13:00,BID_DEPTH,"[(99169, 187)]"
2019-06-28 13:13:00,ASK_DEPTH,"[(99334, 234)]"
2019-06-28 13:13:00,IMBALANCE,"[187, 234]"
2019-06-28 13:13:00,HOLDINGS_UPDATED,"{'CASH': 11602856, 'JPM': -24}"
2019-06-28 13:14:00,BID_DEPTH,"[(99169, 324)]"
2019-06-28 13:14:00,ASK_DEPTH,"[(99404, 369)]"
2019-06-28 13:14:00,IMBALANCE,"[324, 369]"
2019-06-28 13:14:00,HOLDINGS_UPDATED,"{'CASH': 12396208, 'JPM': -32}"
2019-06-28 13:15:00,BID_DEPTH,"[(99443, 90)]"
2019-06-28 13:15:00,ASK_DEPTH,"[(99802, 191)]"
2019-06-28 13:15:00,IMBALANCE,"[90, 191]"
2019-06-28 13:15:00,HOLDINGS_UPDATED,"{'CASH': 13191752, 'JPM': -40}"
2019-06-28 13:16:00,BID_DEPTH,"[(99169, 46)]"
2019-06-28 13:16:00,ASK_DEPTH,"[(99443, 191)]"
2019-06-28 13:16:00,IMBALANCE,"[46, 191]"
2019-06-28 13:16:00,HOLDINGS_UPDATED,"{'CASH': 13985104, 'JPM': -48}"
2019-06-28 13:17:00,BID_DEPTH,"[(99053, 187)]"
2019-06-28 13:17:00,ASK_DEPTH,"[(99135, 234)]"
2019-06-28 13:17:00,IMBALANCE,"[187, 234]"
2019-06-28 13:17:00,HOLDINGS_UPDATED,"{'CASH': 14777528, 'JPM': -56}"
2019-06-28 13:18:00,BID_DEPTH,"[(99053, 146)]"
2019-06-28 13:18:00,ASK_DEPTH,"[(99135, 191)]"
2019-06-28 13:18:00,IMBALANCE,"[146, 191]"
2019-06-28 13:18:00,HOLDINGS_UPDATED,"{'CASH': 15569952, 'JPM': -64}"
2019-06-28 13:19:00,BID_DEPTH,"[(99054, 144)]"
2019-06-28 13:19:00,ASK_DEPTH,"[(99135, 191)]"
2019-06-28 13:19:00,IMBALANCE,"[144, 191]"
2019-06-28 13:19:00,HOLDINGS_UPDATED,"{'CASH': 16362384, 'JPM': -72}"
2019-06-28 13:20:00,BID_DEPTH,"[(99135, 129)]"
2019-06-28 13:20:00,ASK_DEPTH,"[(99297, 167)]"
2019-06-28 13:20:00,IMBALANCE,"[129, 167]"
2019-06-28 13:20:00,HOLDINGS_UPDATED,"{'CASH': 17155464, 'JPM': -80}"
2019-06-28 13:21:00,BID_DEPTH,"[(99136, 320)]"
2019-06-28 13:21:00,ASK_DEPTH,"[(99297, 167)]"
2019-06-28 13:21:00,IMBALANCE,"[320, 167]"
2019-06-28 13:21:00,HOLDINGS_UPDATED,"{'CASH': 17948552, 'JPM': -88}"
2019-06-28 13:22:00,BID_DEPTH,"[(99136, 265)]"
2019-06-28 13:22:00,ASK_DEPTH,"[(99220, 334)]"
2019-06-28 13:22:00,IMBALANCE,"[265, 334]"
2019-06-28 13:22:00,HOLDINGS_UPDATED,"{'CASH': 18741640, 'JPM': -96}"
2019-06-28 13:23:00,BID_DEPTH,"[(99054, 224)]"
2019-06-28 13:23:00,ASK_DEPTH,"[(99135, 335)]"
2019-06-28 13:23:00,IMBALANCE,"[224, 335]"
2019-06-28 13:23:00,HOLDINGS_UPDATED,"{'CASH': 19534072, 'JPM': -104}"
2019-06-28 13:24:00,BID_DEPTH,"[(98764, 120)]"
2019-06-28 13:24:00,ASK_DEPTH,"[(99135, 133)]"
2019-06-28 13:24:00,IMBALANCE,"[120, 133]"
2019-06-28 13:24:00,HOLDINGS_UPDATED,"{'CASH': 20324184, 'JPM': -112}"
2019-06-28 13:25:00,BID_DEPTH,"[(98787, 144)]"
2019-06-28 13:25:00,ASK_DEPTH,"[(98845, 191)]"
2019-06-28 13:25:00,IMBALANCE,"[144, 191]"
2019-06-28 13:25:00,HOLDINGS_UPDATED,"{'CASH': 21114480, 'JPM': -120}"
2019-06-28 13:26:00,BID_DEPTH,"[(98699, 322)]"
2019-06-28 13:26:00,ASK_DEPTH,"[(98764, 276)]"
2019-06-28 13:26:00,IMBALANCE,"[322, 276]"
2019-06-28 13:26:00,HOLDINGS_UPDATED,"{'CASH': 21904072, 'JPM': -128}"
2019-06-28 13:27:00,BID_DEPTH,"[(98699, 89)]"
2019-06-28 13:27:00,ASK_DEPTH,"[(98790, 234)]"
2019-06-28 13:27:00,IMBALANCE,"[89, 234]"
2019-06-28 13:27:00,HOLDINGS_UPDATED,"{'CASH': 22693664, 'JPM': -136}"
2019-06-28 13:28:00,BID_DEPTH,"[(98182, 187)]"
2019-06-28 13:28:00,ASK_DEPTH,"[(98699, 165)]"
2019-06-28 13:28:00,IMBALANCE,"[187, 165]"
2019-06-28 13:28:00,HOLDINGS_UPDATED,"{'CASH': 23479120, 'JPM': -144}"
2019-06-28 13:29:00,BID_DEPTH,"[(98182, 9)]"
2019-06-28 13:29:00,ASK_DEPTH,"[(98790, 154)]"
2019-06-28 13:29:00,IMBALANCE,"[9, 154]"
2019-06-28 13:29:00,HOLDINGS_UPDATED,"{'CASH': 24264576, 'JPM': -152}"
2019-06-28 13:30:00,BID_DEPTH,"[(98182, 46)]"
2019-06-28 13:30:00,ASK_DEPTH,"[(98373, 191)]"
2019-06-28 13:30:00,IMBALANCE,"[46, 191]"
2019-06-28 13:30:00,HOLDINGS_UPDATED,"{'CASH': 25050032, 'JPM': -160}"
2019-06-28 13:31:00,BID_DEPTH,"[(98182, 322)]"
2019-06-28 13:31:00,ASK_DEPTH,"[(98593, 369)]"
2019-06-28 13:31:00,IMBALANCE,"[322, 369]"
2019-06-28 13:31:00,HOLDINGS_UPDATED,"{'CASH': 25835488, 'JPM': -168}"
2019-06-28 13:32:00,BID_DEPTH,"[(98656, 187)]"
2019-06-28 13:32:00,ASK_DEPTH,"[(98790, 234)]"
2019-06-28 13:32:00,IMBALANCE,"[187, 234]"
2019-06-28 13:32:00,HOLDINGS_UPDATED,"{'CASH': 26624736, 'JPM': -176}"
2019-06-28 13:33:00,BID_DEPTH,"[(98182, 324)]"
2019-06-28 13:33:00,ASK_DEPTH,"[(98817, 369)]"
2019-06-28 13:33:00,IMBALANCE,"[324, 369]"
2019-06-28 13:33:00,HOLDINGS_UPDATED,"{'CASH': 27410192, 'JPM': -184}"
2019-06-28 13:34:00,BID_DEPTH,"[(98182, 89)]"
2019-06-28 13:34:00,ASK_DEPTH,"[(98944, 234)]"
2019-06-28 13:34:00,IMBALANCE,"[89, 234]"
2019-06-28 13:34:00,HOLDINGS_UPDATED,"{'CASH': 28195648, 'JPM': -192}"
2019-06-28 13:35:00,BID_DEPTH,"[(98183, 144)]"
2019-06-28 13:35:00,ASK_DEPTH,"[(98984, 191)]"
2019-06-28 13:35:00,IMBALANCE,"[144, 191]"
2019-06-28 13:35:00,HOLDINGS_UPDATED,"{'CASH': 28981112, 'JPM': -200}"
2019-06-28 13:36:00,BID_DEPTH,"[(98183, 107)]"
2019-06-28 13:36:00,ASK_DEPTH,"[(98984, 154)]"
2019-06-28 13:36:00,IMBALANCE,"[107, 154]"
2019-06-28 13:36:00,HOLDINGS_UPDATED,"{'CASH': 29766576, 'JPM': -208}"
2019-06-28 13:37:00,BID_DEPTH,"[(98183, 187)]"
2019-06-28 13:37:00,ASK_DEPTH,"[(99026, 234)]"
2019-06-28 13:37:00,IMBALANCE,"[187, 234]"
2019-06-28 13:37:00,HOLDINGS_UPDATED,"{'CASH': 30552040, 'JPM': -216}"
2019-06-28 13:38:00,BID_DEPTH,"[(98183, 187)]"
2019-06-28 13:38:00,ASK_DEPTH,"[(99133, 234)]"
2019-06-28 13:38:00,IMBALANCE,"[187, 234]"
2019-06-28 13:38:00,HOLDINGS_UPDATED,"{'CASH': 31337504, 'JPM': -224}"
2019-06-28 13:39:00,BID_DEPTH,"[(98430, 107)]"
2019-06-28 13:39:00,ASK_DEPTH,"[(99133, 154)]"
2019-06-28 13:39:00,IMBALANCE,"[107, 154]"
2019-06-28 13:39:00,HOLDINGS_UPDATED,"{'CASH': 32124944, 'JPM': -232}"
2019-06-28 13:40:00,BID_DEPTH,"[(98819, 322)]"
2019-06-28 13:40:00,ASK_DEPTH,"[(99130, 369)]"
2019-06-28 13:40:00,IMBALANCE,"[322, 369]"
2019-06-28 13:40:00,HOLDINGS_UPDATED,"{'CASH': 32915496, 'JPM': -240}"
2019-06-28 13:41:00,BID_DEPTH,"[(98819, 107)]"
2019-06-28 13:41:00,ASK_DEPTH,"[(99130, 154)]"
2019-06-28 13:41:00,IMBALANCE,"[107, 154]"
2019-06-28 13:41:00,HOLDINGS_UPDATED,"{'CASH': 33706048, 'JPM': -248}"
2019-06-28 13:42:00,BID_DEPTH,"[(99135, 144)]"
2019-06-28 13:42:00,ASK_DEPTH,"[(99178, 191)]"
2019-06-28 13:42:00,IMBALANCE,"[144, 191]"
2019-06-28 13:42:00,HOLDINGS_UPDATED,"{'CASH': 34499128, 'JPM': -256}"
2019-06-28 13:43:00,BID_DEPTH,"[(99135, 120)]"
2019-06-28 13:43:00,ASK_DEPTH,"[(99278, 167)]"
2019-06-28 13:43:00,IMBALANCE,"[120, 167]"
2019-06-28 13:43:00,HOLDINGS_UPDATED,"{'CASH': 35292208, 'JPM': -264}"
2019-06-28 13:44:00,BID_DEPTH,"[(99222, 107)]"
2019-06-28 13:44:00,ASK_DEPTH,"[(99278, 154)]"
2019-06-28 13:44:00,IMBALANCE,"[107, 154]"
2019-06-28 13:44:00,HOLDINGS_UPDATED,"{'CASH': 36085984, 'JPM': -272}"
2019-06-28 13:45:00,BID_DEPTH,"[(99222, 144)]"
2019-06-28 13:45:00,ASK_DEPTH,"[(99278, 191)]"
2019-06-28 13:45:00,IMBALANCE,"[144, 191]"
2019-06-28 13:45:00,HOLDINGS_UPDATED,"{'CASH': 36879760, 'JPM': -280}"
2019-06-28 13:46:00,BID_DEPTH,"[(99222, 120)]"
2019-06-28 13:46:00,ASK_DEPTH,"[(99327, 167)]"
2019-06-28 13:46:00,IMBALANCE,"[120, 167]"
2019-06-28 13:46:00,HOLDINGS_UPDATED,"{'CASH': 37673536, 'JPM': -288}"
2019-06-28 13:47:00,BID_DEPTH,"[(99327, 53)]"
2019-06-28 13:47:00,ASK_DEPTH,"[(99412, 154)]"
2019-06-28 13:47:00,IMBALANCE,"[53, 154]"
2019-06-28 13:47:00,HOLDINGS_UPDATED,"{'CASH': 38468152, 'JPM': -296}"
2019-06-28 13:48:00,BID_DEPTH,"[(99412, 77)]"
2019-06-28 13:48:00,ASK_DEPTH,"[(99482, 191)]"
2019-06-28 13:48:00,IMBALANCE,"[77, 191]"
2019-06-28 13:48:00,HOLDINGS_UPDATED,"{'CASH': 39263448, 'JPM': -304}"
2019-06-28 13:49:00,BID_DEPTH,"[(99482, 144)]"
2019-06-28 13:49:00,ASK_DEPTH,"[(99834, 191)]"
2019-06-28 13:49:00,IMBALANCE,"[144, 191]"
2019-06-28 13:49:00,HOLDINGS_UPDATED,"{'CASH': 40059304, 'JPM': -312}"
2019-06-28 13:50:00,BID_DEPTH,"[(99483, 144)]"
2019-06-28 13:50:00,ASK_DEPTH,"[(100456, 191)]"
2019-06-28 13:50:00,IMBALANCE,"[144, 191]"
2019-06-28 13:50:00,HOLDINGS_UPDATED,"{'CASH': 40855168, 'JPM': -320}"
2019-06-28 13:51:00,BID_DEPTH,"[(99482, 422)]"
2019-06-28 13:51:00,ASK_DEPTH,"[(100487, 369)]"
2019-06-28 13:51:00,IMBALANCE,"[422, 369]"
2019-06-28 13:51:00,HOLDINGS_UPDATED,"{'CASH': 41651024, 'JPM': -328}"
2019-06-28 13:52:00,BID_DEPTH,"[(99482, 310)]"
2019-06-28 13:52:00,ASK_DEPTH,"[(100561, 187)]"
2019-06-28 13:52:00,IMBALANCE,"[310, 187]"
2019-06-28 13:52:00,HOLDINGS_UPDATED,"{'CASH': 40846536, 'JPM': -320}"
2019-06-28 13:53:00,BID_DEPTH,"[(100561, 111)]"
2019-06-28 13:53:00,ASK_DEPTH,"[(100608, 120)]"
2019-06-28 13:53:00,IMBALANCE,"[111, 120]"
2019-06-28 13:53:00,HOLDINGS_UPDATED,"{'CASH': 40041672, 'JPM': -312}"
2019-06-28 13:54:00,BID_DEPTH,"[(100608, 198)]"
2019-06-28 13:54:00,ASK_DEPTH,"[(100861, 144)]"
2019-06-28 13:54:00,IMBALANCE,"[198, 144]"
2019-06-28 13:54:00,HOLDINGS_UPDATED,"{'CASH': 39234784, 'JPM': -304}"
2019-06-28 13:55:00,BID_DEPTH,"[(100861, 98)]"
2019-06-28 13:55:00,ASK_DEPTH,"[(100910, 144)]"
2019-06-28 13:55:00,IMBALANCE,"[98, 144]"
2019-06-28 13:55:00,HOLDINGS_UPDATED,"{'CASH': 38427504, 'JPM': -296}"
2019-06-28 13:56:00,BID_DEPTH,"[(100921, 254)]"
2019-06-28 13:56:00,ASK_DEPTH,"[(101236, 107)]"
2019-06-28 13:56:00,IMBALANCE,"[254, 107]"
2019-06-28 13:56:00,HOLDINGS_UPDATED,"{'CASH': 37617616, 'JPM': -288}"
2019-06-28 13:57:00,BID_DEPTH,"[(101419, 63)]"
2019-06-28 13:57:00,ASK_DEPTH,"[(101556, 107)]"
2019-06-28 13:57:00,IMBALANCE,"[63, 107]"
2019-06-28 13:57:00,HOLDINGS_UPDATED,"{'CASH': 36805168, 'JPM': -280}"
2019-06-28 13:58:00,BID_DEPTH,"[(101419, 76)]"
2019-06-28 13:58:00,ASK_DEPTH,"[(101556, 22)]"
2019-06-28 13:58:00,IMBALANCE,"[76, 22]"
2019-06-28 13:58:00,HOLDINGS_UPDATED,"{'CASH': 35992720, 'JPM': -272}"
2019-06-28 13:59:00,BID_DEPTH,"[(101556, 94)]"
2019-06-28 13:59:00,ASK_DEPTH,"[(101796, 46)]"
2019-06-28 13:59:00,IMBALANCE,"[94, 46]"
2019-06-28 13:59:00,HOLDINGS_UPDATED,"{'CASH': 35178352, 'JPM': -264}"
2019-06-28 14:00:00,BID_DEPTH,"[(102027, 234)]"
2019-06-28 14:00:00,ASK_DEPTH,"[(102317, 187)]"
2019-06-28 14:00:00,IMBALANCE,"[234, 187]"
2019-06-28 14:00:00,HOLDINGS_UPDATED,"{'CASH': 34359816, 'JPM': -256}"
2019-06-28 14:01:00,BID_DEPTH,"[(102027, 154)]"
2019-06-28 14:01:00,ASK_DEPTH,"[(102317, 109)]"
2019-06-28 14:01:00,IMBALANCE,"[154, 109]"
2019-06-28 14:01:00,HOLDINGS_UPDATED,"{'CASH': 33541280, 'JPM': -248}"
2019-06-28 14:02:00,BID_DEPTH,"[(102317, 135)]"
2019-06-28 14:02:00,ASK_DEPTH,"[(102347, 117)]"
2019-06-28 14:02:00,IMBALANCE,"[135, 117]"
2019-06-28 14:02:00,HOLDINGS_UPDATED,"{'CASH': 32722504, 'JPM': -240}"
2019-06-28 14:03:00,BID_DEPTH,"[(102317, 313)]"
2019-06-28 14:03:00,ASK_DEPTH,"[(102347, 224)]"
2019-06-28 14:03:00,IMBALANCE,"[313, 224]"
2019-06-28 14:03:00,HOLDINGS_UPDATED,"{'CASH': 31903728, 'JPM': -232}"
2019-06-28 14:04:00,BID_DEPTH,"[(102347, 300)]"
2019-06-28 14:04:00,ASK_DEPTH,"[(102503, 322)]"
2019-06-28 14:04:00,IMBALANCE,"[300, 322]"
2019-06-28 14:04:00,HOLDINGS_UPDATED,"{'CASH': 31083704, 'JPM': -224}"
2019-06-28 14:05:00,BID_DEPTH,"[(102503, 154)]"
2019-06-28 14:05:00,ASK_DEPTH,"[(102551, 107)]"
2019-06-28 14:05:00,IMBALANCE,"[154, 107]"
2019-06-28 14:05:00,HOLDINGS_UPDATED,"{'CASH': 30263296, 'JPM': -216}"
2019-06-28 14:06:00,BID_DEPTH,"[(102503, 154)]"
2019-06-28 14:06:00,ASK_DEPTH,"[(102699, 107)]"
2019-06-28 14:06:00,IMBALANCE,"[154, 107]"
2019-06-28 14:06:00,HOLDINGS_UPDATED,"{'CASH': 29441704, 'JPM': -208}"
2019-06-28 14:07:00,BID_DEPTH,"[(102347, 122)]"
2019-06-28 14:07:00,ASK_DEPTH,"[(102699, 46)]"
2019-06-28 14:07:00,IMBALANCE,"[122, 46]"
2019-06-28 14:07:00,HOLDINGS_UPDATED,"{'CASH': 28620112, 'JPM': -200}"
2019-06-28 14:08:00,BID_DEPTH,"[(102347, 165)]"
2019-06-28 14:08:00,ASK_DEPTH,"[(102853, 187)]"
2019-06-28 14:08:00,IMBALANCE,"[165, 187]"
2019-06-28 14:08:00,HOLDINGS_UPDATED,"{'CASH': 27797288, 'JPM': -192}"
2019-06-28 14:09:00,BID_DEPTH,"[(102347, 98)]"
2019-06-28 14:09:00,ASK_DEPTH,"[(102412, 120)]"
2019-06-28 14:09:00,IMBALANCE,"[98, 120]"
2019-06-28 14:09:00,HOLDINGS_UPDATED,"{'CASH': 26977992, 'JPM': -184}"
2019-06-28 14:10:00,BID_DEPTH,"[(102412, 313)]"
2019-06-28 14:10:00,ASK_DEPTH,"[(102852, 322)]"
2019-06-28 14:10:00,IMBALANCE,"[313, 322]"
2019-06-28 14:10:00,HOLDINGS_UPDATED,"{'CASH': 26155176, 'JPM': -176}"
2019-06-28 14:11:00,BID_DEPTH,"[(102412, 98)]"
2019-06-28 14:11:00,ASK_DEPTH,"[(102852, 9)]"
2019-06-28 14:11:00,IMBALANCE,"[98, 9]"
2019-06-28 14:11:00,HOLDINGS_UPDATED,"{'CASH': 25332360, 'JPM': -168}"
2019-06-28 14:12:00,BID_DEPTH,"[(102852, 276)]"
2019-06-28 14:12:00,ASK_DEPTH,"[(102853, 322)]"
2019-06-28 14:12:00,IMBALANCE,"[276, 322]"
2019-06-28 14:12:00,HOLDINGS_UPDATED,"{'CASH': 24509536, 'JPM': -160}"
2019-06-28 14:13:00,BID_DEPTH,"[(102347, 98)]"
2019-06-28 14:13:00,ASK_DEPTH,"[(102852, 122)]"
2019-06-28 14:13:00,IMBALANCE,"[98, 122]"
2019-06-28 14:13:00,HOLDINGS_UPDATED,"{'CASH': 23686720, 'JPM': -152}"
2019-06-28 14:14:00,BID_DEPTH,"[(102317, 111)]"
2019-06-28 14:14:00,ASK_DEPTH,"[(102347, 22)]"
2019-06-28 14:14:00,IMBALANCE,"[111, 22]"
2019-06-28 14:14:00,HOLDINGS_UPDATED,"{'CASH': 22867944, 'JPM': -144}"
2019-06-28 14:15:00,BID_DEPTH,"[(102347, 94)]"
2019-06-28 14:15:00,ASK_DEPTH,"[(102853, 96)]"
2019-06-28 14:15:00,IMBALANCE,"[94, 96]"
2019-06-28 14:15:00,HOLDINGS_UPDATED,"{'CASH': 22353679, 'JPM': -139}"
2019-06-28 14:15:00,HOLDINGS_UPDATED,"{'CASH': 22045120, 'JPM': -136}"
2019-06-28 14:16:00,BID_DEPTH,"[(102317, 111)]"
2019-06-28 14:16:00,ASK_DEPTH,"[(102347, 50)]"
2019-06-28 14:16:00,IMBALANCE,"[111, 50]"
2019-06-28 14:16:00,HOLDINGS_UPDATED,"{'CASH': 21226344, 'JPM': -128}"
2019-06-28 14:17:00,BID_DEPTH,"[(102317, 111)]"
2019-06-28 14:17:00,ASK_DEPTH,"[(102853, 95)]"
2019-06-28 14:17:00,IMBALANCE,"[111, 95]"
2019-06-28 14:17:00,HOLDINGS_UPDATED,"{'CASH': 20403520, 'JPM': -120}"
2019-06-28 14:18:00,BID_DEPTH,"[(102278, 369)]"
2019-06-28 14:18:00,ASK_DEPTH,"[(102298, 231)]"
2019-06-28 14:18:00,IMBALANCE,"[369, 231]"
2019-06-28 14:18:00,HOLDINGS_UPDATED,"{'CASH': 19585136, 'JPM': -112}"
2019-06-28 14:19:00,BID_DEPTH,"[(102223, 167)]"
2019-06-28 14:19:00,ASK_DEPTH,"[(102298, 120)]"
2019-06-28 14:19:00,IMBALANCE,"[167, 120]"
2019-06-28 14:19:00,HOLDINGS_UPDATED,"{'CASH': 18766752, 'JPM': -104}"
2019-06-28 14:20:00,BID_DEPTH,"[(102223, 191)]"
2019-06-28 14:20:00,ASK_DEPTH,"[(102298, 144)]"
2019-06-28 14:20:00,IMBALANCE,"[191, 144]"
2019-06-28 14:20:00,HOLDINGS_UPDATED,"{'CASH': 17948368, 'JPM': -96}"
2019-06-28 14:21:00,BID_DEPTH,"[(102223, 167)]"
2019-06-28 14:21:00,ASK_DEPTH,"[(102298, 120)]"
2019-06-28 14:21:00,IMBALANCE,"[167, 120]"
2019-06-28 14:21:00,HOLDINGS_UPDATED,"{'CASH': 17129984, 'JPM': -88}"
2019-06-28 14:22:00,BID_DEPTH,"[(102076, 167)]"
2019-06-28 14:22:00,ASK_DEPTH,"[(102223, 66)]"
2019-06-28 14:22:00,IMBALANCE,"[167, 66]"
2019-06-28 14:22:00,HOLDINGS_UPDATED,"{'CASH': 16312200, 'JPM': -80}"
2019-06-28 14:23:00,BID_DEPTH,"[(102076, 234)]"
2019-06-28 14:23:00,ASK_DEPTH,"[(102223, 95)]"
2019-06-28 14:23:00,IMBALANCE,"[234, 95]"
2019-06-28 14:23:00,HOLDINGS_UPDATED,"{'CASH': 15494416, 'JPM': -72}"
2019-06-28 14:24:00,BID_DEPTH,"[(101902, 234)]"
2019-06-28 14:24:00,ASK_DEPTH,"[(102223, 187)]"
2019-06-28 14:24:00,IMBALANCE,"[234, 187]"
2019-06-28 14:24:00,HOLDINGS_UPDATED,"{'CASH': 14676632, 'JPM': -64}"
2019-06-28 14:25:00,BID_DEPTH,"[(101902, 234)]"
2019-06-28 14:25:00,ASK_DEPTH,"[(102298, 279)]"
2019-06-28 14:25:00,IMBALANCE,"[234, 279]"
2019-06-28 14:25:00,HOLDINGS_UPDATED,"{'CASH': 13858248, 'JPM': -56}"
2019-06-28 14:26:00,BID_DEPTH,"[(101718, 154)]"
2019-06-28 14:26:00,ASK_DEPTH,"[(102298, 77)]"
2019-06-28 14:26:00,IMBALANCE,"[154, 77]"
2019-06-28 14:26:00,HOLDINGS_UPDATED,"{'CASH': 13039864, 'JPM': -48}"
2019-06-28 14:27:00,BID_DEPTH,"[(101489, 154)]"
2019-06-28 14:27:00,ASK_DEPTH,"[(102854, 109)]"
2019-06-28 14:27:00,IMBALANCE,"[154, 109]"
2019-06-28 14:27:00,HOLDINGS_UPDATED,"{'CASH': 12217032, 'JPM': -40}"
2019-06-28 14:28:00,BID_DEPTH,"[(101129, 191)]"
2019-06-28 14:28:00,ASK_DEPTH,"[(101419, 135)]"
2019-06-28 14:28:00,IMBALANCE,"[191, 135]"
2019-06-28 14:28:00,HOLDINGS_UPDATED,"{'CASH': 11405680, 'JPM': -32}"
2019-06-28 14:29:00,BID_DEPTH,"[(100817, 234)]"
2019-06-28 14:29:00,ASK_DEPTH,"[(100910, 156)]"
2019-06-28 14:29:00,IMBALANCE,"[234, 156]"
2019-06-28 14:29:00,HOLDINGS_UPDATED,"{'CASH': 10598400, 'JPM': -24}"
2019-06-28 14:30:00,BID_DEPTH,"[(101006, 100)]"
2019-06-28 14:30:00,ASK_DEPTH,[]
2019-06-28 14:30:00,IMBALANCE,"[100, 0]"
2019-06-28 14:31:00,BID_DEPTH,"[(100910, 167)]"
2019-06-28 14:31:00,ASK_DEPTH,"[(101006, 120)]"
2019-06-28 14:31:00,IMBALANCE,"[167, 120]"
2019-06-28 14:31:00,HOLDINGS_UPDATED,"{'CASH': 9790352, 'JPM': -16}"
2019-06-28 14:32:00,BID_DEPTH,"[(101018, 234)]"
2019-06-28 14:32:00,ASK_DEPTH,"[(101033, 187)]"
2019-06-28 14:32:00,IMBALANCE,"[234, 187]"
2019-06-28 14:32:00,HOLDINGS_UPDATED,"{'CASH': 8982088, 'JPM': -8}"
2019-06-28 14:33:00,BID_DEPTH,"[(101033, 191)]"
2019-06-28 14:33:00,ASK_DEPTH,"[(101042, 144)]"
2019-06-28 14:33:00,IMBALANCE,"[191, 144]"
2019-06-28 14:33:00,HOLDINGS_UPDATED,{'CASH': 8173752}
2019-06-28 14:34:00,BID_DEPTH,"[(101042, 265)]"
2019-06-28 14:34:00,ASK_DEPTH,"[(101414, 187)]"
2019-06-28 14:34:00,IMBALANCE,"[265, 187]"
2019-06-28 14:34:00,HOLDINGS_UPDATED,"{'CASH': 7362440, 'JPM': 8}"
2019-06-28 14:35:00,BID_DEPTH,"[(101042, 185)]"
2019-06-28 14:35:00,ASK_DEPTH,"[(101127, 107)]"
2019-06-28 14:35:00,IMBALANCE,"[185, 107]"
2019-06-28 14:35:00,HOLDINGS_UPDATED,"{'CASH': 6553424, 'JPM': 16}"
2019-06-28 14:36:00,BID_DEPTH,"[(101010, 191)]"
2019-06-28 14:36:00,ASK_DEPTH,"[(101126, 144)]"
2019-06-28 14:36:00,IMBALANCE,"[191, 144]"
2019-06-28 14:36:00,HOLDINGS_UPDATED,"{'CASH': 5744416, 'JPM': 24}"
2019-06-28 14:37:00,BID_DEPTH,"[(101010, 369)]"
2019-06-28 14:37:00,ASK_DEPTH,"[(101127, 322)]"
2019-06-28 14:37:00,IMBALANCE,"[369, 322]"
2019-06-28 14:37:00,HOLDINGS_UPDATED,"{'CASH': 4935400, 'JPM': 32}"
2019-06-28 14:38:00,BID_DEPTH,"[(101051, 144)]"
2019-06-28 14:38:00,ASK_DEPTH,"[(101127, 291)]"
2019-06-28 14:38:00,IMBALANCE,"[144, 291]"
2019-06-28 14:38:00,HOLDINGS_UPDATED,"{'CASH': 5743808, 'JPM': 24}"
2019-06-28 14:39:00,BID_DEPTH,"[(100817, 187)]"
2019-06-28 14:39:00,ASK_DEPTH,"[(101051, 234)]"
2019-06-28 14:39:00,IMBALANCE,"[187, 234]"
2019-06-28 14:39:00,HOLDINGS_UPDATED,"{'CASH': 6550344, 'JPM': 16}"
2019-06-28 14:40:00,BID_DEPTH,"[(100718, 120)]"
2019-06-28 14:40:00,ASK_DEPTH,"[(100777, 267)]"
2019-06-28 14:40:00,IMBALANCE,"[120, 267]"
2019-06-28 14:40:00,HOLDINGS_UPDATED,"{'CASH': 7356088, 'JPM': 8}"
2019-06-28 14:41:00,BID_DEPTH,"[(100661, 120)]"
2019-06-28 14:41:00,ASK_DEPTH,"[(100777, 267)]"
2019-06-28 14:41:00,IMBALANCE,"[120, 267]"
2019-06-28 14:41:00,HOLDINGS_UPDATED,{'CASH': 8161376}
2019-06-28 14:42:00,BID_DEPTH,"[(100609, 144)]"
2019-06-28 14:42:00,ASK_DEPTH,"[(100777, 291)]"
2019-06-28 14:42:00,IMBALANCE,"[144, 291]"
2019-06-28 14:42:00,HOLDINGS_UPDATED,"{'CASH': 8966248, 'JPM': -8}"
2019-06-28 14:43:00,BID_DEPTH,"[(100596, 107)]"
2019-06-28 14:43:00,ASK_DEPTH,"[(100609, 154)]"
2019-06-28 14:43:00,IMBALANCE,"[107, 154]"
2019-06-28 14:43:00,HOLDINGS_UPDATED,"{'CASH': 9771016, 'JPM': -16}"
2019-06-28 14:44:00,BID_DEPTH,"[(100580, 107)]"
2019-06-28 14:44:00,ASK_DEPTH,"[(100596, 220)]"
2019-06-28 14:44:00,IMBALANCE,"[107, 220]"
2019-06-28 14:44:00,HOLDINGS_UPDATED,"{'CASH': 10575656, 'JPM': -24}"
2019-06-28 14:45:00,BID_DEPTH,"[(100580, 109)]"
2019-06-28 14:45:00,ASK_DEPTH,"[(100596, 120)]"
2019-06-28 14:45:00,IMBALANCE,"[109, 120]"
2019-06-28 14:45:00,HOLDINGS_UPDATED,"{'CASH': 11380296, 'JPM': -32}"
2019-06-28 14:46:00,BID_DEPTH,"[(100580, 46)]"
2019-06-28 14:46:00,ASK_DEPTH,"[(100777, 291)]"
2019-06-28 14:46:00,IMBALANCE,"[46, 291]"
2019-06-28 14:46:00,HOLDINGS_UPDATED,"{'CASH': 12184936, 'JPM': -40}"
2019-06-28 14:47:00,BID_DEPTH,"[(100544, 144)]"
2019-06-28 14:47:00,ASK_DEPTH,"[(100777, 291)]"
2019-06-28 14:47:00,IMBALANCE,"[144, 291]"
2019-06-28 14:47:00,HOLDINGS_UPDATED,"{'CASH': 12989288, 'JPM': -48}"
2019-06-28 14:48:00,BID_DEPTH,"[(100543, 117)]"
2019-06-28 14:48:00,ASK_DEPTH,"[(100661, 191)]"
2019-06-28 14:48:00,IMBALANCE,"[117, 191]"
2019-06-28 14:48:00,HOLDINGS_UPDATED,"{'CASH': 13793632, 'JPM': -56}"
2019-06-28 14:49:00,BID_DEPTH,"[(100542, 187)]"
2019-06-28 14:49:00,ASK_DEPTH,"[(100777, 334)]"
2019-06-28 14:49:00,IMBALANCE,"[187, 334]"
2019-06-28 14:49:00,HOLDINGS_UPDATED,"{'CASH': 14597968, 'JPM': -64}"
2019-06-28 14:50:00,BID_DEPTH,"[(101005, 120)]"
2019-06-28 14:50:00,ASK_DEPTH,"[(101020, 167)]"
2019-06-28 14:50:00,IMBALANCE,"[120, 167]"
2019-06-28 14:50:00,HOLDINGS_UPDATED,"{'CASH': 15406008, 'JPM': -72}"
2019-06-28 14:51:00,BID_DEPTH,"[(100909, 322)]"
2019-06-28 14:51:00,ASK_DEPTH,"[(101068, 369)]"
2019-06-28 14:51:00,IMBALANCE,"[322, 369]"
2019-06-28 14:51:00,HOLDINGS_UPDATED,"{'CASH': 16213280, 'JPM': -80}"
2019-06-28 14:52:00,BID_DEPTH,"[(100769, 120)]"
2019-06-28 14:52:00,ASK_DEPTH,"[(101037, 167)]"
2019-06-28 14:52:00,IMBALANCE,"[120, 167]"
2019-06-28 14:52:00,HOLDINGS_UPDATED,"{'CASH': 17019432, 'JPM': -88}"
2019-06-28 14:53:00,BID_DEPTH,"[(100494, 107)]"
2019-06-28 14:53:00,ASK_DEPTH,"[(101127, 154)]"
2019-06-28 14:53:00,IMBALANCE,"[107, 154]"
2019-06-28 14:53:00,HOLDINGS_UPDATED,"{'CASH': 17823384, 'JPM': -96}"
2019-06-28 14:54:00,BID_DEPTH,"[(100494, 322)]"
2019-06-28 14:54:00,ASK_DEPTH,"[(102094, 369)]"
2019-06-28 14:54:00,IMBALANCE,"[322, 369]"
2019-06-28 14:54:00,HOLDINGS_UPDATED,"{'CASH': 18627336, 'JPM': -104}"
2019-06-28 14:55:00,BID_DEPTH,"[(100494, 144)]"
2019-06-28 14:55:00,ASK_DEPTH,"[(102094, 191)]"
2019-06-28 14:55:00,IMBALANCE,"[144, 191]"
2019-06-28 14:55:00,HOLDINGS_UPDATED,"{'CASH': 19431288, 'JPM': -112}"
2019-06-28 14:56:00,BID_DEPTH,"[(101943, 187)]"
2019-06-28 14:56:00,ASK_DEPTH,"[(102094, 234)]"
2019-06-28 14:56:00,IMBALANCE,"[187, 234]"
2019-06-28 14:56:00,HOLDINGS_UPDATED,"{'CASH': 20246832, 'JPM': -120}"
2019-06-28 14:57:00,BID_DEPTH,"[(102045, 322)]"
2019-06-28 14:57:00,ASK_DEPTH,"[(102094, 369)]"
2019-06-28 14:57:00,IMBALANCE,"[322, 369]"
2019-06-28 14:57:00,HOLDINGS_UPDATED,"{'CASH': 21063192, 'JPM': -128}"
2019-06-28 14:58:00,BID_DEPTH,"[(102313, 120)]"
2019-06-28 14:58:00,ASK_DEPTH,"[(102375, 167)]"
2019-06-28 14:58:00,IMBALANCE,"[120, 167]"
2019-06-28 14:58:00,HOLDINGS_UPDATED,"{'CASH': 21881696, 'JPM': -136}"
2019-06-28 14:59:00,BID_DEPTH,"[(102095, 144)]"
2019-06-28 14:59:00,ASK_DEPTH,"[(102313, 291)]"
2019-06-28 14:59:00,IMBALANCE,"[144, 291]"
2019-06-28 14:59:00,HOLDINGS_UPDATED,"{'CASH': 22698456, 'JPM': -144}"
2019-06-28 15:00:00,BID_DEPTH,"[(102004, 107)]"
2019-06-28 15:00:00,ASK_DEPTH,"[(102095, 354)]"
2019-06-28 15:00:00,IMBALANCE,"[107, 354]"
2019-06-28 15:00:00,HOLDINGS_UPDATED,"{'CASH': 23514488, 'JPM': -152}"
2019-06-28 15:01:00,BID_DEPTH,"[(101974, 107)]"
2019-06-28 15:01:00,ASK_DEPTH,"[(102095, 354)]"
2019-06-28 15:01:00,IMBALANCE,"[107, 354]"
2019-06-28 15:01:00,HOLDINGS_UPDATED,"{'CASH': 24330280, 'JPM': -160}"
2019-06-28 15:02:00,BID_DEPTH,"[(101941, 187)]"
2019-06-28 15:02:00,ASK_DEPTH,"[(101974, 234)]"
2019-06-28 15:02:00,IMBALANCE,"[187, 234]"
2019-06-28 15:02:00,HOLDINGS_UPDATED,"{'CASH': 25145808, 'JPM': -168}"
2019-06-28 15:03:00,BID_DEPTH,"[(101974, 144)]"
2019-06-28 15:03:00,ASK_DEPTH,"[(102095, 291)]"
2019-06-28 15:03:00,IMBALANCE,"[144, 291]"
2019-06-28 15:03:00,HOLDINGS_UPDATED,"{'CASH': 25961600, 'JPM': -176}"
2019-06-28 15:04:00,BID_DEPTH,"[(101927, 187)]"
2019-06-28 15:04:00,ASK_DEPTH,"[(102313, 334)]"
2019-06-28 15:04:00,IMBALANCE,"[187, 334]"
2019-06-28 15:04:00,HOLDINGS_UPDATED,"{'CASH': 26777016, 'JPM': -184}"
2019-06-28 15:05:00,BID_DEPTH,"[(101691, 107)]"
2019-06-28 15:05:00,ASK_DEPTH,"[(102313, 254)]"
2019-06-28 15:05:00,IMBALANCE,"[107, 254]"
2019-06-28 15:05:00,HOLDINGS_UPDATED,"{'CASH': 27590544, 'JPM': -192}"
2019-06-28 15:06:00,BID_DEPTH,"[(101691, 154)]"
2019-06-28 15:06:00,ASK_DEPTH,"[(102174, 107)]"
2019-06-28 15:06:00,IMBALANCE,"[154, 107]"
2019-06-28 15:06:00,HOLDINGS_UPDATED,"{'CASH': 26773152, 'JPM': -184}"
2019-06-28 15:07:00,BID_DEPTH,"[(101691, 191)]"
2019-06-28 15:07:00,ASK_DEPTH,"[(101943, 144)]"
2019-06-28 15:07:00,IMBALANCE,"[191, 144]"
2019-06-28 15:07:00,HOLDINGS_UPDATED,"{'CASH': 25957608, 'JPM': -176}"
2019-06-28 15:08:00,BID_DEPTH,"[(101734, 87)]"
2019-06-28 15:08:00,ASK_DEPTH,"[(101964, 107)]"
2019-06-28 15:08:00,IMBALANCE,"[87, 107]"
2019-06-28 15:08:00,HOLDINGS_UPDATED,"{'CASH': 25141896, 'JPM': -168}"
2019-06-28 15:09:00,BID_DEPTH,"[(101693, 167)]"
2019-06-28 15:09:00,ASK_DEPTH,"[(101964, 120)]"
2019-06-28 15:09:00,IMBALANCE,"[167, 120]"
2019-06-28 15:09:00,HOLDINGS_UPDATED,"{'CASH': 24326184, 'JPM': -160}"
2019-06-28 15:10:00,BID_DEPTH,"[(101691, 154)]"
2019-06-28 15:10:00,ASK_DEPTH,"[(102174, 107)]"
2019-06-28 15:10:00,IMBALANCE,"[154, 107]"
2019-06-28 15:10:00,HOLDINGS_UPDATED,"{'CASH': 23508792, 'JPM': -152}"
2019-06-28 15:11:00,BID_DEPTH,"[(101614, 369)]"
2019-06-28 15:11:00,ASK_DEPTH,"[(102312, 422)]"
2019-06-28 15:11:00,IMBALANCE,"[369, 422]"
2019-06-28 15:11:00,HOLDINGS_UPDATED,"{'CASH': 22690296, 'JPM': -144}"
2019-06-28 15:12:00,BID_DEPTH,"[(101508, 234)]"
2019-06-28 15:12:00,ASK_DEPTH,"[(102312, 265)]"
2019-06-28 15:12:00,IMBALANCE,"[234, 265]"
2019-06-28 15:12:00,HOLDINGS_UPDATED,"{'CASH': 21871800, 'JPM': -136}"
2019-06-28 15:13:00,BID_DEPTH,"[(101229, 234)]"
2019-06-28 15:13:00,ASK_DEPTH,"[(101339, 120)]"
2019-06-28 15:13:00,IMBALANCE,"[234, 120]"
2019-06-28 15:13:00,HOLDINGS_UPDATED,"{'CASH': 21061088, 'JPM': -128}"
2019-06-28 15:14:00,BID_DEPTH,"[(100438, 167)]"
2019-06-28 15:14:00,ASK_DEPTH,"[(100745, 120)]"
2019-06-28 15:14:00,IMBALANCE,"[167, 120]"
2019-06-28 15:14:00,HOLDINGS_UPDATED,"{'CASH': 20255128, 'JPM': -120}"
2019-06-28 15:15:00,BID_DEPTH,"[(100365, 191)]"
2019-06-28 15:15:00,ASK_DEPTH,"[(100456, 144)]"
2019-06-28 15:15:00,IMBALANCE,"[191, 144]"
2019-06-28 15:15:00,HOLDINGS_UPDATED,"{'CASH': 19451480, 'JPM': -112}"
2019-06-28 15:16:00,BID_DEPTH,"[(100365, 369)]"
2019-06-28 15:16:00,ASK_DEPTH,"[(100746, 355)]"
2019-06-28 15:16:00,IMBALANCE,"[369, 355]"
2019-06-28 15:16:00,HOLDINGS_UPDATED,"{'CASH': 18645512, 'JPM': -104}"
2019-06-28 15:17:00,BID_DEPTH,"[(100335, 191)]"
2019-06-28 15:17:00,ASK_DEPTH,"[(100746, 155)]"
2019-06-28 15:17:00,IMBALANCE,"[191, 155]"
2019-06-28 15:17:00,HOLDINGS_UPDATED,"{'CASH': 17839544, 'JPM': -96}"
2019-06-28 15:18:00,BID_DEPTH,"[(100335, 191)]"
2019-06-28 15:18:00,ASK_DEPTH,"[(102312, 100)]"
2019-06-28 15:18:00,IMBALANCE,"[191, 100]"
2019-06-28 15:18:00,HOLDINGS_UPDATED,"{'CASH': 17021048, 'JPM': -88}"
2019-06-28 15:19:00,BID_DEPTH,"[(100335, 191)]"
2019-06-28 15:19:00,ASK_DEPTH,"[(102313, 144)]"
2019-06-28 15:19:00,IMBALANCE,"[191, 144]"
2019-06-28 15:19:00,HOLDINGS_UPDATED,"{'CASH': 16202544, 'JPM': -80}"
2019-06-28 15:20:00,BID_DEPTH,"[(100155, 234)]"
2019-06-28 15:20:00,ASK_DEPTH,"[(100171, 187)]"
2019-06-28 15:20:00,IMBALANCE,"[234, 187]"
2019-06-28 15:20:00,HOLDINGS_UPDATED,"{'CASH': 15401176, 'JPM': -72}"
2019-06-28 15:21:00,BID_DEPTH,"[(100104, 167)]"
2019-06-28 15:21:00,ASK_DEPTH,"[(100171, 120)]"
2019-06-28 15:21:00,IMBALANCE,"[167, 120]"
2019-06-28 15:21:00,HOLDINGS_UPDATED,"{'CASH': 14599808, 'JPM': -64}"
2019-06-28 15:22:00,BID_DEPTH,"[(100054, 369)]"
2019-06-28 15:22:00,ASK_DEPTH,"[(102313, 322)]"
2019-06-28 15:22:00,IMBALANCE,"[369, 322]"
2019-06-28 15:22:00,HOLDINGS_UPDATED,"{'CASH': 13781304, 'JPM': -56}"
2019-06-28 15:23:00,BID_DEPTH,"[(100004, 234)]"
2019-06-28 15:23:00,ASK_DEPTH,"[(102313, 187)]"
2019-06-28 15:23:00,IMBALANCE,"[234, 187]"
2019-06-28 15:23:00,HOLDINGS_UPDATED,"{'CASH': 12962800, 'JPM': -48}"
2019-06-28 15:24:00,BID_DEPTH,"[(98377, 144)]"
2019-06-28 15:24:00,ASK_DEPTH,"[(98763, 191)]"
2019-06-28 15:24:00,IMBALANCE,"[144, 191]"
2019-06-28 15:24:00,HOLDINGS_UPDATED,"{'CASH': 13749816, 'JPM': -56}"
2019-06-28 15:25:00,BID_DEPTH,"[(98673, 144)]"
2019-06-28 15:25:00,ASK_DEPTH,"[(102813, 191)]"
2019-06-28 15:25:00,IMBALANCE,"[144, 191]"
2019-06-28 15:25:00,HOLDINGS_UPDATED,"{'CASH': 14539200, 'JPM': -64}"
2019-06-28 15:26:00,BID_DEPTH,"[(99202, 144)]"
2019-06-28 15:26:00,ASK_DEPTH,"[(102813, 191)]"
2019-06-28 15:26:00,IMBALANCE,"[144, 191]"
2019-06-28 15:26:00,HOLDINGS_UPDATED,"{'CASH': 15332816, 'JPM': -72}"
2019-06-28 15:27:00,BID_DEPTH,"[(99174, 120)]"
2019-06-28 15:27:00,ASK_DEPTH,"[(99341, 167)]"
2019-06-28 15:27:00,IMBALANCE,"[120, 167]"
2019-06-28 15:27:00,HOLDINGS_UPDATED,"{'CASH': 16126208, 'JPM': -80}"
2019-06-28 15:28:00,BID_DEPTH,"[(99274, 120)]"
2019-06-28 15:28:00,ASK_DEPTH,"[(99341, 167)]"
2019-06-28 15:28:00,IMBALANCE,"[120, 167]"
2019-06-28 15:28:00,HOLDINGS_UPDATED,"{'CASH': 16920400, 'JPM': -88}"
2019-06-28 15:29:00,BID_DEPTH,"[(99275, 107)]"
2019-06-28 15:29:00,ASK_DEPTH,"[(99527, 154)]"
2019-06-28 15:29:00,IMBALANCE,"[107, 154]"
2019-06-28 15:29:00,HOLDINGS_UPDATED,"{'CASH': 17714600, 'JPM': -96}"
2019-06-28 15:30:00,BID_DEPTH,"[(99275, 89)]"
2019-06-28 15:30:00,ASK_DEPTH,"[(99649, 234)]"
2019-06-28 15:30:00,IMBALANCE,"[89, 234]"
2019-06-28 15:30:00,HOLDINGS_UPDATED,"{'CASH': 18508800, 'JPM': -104}"
2019-06-28 15:31:00,BID_DEPTH,"[(99275, 9)]"
2019-06-28 15:31:00,ASK_DEPTH,"[(99649, 154)]"
2019-06-28 15:31:00,IMBALANCE,"[9, 154]"
2019-06-28 15:31:00,HOLDINGS_UPDATED,"{'CASH': 19303000, 'JPM': -112}"
2019-06-28 15:32:00,BID_DEPTH,"[(99174, 109)]"
2019-06-28 15:32:00,ASK_DEPTH,"[(99274, 55)]"
2019-06-28 15:32:00,IMBALANCE,"[109, 55]"
2019-06-28 15:32:00,HOLDINGS_UPDATED,"{'CASH': 20096392, 'JPM': -120}"
2019-06-28 15:33:00,BID_DEPTH,"[(99274, 52)]"
2019-06-28 15:33:00,ASK_DEPTH,"[(99275, 98)]"
2019-06-28 15:33:00,IMBALANCE,"[52, 98]"
2019-06-28 15:33:00,HOLDINGS_UPDATED,"{'CASH': 20890584, 'JPM': -128}"
2019-06-28 15:34:00,BID_DEPTH,"[(99274, 319)]"
2019-06-28 15:34:00,ASK_DEPTH,"[(99789, 369)]"
2019-06-28 15:34:00,IMBALANCE,"[319, 369]"
2019-06-28 15:34:00,HOLDINGS_UPDATED,"{'CASH': 21684776, 'JPM': -136}"
2019-06-28 15:35:00,BID_DEPTH,"[(99174, 306)]"
2019-06-28 15:35:00,ASK_DEPTH,"[(99758, 369)]"
2019-06-28 15:35:00,IMBALANCE,"[306, 369]"
2019-06-28 15:35:00,HOLDINGS_UPDATED,"{'CASH': 22478168, 'JPM': -144}"
2019-06-28 15:36:00,BID_DEPTH,"[(99464, 144)]"
2019-06-28 15:36:00,ASK_DEPTH,"[(99789, 191)]"
2019-06-28 15:36:00,IMBALANCE,"[144, 191]"
2019-06-28 15:36:00,HOLDINGS_UPDATED,"{'CASH': 23273880, 'JPM': -152}"
2019-06-28 15:37:00,BID_DEPTH,"[(99464, 120)]"
2019-06-28 15:37:00,ASK_DEPTH,"[(99621, 167)]"
2019-06-28 15:37:00,IMBALANCE,"[120, 167]"
2019-06-28 15:37:00,HOLDINGS_UPDATED,"{'CASH': 24069592, 'JPM': -160}"
2019-06-28 15:38:00,BID_DEPTH,"[(99252, 322)]"
2019-06-28 15:38:00,ASK_DEPTH,"[(99464, 369)]"
2019-06-28 15:38:00,IMBALANCE,"[322, 369]"
2019-06-28 15:38:00,HOLDINGS_UPDATED,"{'CASH': 24863608, 'JPM': -168}"
2019-06-28 15:39:00,BID_DEPTH,"[(99222, 187)]"
2019-06-28 15:39:00,ASK_DEPTH,"[(99464, 234)]"
2019-06-28 15:39:00,IMBALANCE,"[187, 234]"
2019-06-28 15:39:00,HOLDINGS_UPDATED,"{'CASH': 25657384, 'JPM': -176}"
2019-06-28 15:40:00,BID_DEPTH,"[(99414, 144)]"
2019-06-28 15:40:00,ASK_DEPTH,"[(99464, 191)]"
2019-06-28 15:40:00,IMBALANCE,"[144, 191]"
2019-06-28 15:40:00,HOLDINGS_UPDATED,"{'CASH': 26452696, 'JPM': -184}"
2019-06-28 15:41:00,BID_DEPTH,"[(99313, 144)]"
2019-06-28 15:41:00,ASK_DEPTH,"[(99383, 191)]"
2019-06-28 15:41:00,IMBALANCE,"[144, 191]"
2019-06-28 15:41:00,HOLDINGS_UPDATED,"{'CASH': 27247200, 'JPM': -192}"
2019-06-28 15:42:00,BID_DEPTH,"[(99222, 120)]"
2019-06-28 15:42:00,ASK_DEPTH,"[(99383, 167)]"
2019-06-28 15:42:00,IMBALANCE,"[120, 167]"
2019-06-28 15:42:00,HOLDINGS_UPDATED,"{'CASH': 28040976, 'JPM': -200}"
2019-06-28 15:43:00,BID_DEPTH,"[(99174, 120)]"
2019-06-28 15:43:00,ASK_DEPTH,"[(99383, 167)]"
2019-06-28 15:43:00,IMBALANCE,"[120, 167]"
2019-06-28 15:43:00,HOLDINGS_UPDATED,"{'CASH': 28834368, 'JPM': -208}"
2019-06-28 15:44:00,BID_DEPTH,"[(99146, 107)]"
2019-06-28 15:44:00,ASK_DEPTH,"[(99464, 154)]"
2019-06-28 15:44:00,IMBALANCE,"[107, 154]"
2019-06-28 15:44:00,HOLDINGS_UPDATED,"{'CASH': 29627536, 'JPM': -216}"
2019-06-28 15:45:00,BID_DEPTH,"[(99103, 322)]"
2019-06-28 15:45:00,ASK_DEPTH,"[(99173, 369)]"
2019-06-28 15:45:00,IMBALANCE,"[322, 369]"
2019-06-28 15:45:00,HOLDINGS_UPDATED,"{'CASH': 30420360, 'JPM': -224}"
2019-06-28 15:46:00,BID_DEPTH,"[(98952, 107)]"
2019-06-28 15:46:00,ASK_DEPTH,"[(99103, 154)]"
2019-06-28 15:46:00,IMBALANCE,"[107, 154]"
2019-06-28 15:46:00,HOLDINGS_UPDATED,"{'CASH': 31211976, 'JPM': -232}"
2019-06-28 15:47:00,BID_DEPTH,"[(98816, 120)]"
2019-06-28 15:47:00,ASK_DEPTH,"[(98952, 135)]"
2019-06-28 15:47:00,IMBALANCE,"[120, 135]"
2019-06-28 15:47:00,HOLDINGS_UPDATED,"{'CASH': 32002504, 'JPM': -240}"
2019-06-28 15:48:00,BID_DEPTH,"[(98673, 187)]"
2019-06-28 15:48:00,ASK_DEPTH,"[(98816, 234)]"
2019-06-28 15:48:00,IMBALANCE,"[187, 234]"
2019-06-28 15:48:00,HOLDINGS_UPDATED,"{'CASH': 32791888, 'JPM': -248}"
2019-06-28 15:49:00,BID_DEPTH,"[(98377, 46)]"
2019-06-28 15:49:00,ASK_DEPTH,"[(98673, 191)]"
2019-06-28 15:49:00,IMBALANCE,"[46, 191]"
2019-06-28 15:49:00,HOLDINGS_UPDATED,"{'CASH': 33578904, 'JPM': -256}"
2019-06-28 15:50:00,BID_DEPTH,"[(98120, 187)]"
2019-06-28 15:50:00,ASK_DEPTH,"[(98301, 141)]"
2019-06-28 15:50:00,IMBALANCE,"[187, 141]"
2019-06-28 15:50:00,HOLDINGS_UPDATED,"{'CASH': 34363864, 'JPM': -264}"
2019-06-28 15:51:00,BID_DEPTH,"[(98120, 46)]"
2019-06-28 15:51:00,ASK_DEPTH,"[(98816, 191)]"
2019-06-28 15:51:00,IMBALANCE,"[46, 191]"
2019-06-28 15:51:00,HOLDINGS_UPDATED,"{'CASH': 35148824, 'JPM': -272}"
2019-06-28 15:52:00,BID_DEPTH,"[(98427, 107)]"
2019-06-28 15:52:00,ASK_DEPTH,"[(98816, 154)]"
2019-06-28 15:52:00,IMBALANCE,"[107, 154]"
2019-06-28 15:52:00,HOLDINGS_UPDATED,"{'CASH': 35936240, 'JPM': -280}"
2019-06-28 15:53:00,BID_DEPTH,"[(98651, 107)]"
2019-06-28 15:53:00,ASK_DEPTH,"[(98816, 154)]"
2019-06-28 15:53:00,IMBALANCE,"[107, 154]"
2019-06-28 15:53:00,HOLDINGS_UPDATED,"{'CASH': 36725448, 'JPM': -288}"
2019-06-28 15:54:00,BID_DEPTH,"[(98651, 107)]"
2019-06-28 15:54:00,ASK_DEPTH,"[(98816, 154)]"
2019-06-28 15:54:00,IMBALANCE,"[107, 154]"
2019-06-28 15:54:00,HOLDINGS_UPDATED,"{'CASH': 37514656, 'JPM': -296}"
2019-06-28 15:55:00,BID_DEPTH,"[(98651, 422)]"
2019-06-28 15:55:00,ASK_DEPTH,"[(99103, 369)]"
2019-06-28 15:55:00,IMBALANCE,"[422, 369]"
2019-06-28 15:55:00,HOLDINGS_UPDATED,"{'CASH': 38303864, 'JPM': -304}"
2019-06-28 15:56:00,BID_DEPTH,"[(98651, 284)]"
2019-06-28 15:56:00,ASK_DEPTH,"[(99103, 369)]"
2019-06-28 15:56:00,IMBALANCE,"[284, 369]"
2019-06-28 15:56:00,HOLDINGS_UPDATED,"{'CASH': 39093072, 'JPM': -312}"
2019-06-28 15:57:00,BID_DEPTH,"[(98065, 120)]"
2019-06-28 15:57:00,ASK_DEPTH,"[(99464, 167)]"
2019-06-28 15:57:00,IMBALANCE,"[120, 167]"
2019-06-28 15:57:00,HOLDINGS_UPDATED,"{'CASH': 39877592, 'JPM': -320}"
2019-06-28 15:58:00,BID_DEPTH,"[(97995, 187)]"
2019-06-28 15:58:00,ASK_DEPTH,"[(99554, 234)]"
2019-06-28 15:58:00,IMBALANCE,"[187, 234]"
2019-06-28 15:58:00,HOLDINGS_UPDATED,"{'CASH': 40661552, 'JPM': -328}"
2019-06-28 15:59:00,BID_DEPTH,"[(99554, 187)]"
2019-06-28 15:59:00,ASK_DEPTH,"[(99943, 234)]"
2019-06-28 15:59:00,IMBALANCE,"[187, 234]"
2019-06-28 15:59:00,HOLDINGS_UPDATED,"{'CASH': 41457984, 'JPM': -336}"
2019-06-28 16:00:00,BID_DEPTH,"[(99554, 244)]"
2019-06-28 16:00:00,ASK_DEPTH,"[(99964, 191)]"
2019-06-28 16:00:00,IMBALANCE,"[244, 191]"
2019-06-28 16:00:00,HOLDINGS_UPDATED,"{'CASH': 42254416, 'JPM': -344}"
2019-06-28 16:01:00,BID_DEPTH,"[(99554, 169)]"
2019-06-28 16:01:00,ASK_DEPTH,"[(99964, 191)]"
2019-06-28 16:01:00,IMBALANCE,"[169, 191]"
2019-06-28 16:01:00,MKT_CLOSED,
2019-06-28 16:01:00,FINAL_HOLDINGS,"{ JPM: -344, CASH: 42254416 }"
2019-06-28 16:01:00,FINAL_CASH_POSITION,42254416
2019-06-28 16:01:00,MARK_TO_MARKET,-344 JPM @ 99554 == -34246576
2019-06-28 16:01:00,MARKED_TO_MARKET,8007840
2019-06-28 16:01:00,ENDING_CASH,8007840
