EventTime,EventType,Event
,AGENT_TYPE,MomentumAgent
,STARTING_CASH,10000000
2019-06-28 09:30:00.000000000,HOLDINGS_UPDATED,{'CASH': 10000000}
2019-06-28 09:31:00.000000000,BID_DEPTH,"[(99982, 485)]"
2019-06-28 09:31:00.000000000,ASK_DEPTH,"[(100020, 485)]"
2019-06-28 09:31:00.000000000,IMBALANCE,"[485, 485]"
2019-06-28 09:32:00.000000000,BID_DEPTH,"[(100006, 196)]"
2019-06-28 09:32:00.000000000,ASK_DEPTH,"[(100044, 196)]"
2019-06-28 09:32:00.000000000,IMBALANCE,"[196, 196]"
2019-06-28 09:33:00.000000000,BID_DEPTH,"[(100029, 177)]"
2019-06-28 09:33:00.000000000,ASK_DEPTH,"[(100053, 177)]"
2019-06-28 09:33:00.000000000,IMBALANCE,"[177, 177]"
2019-06-28 09:34:00.000000000,BID_DEPTH,"[(100029, 177)]"
2019-06-28 09:34:00.000000000,ASK_DEPTH,"[(100055, 177)]"
2019-06-28 09:34:00.000000000,IMBALANCE,"[177, 177]"
2019-06-28 09:35:00.000000000,BID_DEPTH,"[(100029, 485)]"
2019-06-28 09:35:00.000000000,ASK_DEPTH,"[(100043, 485)]"
2019-06-28 09:35:00.000000000,IMBALANCE,"[485, 485]"
2019-06-28 09:36:00.000000000,BID_DEPTH,"[(99982, 485)]"
2019-06-28 09:36:00.000000000,ASK_DEPTH,"[(100043, 485)]"
2019-06-28 09:36:00.000000000,IMBALANCE,"[485, 485]"
2019-06-28 09:37:00.000000000,BID_DEPTH,"[(99982, 177)]"
2019-06-28 09:37:00.000000000,ASK_DEPTH,"[(100042, 177)]"
2019-06-28 09:37:00.000000000,IMBALANCE,"[177, 177]"
2019-06-28 09:38:00.000000000,BID_DEPTH,"[(99968, 196)]"
2019-06-28 09:38:00.000000000,ASK_DEPTH,"[(100042, 196)]"
2019-06-28 09:38:00.000000000,IMBALANCE,"[196, 196]"
2019-06-28 09:39:00.000000000,BID_DEPTH,"[(99955, 292)]"
2019-06-28 09:39:00.000000000,ASK_DEPTH,"[(100029, 292)]"
2019-06-28 09:39:00.000000000,IMBALANCE,"[292, 292]"
2019-06-28 09:40:00.000000000,BID_DEPTH,"[(99931, 292)]"
2019-06-28 09:40:00.000000000,ASK_DEPTH,"[(100029, 292)]"
2019-06-28 09:40:00.000000000,IMBALANCE,"[292, 292]"
2019-06-28 09:41:00.000000000,BID_DEPTH,"[(99927, 292)]"
2019-06-28 09:41:00.000000000,ASK_DEPTH,"[(100029, 292)]"
2019-06-28 09:41:00.000000000,IMBALANCE,"[292, 292]"
2019-06-28 09:42:00.000000000,BID_DEPTH,"[(99897, 196)]"
2019-06-28 09:42:00.000000000,ASK_DEPTH,"[(99922, 396)]"
2019-06-28 09:42:00.000000000,IMBALANCE,"[196, 396]"
2019-06-28 09:43:00.000000000,BID_DEPTH,"[(99885, 177)]"
2019-06-28 09:43:00.000000000,ASK_DEPTH,"[(99922, 577)]"
2019-06-28 09:43:00.000000000,IMBALANCE,"[177, 577]"
2019-06-28 09:44:00.000000000,BID_DEPTH,"[(99885, 292)]"
2019-06-28 09:44:00.000000000,ASK_DEPTH,"[(99897, 292)]"
2019-06-28 09:44:00.000000000,IMBALANCE,"[292, 292]"
2019-06-28 09:45:00.000000000,BID_DEPTH,"[(99878, 196)]"
2019-06-28 09:45:00.000000000,ASK_DEPTH,"[(99897, 196)]"
2019-06-28 09:45:00.000000000,IMBALANCE,"[196, 196]"
2019-06-28 09:46:00.000000000,BID_DEPTH,"[(99270, 196)]"
2019-06-28 09:46:00.000000000,ASK_DEPTH,"[(99897, 196)]"
2019-06-28 09:46:00.000000000,IMBALANCE,"[196, 196]"
2019-06-28 09:47:00.000000000,BID_DEPTH,"[(99270, 231)]"
2019-06-28 09:47:00.000000000,ASK_DEPTH,"[(99462, 231)]"
2019-06-28 09:47:00.000000000,IMBALANCE,"[231, 231]"
2019-06-28 09:48:00.000000000,BID_DEPTH,"[(99382, 177)]"
2019-06-28 09:48:00.000000000,ASK_DEPTH,"[(99809, 177)]"
2019-06-28 09:48:00.000000000,IMBALANCE,"[177, 177]"
2019-06-28 09:49:00.000000000,BID_DEPTH,"[(99462, 196)]"
2019-06-28 09:49:00.000000000,ASK_DEPTH,"[(99495, 196)]"
2019-06-28 09:49:00.000000000,IMBALANCE,"[196, 196]"
2019-06-28 09:50:00.000000000,BID_DEPTH,"[(99399, 231)]"
2019-06-28 09:50:00.000000000,ASK_DEPTH,"[(99495, 231)]"
2019-06-28 09:50:00.000000000,IMBALANCE,"[231, 231]"
2019-06-28 09:51:00.000000000,BID_DEPTH,"[(99463, 231)]"
2019-06-28 09:51:00.000000000,ASK_DEPTH,"[(99484, 231)]"
2019-06-28 09:51:00.000000000,IMBALANCE,"[231, 231]"
2019-06-28 09:52:00.000000000,BID_DEPTH,"[(99463, 392)]"
2019-06-28 09:52:00.000000000,ASK_DEPTH,"[(99484, 292)]"
2019-06-28 09:52:00.000000000,IMBALANCE,"[392, 292]"
2019-06-28 09:53:00.000000000,BID_DEPTH,"[(99463, 485)]"
2019-06-28 09:53:00.000000000,ASK_DEPTH,"[(99464, 485)]"
2019-06-28 09:53:00.000000000,IMBALANCE,"[485, 485]"
2019-06-28 09:54:00.000000000,BID_DEPTH,"[(99463, 277)]"
2019-06-28 09:54:00.000000000,ASK_DEPTH,"[(99464, 177)]"
2019-06-28 09:54:00.000000000,IMBALANCE,"[277, 177]"
2019-06-28 09:55:00.000000000,BID_DEPTH,"[(99463, 331)]"
2019-06-28 09:55:00.000000000,ASK_DEPTH,"[(99495, 231)]"
2019-06-28 09:55:00.000000000,IMBALANCE,"[331, 231]"
2019-06-28 09:56:00.000000000,BID_DEPTH,"[(99464, 485)]"
2019-06-28 09:56:00.000000000,ASK_DEPTH,"[(99518, 485)]"
2019-06-28 09:56:00.000000000,IMBALANCE,"[485, 485]"
2019-06-28 09:57:00.000000000,BID_DEPTH,"[(99484, 585)]"
2019-06-28 09:57:00.000000000,ASK_DEPTH,"[(99518, 485)]"
2019-06-28 09:57:00.000000000,IMBALANCE,"[585, 485]"
2019-06-28 09:58:00.000000000,BID_DEPTH,"[(99495, 277)]"
2019-06-28 09:58:00.000000000,ASK_DEPTH,"[(99554, 177)]"
2019-06-28 09:58:00.000000000,IMBALANCE,"[277, 177]"
2019-06-28 09:59:00.000000000,BID_DEPTH,"[(99495, 392)]"
2019-06-28 09:59:00.000000000,ASK_DEPTH,"[(99809, 292)]"
2019-06-28 09:59:00.000000000,IMBALANCE,"[392, 292]"
2019-06-28 10:00:00.000000000,BID_DEPTH,"[(99554, 485)]"
2019-06-28 10:00:00.000000000,ASK_DEPTH,"[(99838, 485)]"
2019-06-28 10:00:00.000000000,IMBALANCE,"[485, 485]"
2019-06-28 10:01:00.000000000,BID_DEPTH,"[(99810, 485)]"
2019-06-28 10:01:00.000000000,ASK_DEPTH,"[(99896, 485)]"
2019-06-28 10:01:00.000000000,IMBALANCE,"[485, 485]"
2019-06-28 10:02:00.000000000,BID_DEPTH,"[(99810, 292)]"
2019-06-28 10:02:00.000000000,ASK_DEPTH,"[(99922, 292)]"
2019-06-28 10:02:00.000000000,IMBALANCE,"[292, 292]"
2019-06-28 10:03:00.000000000,BID_DEPTH,"[(99896, 277)]"
2019-06-28 10:03:00.000000000,ASK_DEPTH,"[(100043, 177)]"
2019-06-28 10:03:00.000000000,IMBALANCE,"[277, 177]"
2019-06-28 10:04:00.000000000,BID_DEPTH,"[(99896, 585)]"
2019-06-28 10:04:00.000000000,ASK_DEPTH,"[(100055, 485)]"
2019-06-28 10:04:00.000000000,IMBALANCE,"[585, 485]"
2019-06-28 10:05:00.000000000,BID_DEPTH,"[(99896, 331)]"
2019-06-28 10:05:00.000000000,ASK_DEPTH,"[(100114, 231)]"
2019-06-28 10:05:00.000000000,IMBALANCE,"[331, 231]"
2019-06-28 10:06:00.000000000,BID_DEPTH,"[(100084, 196)]"
2019-06-28 10:06:00.000000000,ASK_DEPTH,"[(100167, 196)]"
2019-06-28 10:06:00.000000000,IMBALANCE,"[196, 196]"
2019-06-28 10:07:00.000000000,BID_DEPTH,"[(100167, 135)]"
2019-06-28 10:07:00.000000000,ASK_DEPTH,"[(100174, 231)]"
2019-06-28 10:07:00.000000000,IMBALANCE,"[135, 231]"
2019-06-28 10:08:00.000000000,BID_DEPTH,"[(100084, 177)]"
2019-06-28 10:08:00.000000000,ASK_DEPTH,"[(100166, 96)]"
2019-06-28 10:08:00.000000000,IMBALANCE,"[177, 96]"
2019-06-28 10:09:00.000000000,BID_DEPTH,"[(100168, 489)]"
2019-06-28 10:09:00.000000000,ASK_DEPTH,"[(100174, 485)]"
2019-06-28 10:09:00.000000000,IMBALANCE,"[489, 485]"
2019-06-28 10:10:00.000000000,BID_DEPTH,"[(100169, 485)]"
2019-06-28 10:10:00.000000000,ASK_DEPTH,"[(100178, 485)]"
2019-06-28 10:10:00.000000000,IMBALANCE,"[485, 485]"
2019-06-28 10:11:00.000000000,BID_DEPTH,"[(100169, 177)]"
2019-06-28 10:11:00.000000000,ASK_DEPTH,"[(100363, 177)]"
2019-06-28 10:11:00.000000000,IMBALANCE,"[177, 177]"
2019-06-28 10:12:00.000000000,BID_DEPTH,"[(100178, 196)]"
2019-06-28 10:12:00.000000000,ASK_DEPTH,"[(100428, 196)]"
2019-06-28 10:12:00.000000000,IMBALANCE,"[196, 196]"
2019-06-28 10:13:00.000000000,BID_DEPTH,"[(100178, 377)]"
2019-06-28 10:13:00.000000000,ASK_DEPTH,"[(100583, 177)]"
2019-06-28 10:13:00.000000000,IMBALANCE,"[377, 177]"
2019-06-28 10:14:00.000000000,BID_DEPTH,"[(100583, 200)]"
2019-06-28 10:14:00.000000000,ASK_DEPTH,"[(100715, 177)]"
2019-06-28 10:14:00.000000000,IMBALANCE,"[200, 177]"
2019-06-28 10:15:00.000000000,BID_DEPTH,"[(100583, 608)]"
2019-06-28 10:15:00.000000000,ASK_DEPTH,"[(100888, 485)]"
2019-06-28 10:15:00.000000000,IMBALANCE,"[608, 485]"
2019-06-28 10:16:00.000000000,BID_DEPTH,"[(100583, 319)]"
2019-06-28 10:16:00.000000000,ASK_DEPTH,"[(100888, 196)]"
2019-06-28 10:16:00.000000000,IMBALANCE,"[319, 196]"
2019-06-28 10:17:00.000000000,BID_DEPTH,"[(100583, 215)]"
2019-06-28 10:17:00.000000000,ASK_DEPTH,"[(100925, 292)]"
2019-06-28 10:17:00.000000000,IMBALANCE,"[215, 292]"
2019-06-28 10:18:00.000000000,BID_DEPTH,"[(100583, 100)]"
2019-06-28 10:18:00.000000000,ASK_DEPTH,"[(100925, 177)]"
2019-06-28 10:18:00.000000000,IMBALANCE,"[100, 177]"
2019-06-28 10:19:00.000000000,BID_DEPTH,"[(100584, 231)]"
2019-06-28 10:19:00.000000000,ASK_DEPTH,"[(100925, 231)]"
2019-06-28 10:19:00.000000000,IMBALANCE,"[231, 231]"
2019-06-28 10:20:00.000000000,BID_DEPTH,"[(100441, 485)]"
2019-06-28 10:20:00.000000000,ASK_DEPTH,"[(100503, 485)]"
2019-06-28 10:20:00.000000000,IMBALANCE,"[485, 485]"
2019-06-28 10:21:00.000000000,BID_DEPTH,"[(100441, 292)]"
2019-06-28 10:21:00.000000000,ASK_DEPTH,"[(100611, 212)]"
2019-06-28 10:21:00.000000000,IMBALANCE,"[292, 212]"
2019-06-28 10:21:00.000000000,HOLDINGS_UPDATED,"{'CASH': 9396334, 'JPM': 6}"
2019-06-28 10:22:00.000000000,BID_DEPTH,"[(100319, 485)]"
2019-06-28 10:22:00.000000000,ASK_DEPTH,"[(100681, 405)]"
2019-06-28 10:22:00.000000000,IMBALANCE,"[485, 405]"
2019-06-28 10:22:00.000000000,HOLDINGS_UPDATED,"{'CASH': 8792248, 'JPM': 12}"
2019-06-28 10:23:00.000000000,BID_DEPTH,"[(100681, 331)]"
2019-06-28 10:23:00.000000000,ASK_DEPTH,"[(100787, 151)]"
2019-06-28 10:23:00.000000000,IMBALANCE,"[331, 151]"
2019-06-28 10:23:00.000000000,HOLDINGS_UPDATED,"{'CASH': 8187526, 'JPM': 18}"
2019-06-28 10:24:00.000000000,BID_DEPTH,"[(100787, 92)]"
2019-06-28 10:24:00.000000000,ASK_DEPTH,"[(100925, 97)]"
2019-06-28 10:24:00.000000000,IMBALANCE,"[92, 97]"
2019-06-28 10:24:00.000000000,HOLDINGS_UPDATED,"{'CASH': 7581976, 'JPM': 24}"
2019-06-28 10:25:00.000000000,BID_DEPTH,"[(100885, 292)]"
2019-06-28 10:25:00.000000000,ASK_DEPTH,"[(101081, 212)]"
2019-06-28 10:25:00.000000000,IMBALANCE,"[292, 212]"
2019-06-28 10:25:00.000000000,HOLDINGS_UPDATED,"{'CASH': 6975490, 'JPM': 30}"
2019-06-28 10:26:00.000000000,BID_DEPTH,"[(101045, 292)]"
2019-06-28 10:26:00.000000000,ASK_DEPTH,"[(101092, 212)]"
2019-06-28 10:26:00.000000000,IMBALANCE,"[292, 212]"
2019-06-28 10:26:00.000000000,HOLDINGS_UPDATED,"{'CASH': 6368938, 'JPM': 36}"
2019-06-28 10:27:00.000000000,BID_DEPTH,"[(100885, 177)]"
2019-06-28 10:27:00.000000000,ASK_DEPTH,"[(101091, 97)]"
2019-06-28 10:27:00.000000000,IMBALANCE,"[177, 97]"
2019-06-28 10:27:00.000000000,HOLDINGS_UPDATED,"{'CASH': 5762392, 'JPM': 42}"
2019-06-28 10:28:00.000000000,BID_DEPTH,"[(101082, 177)]"
2019-06-28 10:28:00.000000000,ASK_DEPTH,"[(101091, 5)]"
2019-06-28 10:28:00.000000000,IMBALANCE,"[177, 5]"
2019-06-28 10:28:00.000000000,HOLDINGS_UPDATED,"{'CASH': 5256937, 'JPM': 47}"
2019-06-28 10:28:15.060214177,HOLDINGS_UPDATED,"{'CASH': 5155846, 'JPM': 48}"
2019-06-28 10:29:00.000000000,BID_DEPTH,"[(100983, 196)]"
2019-06-28 10:29:00.000000000,ASK_DEPTH,"[(101092, 24)]"
2019-06-28 10:29:00.000000000,IMBALANCE,"[196, 24]"
2019-06-28 10:29:00.000000000,HOLDINGS_UPDATED,"{'CASH': 4549294, 'JPM': 54}"
2019-06-28 10:30:00.000000000,BID_DEPTH,"[(100885, 485)]"
2019-06-28 10:30:00.000000000,ASK_DEPTH,"[(101092, 405)]"
2019-06-28 10:30:00.000000000,IMBALANCE,"[485, 405]"
2019-06-28 10:30:00.000000000,HOLDINGS_UPDATED,"{'CASH': 3942742, 'JPM': 60}"
2019-06-28 10:31:00.000000000,BID_DEPTH,"[(100681, 292)]"
2019-06-28 10:31:00.000000000,ASK_DEPTH,"[(101091, 212)]"
2019-06-28 10:31:00.000000000,IMBALANCE,"[292, 212]"
2019-06-28 10:31:00.000000000,HOLDINGS_UPDATED,"{'CASH': 3336196, 'JPM': 66}"
2019-06-28 10:32:00.000000000,BID_DEPTH,"[(100391, 196)]"
2019-06-28 10:32:00.000000000,ASK_DEPTH,"[(101092, 124)]"
2019-06-28 10:32:00.000000000,IMBALANCE,"[196, 124]"
2019-06-28 10:32:00.000000000,HOLDINGS_UPDATED,"{'CASH': 2729644, 'JPM': 72}"
2019-06-28 10:33:00.000000000,BID_DEPTH,"[(100391, 292)]"
2019-06-28 10:33:00.000000000,ASK_DEPTH,"[(100660, 212)]"
2019-06-28 10:33:00.000000000,IMBALANCE,"[292, 212]"
2019-06-28 10:33:00.000000000,HOLDINGS_UPDATED,"{'CASH': 2125684, 'JPM': 78}"
2019-06-28 10:34:00.000000000,BID_DEPTH,"[(100660, 296)]"
2019-06-28 10:34:00.000000000,ASK_DEPTH,"[(101124, 116)]"
2019-06-28 10:34:00.000000000,IMBALANCE,"[296, 116]"
2019-06-28 10:34:00.000000000,HOLDINGS_UPDATED,"{'CASH': 1518940, 'JPM': 84}"
2019-06-28 10:35:00.000000000,BID_DEPTH,"[(101124, 231)]"
2019-06-28 10:35:00.000000000,ASK_DEPTH,"[(101218, 151)]"
2019-06-28 10:35:00.000000000,IMBALANCE,"[231, 151]"
2019-06-28 10:35:00.000000000,HOLDINGS_UPDATED,"{'CASH': 911632, 'JPM': 90}"
2019-06-28 10:36:00.000000000,BID_DEPTH,"[(101829, 196)]"
2019-06-28 10:36:00.000000000,ASK_DEPTH,"[(101933, 116)]"
2019-06-28 10:36:00.000000000,IMBALANCE,"[196, 116]"
2019-06-28 10:36:00.000000000,HOLDINGS_UPDATED,"{'CASH': 300034, 'JPM': 96}"
2019-06-28 10:37:00.000000000,BID_DEPTH,"[(101815, 196)]"
2019-06-28 10:37:00.000000000,ASK_DEPTH,"[(102058, 116)]"
2019-06-28 10:37:00.000000000,IMBALANCE,"[196, 116]"
2019-06-28 10:37:00.000000000,HOLDINGS_UPDATED,"{'CASH': -312314, 'JPM': 102}"
2019-06-28 10:38:00.000000000,BID_DEPTH,"[(101515, 196)]"
2019-06-28 10:38:00.000000000,ASK_DEPTH,"[(101871, 116)]"
2019-06-28 10:38:00.000000000,IMBALANCE,"[196, 116]"
2019-06-28 10:38:00.000000000,HOLDINGS_UPDATED,"{'CASH': -923540, 'JPM': 108}"
2019-06-28 10:39:00.000000000,BID_DEPTH,"[(101515, 231)]"
2019-06-28 10:39:00.000000000,ASK_DEPTH,"[(101697, 151)]"
2019-06-28 10:39:00.000000000,IMBALANCE,"[231, 151]"
2019-06-28 10:39:00.000000000,HOLDINGS_UPDATED,"{'CASH': -1533722, 'JPM': 114}"
2019-06-28 10:40:00.000000000,BID_DEPTH,"[(101292, 196)]"
2019-06-28 10:40:00.000000000,ASK_DEPTH,"[(101696, 116)]"
2019-06-28 10:40:00.000000000,IMBALANCE,"[196, 116]"
2019-06-28 10:40:00.000000000,HOLDINGS_UPDATED,"{'CASH': -2143898, 'JPM': 120}"
2019-06-28 10:41:00.000000000,BID_DEPTH,"[(101026, 292)]"
2019-06-28 10:41:00.000000000,ASK_DEPTH,"[(101251, 212)]"
2019-06-28 10:41:00.000000000,IMBALANCE,"[292, 212]"
2019-06-28 10:41:00.000000000,HOLDINGS_UPDATED,"{'CASH': -2751404, 'JPM': 126}"
2019-06-28 10:42:00.000000000,BID_DEPTH,"[(101026, 196)]"
2019-06-28 10:42:00.000000000,ASK_DEPTH,"[(101292, 216)]"
2019-06-28 10:42:00.000000000,IMBALANCE,"[196, 216]"
2019-06-28 10:42:00.000000000,HOLDINGS_UPDATED,"{'CASH': -3359156, 'JPM': 132}"
2019-06-28 10:43:00.000000000,BID_DEPTH,"[(101026, 485)]"
2019-06-28 10:43:00.000000000,ASK_DEPTH,"[(101162, 405)]"
2019-06-28 10:43:00.000000000,IMBALANCE,"[485, 405]"
2019-06-28 10:43:00.000000000,HOLDINGS_UPDATED,"{'CASH': -3966128, 'JPM': 138}"
2019-06-28 10:44:00.000000000,BID_DEPTH,"[(101208, 196)]"
2019-06-28 10:44:00.000000000,ASK_DEPTH,"[(101292, 195)]"
2019-06-28 10:44:00.000000000,IMBALANCE,"[196, 195]"
2019-06-28 10:44:00.000000000,HOLDINGS_UPDATED,"{'CASH': -4573880, 'JPM': 144}"
2019-06-28 10:45:00.000000000,BID_DEPTH,"[(101371, 231)]"
2019-06-28 10:45:00.000000000,ASK_DEPTH,"[(101540, 151)]"
2019-06-28 10:45:00.000000000,IMBALANCE,"[231, 151]"
2019-06-28 10:45:00.000000000,HOLDINGS_UPDATED,"{'CASH': -5183120, 'JPM': 150}"
2019-06-28 10:46:00.000000000,BID_DEPTH,"[(101200, 177)]"
2019-06-28 10:46:00.000000000,ASK_DEPTH,"[(101404, 97)]"
2019-06-28 10:46:00.000000000,IMBALANCE,"[177, 97]"
2019-06-28 10:46:00.000000000,HOLDINGS_UPDATED,"{'CASH': -5791544, 'JPM': 156}"
2019-06-28 10:47:00.000000000,BID_DEPTH,"[(101502, 485)]"
2019-06-28 10:47:00.000000000,ASK_DEPTH,"[(101540, 405)]"
2019-06-28 10:47:00.000000000,IMBALANCE,"[485, 405]"
2019-06-28 10:47:00.000000000,HOLDINGS_UPDATED,"{'CASH': -6400784, 'JPM': 162}"
2019-06-28 10:48:00.000000000,BID_DEPTH,"[(101502, 485)]"
2019-06-28 10:48:00.000000000,ASK_DEPTH,"[(101696, 313)]"
2019-06-28 10:48:00.000000000,IMBALANCE,"[485, 313]"
2019-06-28 10:48:00.000000000,HOLDINGS_UPDATED,"{'CASH': -7010960, 'JPM': 168}"
2019-06-28 10:49:00.000000000,BID_DEPTH,"[(101687, 196)]"
2019-06-28 10:49:00.000000000,ASK_DEPTH,"[(101697, 224)]"
2019-06-28 10:49:00.000000000,IMBALANCE,"[196, 224]"
2019-06-28 10:49:00.000000000,HOLDINGS_UPDATED,"{'CASH': -7621142, 'JPM': 174}"
2019-06-28 10:50:00.000000000,BID_DEPTH,"[(101687, 231)]"
2019-06-28 10:50:00.000000000,ASK_DEPTH,"[(101697, 146)]"
2019-06-28 10:50:00.000000000,IMBALANCE,"[231, 146]"
2019-06-28 10:50:00.000000000,HOLDINGS_UPDATED,"{'CASH': -8231324, 'JPM': 180}"
2019-06-28 10:51:00.000000000,BID_DEPTH,"[(101697, 296)]"
2019-06-28 10:51:00.000000000,ASK_DEPTH,"[(101871, 124)]"
2019-06-28 10:51:00.000000000,IMBALANCE,"[296, 124]"
2019-06-28 10:51:00.000000000,HOLDINGS_UPDATED,"{'CASH': -8842550, 'JPM': 186}"
2019-06-28 10:52:00.000000000,BID_DEPTH,"[(101697, 177)]"
2019-06-28 10:52:00.000000000,ASK_DEPTH,"[(101871, 5)]"
2019-06-28 10:52:00.000000000,IMBALANCE,"[177, 5]"
2019-06-28 10:52:00.000000000,HOLDINGS_UPDATED,"{'CASH': -9351905, 'JPM': 191}"
2019-06-28 10:52:30.341742394,HOLDINGS_UPDATED,"{'CASH': -9453776, 'JPM': 192}"
2019-06-28 10:53:00.000000000,BID_DEPTH,"[(101687, 231)]"
2019-06-28 10:53:00.000000000,ASK_DEPTH,"[(101988, 124)]"
2019-06-28 10:53:00.000000000,IMBALANCE,"[231, 124]"
2019-06-28 10:53:00.000000000,HOLDINGS_UPDATED,"{'CASH': -10065704, 'JPM': 198}"
2019-06-28 10:54:00.000000000,BID_DEPTH,"[(101435, 292)]"
2019-06-28 10:54:00.000000000,ASK_DEPTH,"[(101988, 120)]"
2019-06-28 10:54:00.000000000,IMBALANCE,"[292, 120]"
2019-06-28 10:54:00.000000000,HOLDINGS_UPDATED,"{'CASH': -10677632, 'JPM': 204}"
2019-06-28 10:55:00.000000000,BID_DEPTH,"[(101435, 485)]"
2019-06-28 10:55:00.000000000,ASK_DEPTH,"[(101988, 405)]"
2019-06-28 10:55:00.000000000,IMBALANCE,"[485, 405]"
2019-06-28 10:55:00.000000000,HOLDINGS_UPDATED,"{'CASH': -11289560, 'JPM': 210}"
2019-06-28 10:56:00.000000000,BID_DEPTH,"[(101435, 485)]"
2019-06-28 10:56:00.000000000,ASK_DEPTH,"[(101988, 505)]"
2019-06-28 10:56:00.000000000,IMBALANCE,"[485, 505]"
2019-06-28 10:56:00.000000000,HOLDINGS_UPDATED,"{'CASH': -11901488, 'JPM': 216}"
2019-06-28 10:57:00.000000000,BID_DEPTH,"[(101326, 177)]"
2019-06-28 10:57:00.000000000,ASK_DEPTH,"[(101987, 97)]"
2019-06-28 10:57:00.000000000,IMBALANCE,"[177, 97]"
2019-06-28 10:57:00.000000000,HOLDINGS_UPDATED,"{'CASH': -12513410, 'JPM': 222}"
2019-06-28 10:58:00.000000000,BID_DEPTH,"[(100972, 485)]"
2019-06-28 10:58:00.000000000,ASK_DEPTH,"[(101987, 405)]"
2019-06-28 10:58:00.000000000,IMBALANCE,"[485, 405]"
2019-06-28 10:58:00.000000000,HOLDINGS_UPDATED,"{'CASH': -13125332, 'JPM': 228}"
2019-06-28 10:59:00.000000000,BID_DEPTH,"[(100800, 485)]"
2019-06-28 10:59:00.000000000,ASK_DEPTH,"[(101988, 584)]"
2019-06-28 10:59:00.000000000,IMBALANCE,"[485, 584]"
2019-06-28 10:59:00.000000000,HOLDINGS_UPDATED,"{'CASH': -13737260, 'JPM': 234}"
2019-06-28 11:00:00.000000000,BID_DEPTH,"[(100981, 485)]"
2019-06-28 11:00:00.000000000,ASK_DEPTH,"[(101123, 405)]"
2019-06-28 11:00:00.000000000,IMBALANCE,"[485, 405]"
2019-06-28 11:00:00.000000000,HOLDINGS_UPDATED,"{'CASH': -14343998, 'JPM': 240}"
2019-06-28 11:01:00.000000000,BID_DEPTH,"[(100988, 231)]"
2019-06-28 11:01:00.000000000,ASK_DEPTH,"[(101061, 151)]"
2019-06-28 11:01:00.000000000,IMBALANCE,"[231, 151]"
2019-06-28 11:01:00.000000000,HOLDINGS_UPDATED,"{'CASH': -14950364, 'JPM': 246}"
2019-06-28 11:02:00.000000000,BID_DEPTH,"[(100908, 177)]"
2019-06-28 11:02:00.000000000,ASK_DEPTH,"[(101063, 97)]"
2019-06-28 11:02:00.000000000,IMBALANCE,"[177, 97]"
2019-06-28 11:02:00.000000000,HOLDINGS_UPDATED,"{'CASH': -15556742, 'JPM': 252}"
2019-06-28 11:03:00.000000000,BID_DEPTH,"[(100772, 292)]"
2019-06-28 11:03:00.000000000,ASK_DEPTH,"[(101123, 312)]"
2019-06-28 11:03:00.000000000,IMBALANCE,"[292, 312]"
2019-06-28 11:03:00.000000000,HOLDINGS_UPDATED,"{'CASH': -16163480, 'JPM': 258}"
2019-06-28 11:04:00.000000000,BID_DEPTH,"[(100772, 292)]"
2019-06-28 11:04:00.000000000,ASK_DEPTH,"[(101123, 191)]"
2019-06-28 11:04:00.000000000,IMBALANCE,"[292, 191]"
2019-06-28 11:04:00.000000000,HOLDINGS_UPDATED,"{'CASH': -16770218, 'JPM': 264}"
2019-06-28 11:05:00.000000000,BID_DEPTH,"[(100772, 231)]"
2019-06-28 11:05:00.000000000,ASK_DEPTH,"[(101123, 151)]"
2019-06-28 11:05:00.000000000,IMBALANCE,"[231, 151]"
2019-06-28 11:05:00.000000000,HOLDINGS_UPDATED,"{'CASH': -17376956, 'JPM': 270}"
2019-06-28 11:06:00.000000000,BID_DEPTH,"[(100603, 292)]"
2019-06-28 11:06:00.000000000,ASK_DEPTH,"[(101988, 370)]"
2019-06-28 11:06:00.000000000,IMBALANCE,"[292, 370]"
2019-06-28 11:06:00.000000000,HOLDINGS_UPDATED,"{'CASH': -17988884, 'JPM': 276}"
2019-06-28 11:07:00.000000000,BID_DEPTH,"[(100603, 196)]"
2019-06-28 11:07:00.000000000,ASK_DEPTH,"[(101988, 253)]"
2019-06-28 11:07:00.000000000,IMBALANCE,"[196, 253]"
2019-06-28 11:07:00.000000000,HOLDINGS_UPDATED,"{'CASH': -18600812, 'JPM': 282}"
2019-06-28 11:08:00.000000000,BID_DEPTH,"[(100603, 485)]"
2019-06-28 11:08:00.000000000,ASK_DEPTH,"[(101988, 521)]"
2019-06-28 11:08:00.000000000,IMBALANCE,"[485, 521]"
2019-06-28 11:08:00.000000000,HOLDINGS_UPDATED,"{'CASH': -19212740, 'JPM': 288}"
2019-06-28 11:09:00.000000000,BID_DEPTH,"[(100603, 292)]"
2019-06-28 11:09:00.000000000,ASK_DEPTH,"[(100664, 212)]"
2019-06-28 11:09:00.000000000,IMBALANCE,"[292, 212]"
2019-06-28 11:09:00.000000000,HOLDINGS_UPDATED,"{'CASH': -19816724, 'JPM': 294}"
2019-06-28 11:10:00.000000000,BID_DEPTH,"[(100603, 231)]"
2019-06-28 11:10:00.000000000,ASK_DEPTH,"[(101343, 151)]"
2019-06-28 11:10:00.000000000,IMBALANCE,"[231, 151]"
2019-06-28 11:10:00.000000000,HOLDINGS_UPDATED,"{'CASH': -20424782, 'JPM': 300}"
2019-06-28 11:11:00.000000000,BID_DEPTH,"[(100708, 485)]"
2019-06-28 11:11:00.000000000,ASK_DEPTH,"[(101373, 405)]"
2019-06-28 11:11:00.000000000,IMBALANCE,"[485, 405]"
2019-06-28 11:11:00.000000000,HOLDINGS_UPDATED,"{'CASH': -21033020, 'JPM': 306}"
2019-06-28 11:12:00.000000000,BID_DEPTH,"[(100971, 116)]"
2019-06-28 11:12:00.000000000,ASK_DEPTH,"[(101652, 196)]"
2019-06-28 11:12:00.000000000,IMBALANCE,"[116, 196]"
2019-06-28 11:12:00.000000000,HOLDINGS_UPDATED,"{'CASH': -20427194, 'JPM': 300}"
2019-06-28 11:13:00.000000000,BID_DEPTH,"[(100603, 151)]"
2019-06-28 11:13:00.000000000,ASK_DEPTH,"[(100971, 231)]"
2019-06-28 11:13:00.000000000,IMBALANCE,"[151, 231]"
2019-06-28 11:13:00.000000000,HOLDINGS_UPDATED,"{'CASH': -19823576, 'JPM': 294}"
2019-06-28 11:14:00.000000000,BID_DEPTH,"[(100455, 405)]"
2019-06-28 11:14:00.000000000,ASK_DEPTH,"[(100603, 485)]"
2019-06-28 11:14:00.000000000,IMBALANCE,"[405, 485]"
2019-06-28 11:14:00.000000000,HOLDINGS_UPDATED,"{'CASH': -19220846, 'JPM': 288}"
2019-06-28 11:15:00.000000000,BID_DEPTH,"[(100423, 212)]"
2019-06-28 11:15:00.000000000,ASK_DEPTH,"[(100603, 292)]"
2019-06-28 11:15:00.000000000,IMBALANCE,"[212, 292]"
2019-06-28 11:15:00.000000000,HOLDINGS_UPDATED,"{'CASH': -18618308, 'JPM': 282}"
2019-06-28 11:16:00.000000000,BID_DEPTH,"[(100015, 151)]"
2019-06-28 11:16:00.000000000,ASK_DEPTH,"[(100230, 135)]"
2019-06-28 11:16:00.000000000,IMBALANCE,"[151, 135]"
2019-06-28 11:16:00.000000000,HOLDINGS_UPDATED,"{'CASH': -18018218, 'JPM': 276}"
2019-06-28 11:17:00.000000000,BID_DEPTH,"[(99628, 97)]"
2019-06-28 11:17:00.000000000,ASK_DEPTH,"[(100230, 81)]"
2019-06-28 11:17:00.000000000,IMBALANCE,"[97, 81]"
2019-06-28 11:17:00.000000000,HOLDINGS_UPDATED,"{'CASH': -17420450, 'JPM': 270}"
2019-06-28 11:18:00.000000000,BID_DEPTH,"[(99628, 5)]"
2019-06-28 11:18:00.000000000,ASK_DEPTH,"[(100423, 277)]"
2019-06-28 11:18:00.000000000,IMBALANCE,"[5, 277]"
2019-06-28 11:18:00.000000000,HOLDINGS_UPDATED,"{'CASH': -16922310, 'JPM': 265}"
2019-06-28 11:19:00.000000000,BID_DEPTH,"[(99425, 97)]"
2019-06-28 11:19:00.000000000,ASK_DEPTH,"[(99628, 78)]"
2019-06-28 11:19:00.000000000,IMBALANCE,"[97, 78]"
2019-06-28 11:19:00.000000000,HOLDINGS_UPDATED,"{'CASH': -16325760, 'JPM': 259}"
2019-06-28 11:20:00.000000000,BID_DEPTH,"[(98941, 97)]"
2019-06-28 11:20:00.000000000,ASK_DEPTH,"[(99425, 238)]"
2019-06-28 11:20:00.000000000,IMBALANCE,"[97, 238]"
2019-06-28 11:20:00.000000000,HOLDINGS_UPDATED,"{'CASH': -15732114, 'JPM': 253}"
2019-06-28 11:21:00.000000000,BID_DEPTH,"[(98941, 159)]"
2019-06-28 11:21:00.000000000,ASK_DEPTH,"[(99261, 231)]"
2019-06-28 11:21:00.000000000,IMBALANCE,"[159, 231]"
2019-06-28 11:21:00.000000000,HOLDINGS_UPDATED,"{'CASH': -15138468, 'JPM': 247}"
2019-06-28 11:22:00.000000000,BID_DEPTH,"[(98940, 151)]"
2019-06-28 11:22:00.000000000,ASK_DEPTH,"[(99261, 231)]"
2019-06-28 11:22:00.000000000,IMBALANCE,"[151, 231]"
2019-06-28 11:22:00.000000000,HOLDINGS_UPDATED,"{'CASH': -14544828, 'JPM': 241}"
2019-06-28 11:23:00.000000000,BID_DEPTH,"[(98853, 151)]"
2019-06-28 11:23:00.000000000,ASK_DEPTH,"[(99261, 231)]"
2019-06-28 11:23:00.000000000,IMBALANCE,"[151, 231]"
2019-06-28 11:23:00.000000000,HOLDINGS_UPDATED,"{'CASH': -13951710, 'JPM': 235}"
2019-06-28 11:24:00.000000000,BID_DEPTH,"[(98794, 405)]"
2019-06-28 11:24:00.000000000,ASK_DEPTH,"[(98853, 567)]"
2019-06-28 11:24:00.000000000,IMBALANCE,"[405, 567]"
2019-06-28 11:24:00.000000000,HOLDINGS_UPDATED,"{'CASH': -13358946, 'JPM': 229}"
2019-06-28 11:25:00.000000000,BID_DEPTH,"[(98636, 97)]"
2019-06-28 11:25:00.000000000,ASK_DEPTH,"[(98853, 259)]"
2019-06-28 11:25:00.000000000,IMBALANCE,"[97, 259]"
2019-06-28 11:25:00.000000000,HOLDINGS_UPDATED,"{'CASH': -12767130, 'JPM': 223}"
2019-06-28 11:26:00.000000000,BID_DEPTH,"[(98564, 405)]"
2019-06-28 11:26:00.000000000,ASK_DEPTH,"[(98636, 521)]"
2019-06-28 11:26:00.000000000,IMBALANCE,"[405, 521]"
2019-06-28 11:26:00.000000000,HOLDINGS_UPDATED,"{'CASH': -12175746, 'JPM': 217}"
2019-06-28 11:27:00.000000000,BID_DEPTH,"[(98564, 5)]"
2019-06-28 11:27:00.000000000,ASK_DEPTH,"[(98853, 159)]"
2019-06-28 11:27:00.000000000,IMBALANCE,"[5, 159]"
2019-06-28 11:27:00.000000000,HOLDINGS_UPDATED,"{'CASH': -11682926, 'JPM': 212}"
2019-06-28 11:27:57.235446233,HOLDINGS_UPDATED,"{'CASH': -11584362, 'JPM': 211}"
2019-06-28 11:28:00.000000000,BID_DEPTH,"[(98504, 120)]"
2019-06-28 11:28:00.000000000,ASK_DEPTH,"[(98690, 292)]"
2019-06-28 11:28:00.000000000,IMBALANCE,"[120, 292]"
2019-06-28 11:28:00.000000000,HOLDINGS_UPDATED,"{'CASH': -10993338, 'JPM': 205}"
2019-06-28 11:29:00.000000000,BID_DEPTH,"[(98452, 151)]"
2019-06-28 11:29:00.000000000,ASK_DEPTH,"[(98504, 146)]"
2019-06-28 11:29:00.000000000,IMBALANCE,"[151, 146]"
2019-06-28 11:29:00.000000000,HOLDINGS_UPDATED,"{'CASH': -10402626, 'JPM': 199}"
2019-06-28 11:30:00.000000000,BID_DEPTH,"[(98452, 5)]"
2019-06-28 11:30:00.000000000,ASK_DEPTH,"[(98504, 92)]"
2019-06-28 11:30:00.000000000,IMBALANCE,"[5, 92]"
2019-06-28 11:30:00.000000000,HOLDINGS_UPDATED,"{'CASH': -9910366, 'JPM': 194}"
2019-06-28 11:30:56.467445813,HOLDINGS_UPDATED,"{'CASH': -9811914, 'JPM': 193}"
2019-06-28 11:31:00.000000000,BID_DEPTH,"[(98452, 73)]"
2019-06-28 11:31:00.000000000,ASK_DEPTH,"[(98504, 146)]"
2019-06-28 11:31:00.000000000,IMBALANCE,"[73, 146]"
2019-06-28 11:31:00.000000000,HOLDINGS_UPDATED,"{'CASH': -9221202, 'JPM': 187}"
2019-06-28 11:32:00.000000000,BID_DEPTH,"[(98452, 5)]"
2019-06-28 11:32:00.000000000,ASK_DEPTH,"[(98949, 177)]"
2019-06-28 11:32:00.000000000,IMBALANCE,"[5, 177]"
2019-06-28 11:32:00.000000000,HOLDINGS_UPDATED,"{'CASH': -8728942, 'JPM': 182}"
2019-06-28 11:33:00.000000000,BID_DEPTH,"[(98405, 158)]"
2019-06-28 11:33:00.000000000,ASK_DEPTH,"[(98452, 193)]"
2019-06-28 11:33:00.000000000,IMBALANCE,"[158, 193]"
2019-06-28 11:33:00.000000000,HOLDINGS_UPDATED,"{'CASH': -8138512, 'JPM': 176}"
2019-06-28 11:33:07.873029842,HOLDINGS_UPDATED,"{'CASH': -8040060, 'JPM': 175}"
2019-06-28 11:34:00.000000000,BID_DEPTH,"[(98452, 216)]"
2019-06-28 11:34:00.000000000,ASK_DEPTH,"[(99053, 196)]"
2019-06-28 11:34:00.000000000,IMBALANCE,"[216, 196]"
2019-06-28 11:34:00.000000000,HOLDINGS_UPDATED,"{'CASH': -7449348, 'JPM': 169}"
2019-06-28 11:35:00.000000000,BID_DEPTH,"[(98452, 130)]"
2019-06-28 11:35:00.000000000,ASK_DEPTH,"[(99080, 231)]"
2019-06-28 11:35:00.000000000,IMBALANCE,"[130, 231]"
2019-06-28 11:35:00.000000000,HOLDINGS_UPDATED,"{'CASH': -6858636, 'JPM': 163}"
2019-06-28 11:36:00.000000000,BID_DEPTH,"[(98452, 151)]"
2019-06-28 11:36:00.000000000,ASK_DEPTH,"[(99201, 231)]"
2019-06-28 11:36:00.000000000,IMBALANCE,"[151, 231]"
2019-06-28 11:36:00.000000000,HOLDINGS_UPDATED,"{'CASH': -6267924, 'JPM': 157}"
2019-06-28 11:37:00.000000000,BID_DEPTH,"[(99201, 55)]"
2019-06-28 11:37:00.000000000,ASK_DEPTH,"[(99261, 231)]"
2019-06-28 11:37:00.000000000,IMBALANCE,"[55, 231]"
2019-06-28 11:37:00.000000000,HOLDINGS_UPDATED,"{'CASH': -5672718, 'JPM': 151}"
2019-06-28 11:38:00.000000000,BID_DEPTH,"[(99201, 212)]"
2019-06-28 11:38:00.000000000,ASK_DEPTH,"[(99387, 292)]"
2019-06-28 11:38:00.000000000,IMBALANCE,"[212, 292]"
2019-06-28 11:38:00.000000000,HOLDINGS_UPDATED,"{'CASH': -5077512, 'JPM': 145}"
2019-06-28 11:39:00.000000000,BID_DEPTH,"[(98405, 5)]"
2019-06-28 11:39:00.000000000,ASK_DEPTH,"[(99201, 177)]"
2019-06-28 11:39:00.000000000,IMBALANCE,"[5, 177]"
2019-06-28 11:39:00.000000000,HOLDINGS_UPDATED,"{'CASH': -4585487, 'JPM': 140}"
2019-06-28 11:39:45.273123310,HOLDINGS_UPDATED,"{'CASH': -4487082, 'JPM': 139}"
2019-06-28 11:40:00.000000000,BID_DEPTH,"[(98404, 212)]"
2019-06-28 11:40:00.000000000,ASK_DEPTH,"[(99201, 292)]"
2019-06-28 11:40:00.000000000,IMBALANCE,"[212, 292]"
2019-06-28 11:40:00.000000000,HOLDINGS_UPDATED,"{'CASH': -3896658, 'JPM': 133}"
2019-06-28 11:41:00.000000000,BID_DEPTH,"[(98404, 116)]"
2019-06-28 11:41:00.000000000,ASK_DEPTH,"[(99545, 196)]"
2019-06-28 11:41:00.000000000,IMBALANCE,"[116, 196]"
2019-06-28 11:41:00.000000000,HOLDINGS_UPDATED,"{'CASH': -3306234, 'JPM': 127}"
2019-06-28 11:41:53.459638902,HOLDINGS_UPDATED,"{'CASH': -3206606, 'JPM': 126}"
2019-06-28 11:42:00.000000000,BID_DEPTH,"[(99628, 404)]"
2019-06-28 11:42:00.000000000,ASK_DEPTH,"[(99687, 485)]"
2019-06-28 11:42:00.000000000,IMBALANCE,"[404, 485]"
2019-06-28 11:42:00.000000000,HOLDINGS_UPDATED,"{'CASH': -2608838, 'JPM': 120}"
2019-06-28 11:43:00.000000000,BID_DEPTH,"[(99628, 505)]"
2019-06-28 11:43:00.000000000,ASK_DEPTH,"[(99687, 485)]"
2019-06-28 11:43:00.000000000,IMBALANCE,"[505, 485]"
2019-06-28 11:43:00.000000000,HOLDINGS_UPDATED,"{'CASH': -2011070, 'JPM': 114}"
2019-06-28 11:44:00.000000000,BID_DEPTH,"[(99628, 95)]"
2019-06-28 11:44:00.000000000,ASK_DEPTH,"[(99635, 196)]"
2019-06-28 11:44:00.000000000,IMBALANCE,"[95, 196]"
2019-06-28 11:44:00.000000000,HOLDINGS_UPDATED,"{'CASH': -1413302, 'JPM': 108}"
2019-06-28 11:45:00.000000000,BID_DEPTH,"[(99407, 97)]"
2019-06-28 11:45:00.000000000,ASK_DEPTH,"[(99628, 123)]"
2019-06-28 11:45:00.000000000,IMBALANCE,"[97, 123]"
2019-06-28 11:45:00.000000000,HOLDINGS_UPDATED,"{'CASH': -816860, 'JPM': 102}"
2019-06-28 11:46:00.000000000,BID_DEPTH,"[(99407, 151)]"
2019-06-28 11:46:00.000000000,ASK_DEPTH,"[(99635, 231)]"
2019-06-28 11:46:00.000000000,IMBALANCE,"[151, 231]"
2019-06-28 11:46:00.000000000,HOLDINGS_UPDATED,"{'CASH': -220418, 'JPM': 96}"
2019-06-28 11:47:00.000000000,BID_DEPTH,"[(99417, 97)]"
2019-06-28 11:47:00.000000000,ASK_DEPTH,"[(99648, 177)]"
2019-06-28 11:47:00.000000000,IMBALANCE,"[97, 177]"
2019-06-28 11:47:00.000000000,HOLDINGS_UPDATED,"{'CASH': 376084, 'JPM': 90}"
2019-06-28 11:48:00.000000000,BID_DEPTH,[]
2019-06-28 11:48:00.000000000,ASK_DEPTH,"[(99735, 100)]"
2019-06-28 11:48:00.000000000,IMBALANCE,"[0, 100]"
2019-06-28 11:49:00.000000000,BID_DEPTH,"[(99710, 151)]"
2019-06-28 11:49:00.000000000,ASK_DEPTH,"[(99716, 231)]"
2019-06-28 11:49:00.000000000,IMBALANCE,"[151, 231]"
2019-06-28 11:49:00.000000000,HOLDINGS_UPDATED,"{'CASH': 974344, 'JPM': 84}"
2019-06-28 11:50:00.000000000,BID_DEPTH,[]
2019-06-28 11:50:00.000000000,ASK_DEPTH,"[(99360, 100)]"
2019-06-28 11:50:00.000000000,IMBALANCE,"[0, 100]"
2019-06-28 11:51:00.000000000,BID_DEPTH,"[(99360, 212)]"
2019-06-28 11:51:00.000000000,ASK_DEPTH,"[(99564, 292)]"
2019-06-28 11:51:00.000000000,IMBALANCE,"[212, 292]"
2019-06-28 11:51:00.000000000,HOLDINGS_UPDATED,"{'CASH': 1570504, 'JPM': 78}"
2019-06-28 11:52:00.000000000,BID_DEPTH,"[(99339, 151)]"
2019-06-28 11:52:00.000000000,ASK_DEPTH,"[(99488, 231)]"
2019-06-28 11:52:00.000000000,IMBALANCE,"[151, 231]"
2019-06-28 11:52:00.000000000,HOLDINGS_UPDATED,"{'CASH': 2166538, 'JPM': 72}"
2019-06-28 11:53:00.000000000,BID_DEPTH,"[(98807, 212)]"
2019-06-28 11:53:00.000000000,ASK_DEPTH,"[(98857, 292)]"
2019-06-28 11:53:00.000000000,IMBALANCE,"[212, 292]"
2019-06-28 11:53:00.000000000,HOLDINGS_UPDATED,"{'CASH': 2759380, 'JPM': 66}"
2019-06-28 11:54:00.000000000,BID_DEPTH,"[(98807, 151)]"
2019-06-28 11:54:00.000000000,ASK_DEPTH,"[(98871, 231)]"
2019-06-28 11:54:00.000000000,IMBALANCE,"[151, 231]"
2019-06-28 11:54:00.000000000,HOLDINGS_UPDATED,"{'CASH': 3352222, 'JPM': 60}"
2019-06-28 11:55:00.000000000,BID_DEPTH,[]
2019-06-28 11:55:00.000000000,ASK_DEPTH,"[(99136, 100)]"
2019-06-28 11:55:00.000000000,IMBALANCE,"[0, 100]"
2019-06-28 11:56:00.000000000,BID_DEPTH,"[(98610, 212)]"
2019-06-28 11:56:00.000000000,ASK_DEPTH,"[(98955, 292)]"
2019-06-28 11:56:00.000000000,IMBALANCE,"[212, 292]"
2019-06-28 11:56:00.000000000,HOLDINGS_UPDATED,"{'CASH': 3943882, 'JPM': 54}"
2019-06-28 11:57:00.000000000,BID_DEPTH,"[(98812, 97)]"
2019-06-28 11:57:00.000000000,ASK_DEPTH,"[(98926, 177)]"
2019-06-28 11:57:00.000000000,IMBALANCE,"[97, 177]"
2019-06-28 11:57:00.000000000,HOLDINGS_UPDATED,"{'CASH': 4536754, 'JPM': 48}"
2019-06-28 11:58:00.000000000,BID_DEPTH,"[(98760, 116)]"
2019-06-28 11:58:00.000000000,ASK_DEPTH,"[(99309, 196)]"
2019-06-28 11:58:00.000000000,IMBALANCE,"[116, 196]"
2019-06-28 11:58:00.000000000,HOLDINGS_UPDATED,"{'CASH': 5129314, 'JPM': 42}"
2019-06-28 11:59:00.000000000,BID_DEPTH,"[(99288, 97)]"
2019-06-28 11:59:00.000000000,ASK_DEPTH,"[(99320, 177)]"
2019-06-28 11:59:00.000000000,IMBALANCE,"[97, 177]"
2019-06-28 11:59:00.000000000,HOLDINGS_UPDATED,"{'CASH': 5725042, 'JPM': 36}"
2019-06-28 12:00:00.000000000,BID_DEPTH,"[(99288, 505)]"
2019-06-28 12:00:00.000000000,ASK_DEPTH,"[(99512, 485)]"
2019-06-28 12:00:00.000000000,IMBALANCE,"[505, 485]"
2019-06-28 12:00:00.000000000,HOLDINGS_UPDATED,"{'CASH': 6320770, 'JPM': 30}"
2019-06-28 12:01:00.000000000,BID_DEPTH,"[(99288, 291)]"
2019-06-28 12:01:00.000000000,ASK_DEPTH,"[(99512, 292)]"
2019-06-28 12:01:00.000000000,IMBALANCE,"[291, 292]"
2019-06-28 12:01:00.000000000,HOLDINGS_UPDATED,"{'CASH': 6916498, 'JPM': 24}"
2019-06-28 12:02:00.000000000,BID_DEPTH,"[(99512, 405)]"
2019-06-28 12:02:00.000000000,ASK_DEPTH,"[(99660, 485)]"
2019-06-28 12:02:00.000000000,IMBALANCE,"[405, 485]"
2019-06-28 12:02:00.000000000,HOLDINGS_UPDATED,"{'CASH': 7513570, 'JPM': 18}"
2019-06-28 12:03:00.000000000,BID_DEPTH,"[(99288, 189)]"
2019-06-28 12:03:00.000000000,ASK_DEPTH,"[(99660, 151)]"
2019-06-28 12:03:00.000000000,IMBALANCE,"[189, 151]"
2019-06-28 12:03:00.000000000,HOLDINGS_UPDATED,"{'CASH': 6915610, 'JPM': 24}"
2019-06-28 12:04:00.000000000,BID_DEPTH,"[(99288, 250)]"
2019-06-28 12:04:00.000000000,ASK_DEPTH,"[(99762, 212)]"
2019-06-28 12:04:00.000000000,IMBALANCE,"[250, 212]"
2019-06-28 12:04:00.000000000,HOLDINGS_UPDATED,"{'CASH': 6317038, 'JPM': 30}"
2019-06-28 12:05:00.000000000,BID_DEPTH,"[(99288, 189)]"
2019-06-28 12:05:00.000000000,ASK_DEPTH,"[(99988, 151)]"
2019-06-28 12:05:00.000000000,IMBALANCE,"[189, 151]"
2019-06-28 12:05:00.000000000,HOLDINGS_UPDATED,"{'CASH': 5717110, 'JPM': 36}"
2019-06-28 12:06:00.000000000,BID_DEPTH,"[(99288, 443)]"
2019-06-28 12:06:00.000000000,ASK_DEPTH,"[(100052, 405)]"
2019-06-28 12:06:00.000000000,IMBALANCE,"[443, 405]"
2019-06-28 12:06:00.000000000,HOLDINGS_UPDATED,"{'CASH': 5116798, 'JPM': 42}"
2019-06-28 12:07:00.000000000,BID_DEPTH,"[(100052, 292)]"
2019-06-28 12:07:00.000000000,ASK_DEPTH,"[(100214, 212)]"
2019-06-28 12:07:00.000000000,IMBALANCE,"[292, 212]"
2019-06-28 12:07:00.000000000,HOLDINGS_UPDATED,"{'CASH': 4515514, 'JPM': 48}"
2019-06-28 12:08:00.000000000,BID_DEPTH,"[(99288, 250)]"
2019-06-28 12:08:00.000000000,ASK_DEPTH,"[(100244, 212)]"
2019-06-28 12:08:00.000000000,IMBALANCE,"[250, 212]"
2019-06-28 12:08:00.000000000,HOLDINGS_UPDATED,"{'CASH': 3914050, 'JPM': 54}"
2019-06-28 12:09:00.000000000,BID_DEPTH,"[(99288, 154)]"
2019-06-28 12:09:00.000000000,ASK_DEPTH,"[(100807, 116)]"
2019-06-28 12:09:00.000000000,IMBALANCE,"[154, 116]"
2019-06-28 12:09:00.000000000,HOLDINGS_UPDATED,"{'CASH': 3309208, 'JPM': 60}"
2019-06-28 12:10:00.000000000,BID_DEPTH,"[(100713, 196)]"
2019-06-28 12:10:00.000000000,ASK_DEPTH,"[(100736, 116)]"
2019-06-28 12:10:00.000000000,IMBALANCE,"[196, 116]"
2019-06-28 12:10:00.000000000,HOLDINGS_UPDATED,"{'CASH': 2704792, 'JPM': 66}"
2019-06-28 12:11:00.000000000,BID_DEPTH,"[(100583, 196)]"
2019-06-28 12:11:00.000000000,ASK_DEPTH,"[(100736, 24)]"
2019-06-28 12:11:00.000000000,IMBALANCE,"[196, 24]"
2019-06-28 12:11:00.000000000,HOLDINGS_UPDATED,"{'CASH': 2100376, 'JPM': 72}"
2019-06-28 12:12:00.000000000,BID_DEPTH,"[(100583, 231)]"
2019-06-28 12:12:00.000000000,ASK_DEPTH,"[(100806, 151)]"
2019-06-28 12:12:00.000000000,IMBALANCE,"[231, 151]"
2019-06-28 12:12:00.000000000,HOLDINGS_UPDATED,"{'CASH': 1495540, 'JPM': 78}"
2019-06-28 12:13:00.000000000,BID_DEPTH,"[(100583, 196)]"
2019-06-28 12:13:00.000000000,ASK_DEPTH,"[(100807, 24)]"
2019-06-28 12:13:00.000000000,IMBALANCE,"[196, 24]"
2019-06-28 12:13:00.000000000,HOLDINGS_UPDATED,"{'CASH': 890698, 'JPM': 84}"
2019-06-28 12:14:00.000000000,BID_DEPTH,"[(100807, 79)]"
2019-06-28 12:14:00.000000000,ASK_DEPTH,"[(100824, 290)]"
2019-06-28 12:14:00.000000000,IMBALANCE,"[79, 290]"
2019-06-28 12:14:00.000000000,HOLDINGS_UPDATED,"{'CASH': 386578, 'JPM': 89}"
2019-06-28 12:14:00.000000000,HOLDINGS_UPDATED,"{'CASH': 285754, 'JPM': 90}"
2019-06-28 12:15:00.000000000,BID_DEPTH,"[(100807, 194)]"
2019-06-28 12:15:00.000000000,ASK_DEPTH,"[(100824, 292)]"
2019-06-28 12:15:00.000000000,IMBALANCE,"[194, 292]"
2019-06-28 12:15:00.000000000,HOLDINGS_UPDATED,"{'CASH': -319190, 'JPM': 96}"
2019-06-28 12:16:00.000000000,BID_DEPTH,"[(100807, 98)]"
2019-06-28 12:16:00.000000000,ASK_DEPTH,"[(100824, 83)]"
2019-06-28 12:16:00.000000000,IMBALANCE,"[98, 83]"
2019-06-28 12:16:00.000000000,HOLDINGS_UPDATED,"{'CASH': -924134, 'JPM': 102}"
2019-06-28 12:17:00.000000000,BID_DEPTH,"[(100807, 133)]"
2019-06-28 12:17:00.000000000,ASK_DEPTH,"[(100822, 151)]"
2019-06-28 12:17:00.000000000,IMBALANCE,"[133, 151]"
2019-06-28 12:17:00.000000000,HOLDINGS_UPDATED,"{'CASH': -1529066, 'JPM': 108}"
2019-06-28 12:18:00.000000000,BID_DEPTH,"[(100824, 400)]"
2019-06-28 12:18:00.000000000,ASK_DEPTH,"[(100836, 405)]"
2019-06-28 12:18:00.000000000,IMBALANCE,"[400, 405]"
2019-06-28 12:18:00.000000000,HOLDINGS_UPDATED,"{'CASH': -2134082, 'JPM': 114}"
2019-06-28 12:19:00.000000000,BID_DEPTH,"[(100824, 146)]"
2019-06-28 12:19:00.000000000,ASK_DEPTH,"[(100868, 151)]"
2019-06-28 12:19:00.000000000,IMBALANCE,"[146, 151]"
2019-06-28 12:19:00.000000000,HOLDINGS_UPDATED,"{'CASH': -2739290, 'JPM': 120}"
2019-06-28 12:20:00.000000000,BID_DEPTH,"[(100739, 485)]"
2019-06-28 12:20:00.000000000,ASK_DEPTH,"[(100868, 313)]"
2019-06-28 12:20:00.000000000,IMBALANCE,"[485, 313]"
2019-06-28 12:20:00.000000000,HOLDINGS_UPDATED,"{'CASH': -3344498, 'JPM': 126}"
2019-06-28 12:21:00.000000000,BID_DEPTH,"[(100583, 485)]"
2019-06-28 12:21:00.000000000,ASK_DEPTH,"[(100868, 313)]"
2019-06-28 12:21:00.000000000,IMBALANCE,"[485, 313]"
2019-06-28 12:21:00.000000000,HOLDINGS_UPDATED,"{'CASH': -3949706, 'JPM': 132}"
2019-06-28 12:22:00.000000000,BID_DEPTH,"[(100583, 196)]"
2019-06-28 12:22:00.000000000,ASK_DEPTH,"[(100994, 116)]"
2019-06-28 12:22:00.000000000,IMBALANCE,"[196, 116]"
2019-06-28 12:22:00.000000000,HOLDINGS_UPDATED,"{'CASH': -4555670, 'JPM': 138}"
2019-06-28 12:23:00.000000000,BID_DEPTH,"[(100583, 177)]"
2019-06-28 12:23:00.000000000,ASK_DEPTH,"[(101043, 97)]"
2019-06-28 12:23:00.000000000,IMBALANCE,"[177, 97]"
2019-06-28 12:23:00.000000000,HOLDINGS_UPDATED,"{'CASH': -5161928, 'JPM': 144}"
2019-06-28 12:24:00.000000000,BID_DEPTH,"[(100583, 485)]"
2019-06-28 12:24:00.000000000,ASK_DEPTH,"[(101459, 405)]"
2019-06-28 12:24:00.000000000,IMBALANCE,"[485, 405]"
2019-06-28 12:24:00.000000000,HOLDINGS_UPDATED,"{'CASH': -5770682, 'JPM': 150}"
2019-06-28 12:25:00.000000000,BID_DEPTH,"[(101090, 196)]"
2019-06-28 12:25:00.000000000,ASK_DEPTH,"[(101459, 24)]"
2019-06-28 12:25:00.000000000,IMBALANCE,"[196, 24]"
2019-06-28 12:25:00.000000000,HOLDINGS_UPDATED,"{'CASH': -6379436, 'JPM': 156}"
2019-06-28 12:26:00.000000000,BID_DEPTH,"[(101459, 194)]"
2019-06-28 12:26:00.000000000,ASK_DEPTH,"[(101568, 305)]"
2019-06-28 12:26:00.000000000,IMBALANCE,"[194, 305]"
2019-06-28 12:26:00.000000000,HOLDINGS_UPDATED,"{'CASH': -6887276, 'JPM': 161}"
2019-06-28 12:26:00.000000000,HOLDINGS_UPDATED,"{'CASH': -6988844, 'JPM': 162}"
2019-06-28 12:27:00.000000000,BID_DEPTH,"[(101114, 196)]"
2019-06-28 12:27:00.000000000,ASK_DEPTH,"[(101235, 116)]"
2019-06-28 12:27:00.000000000,IMBALANCE,"[196, 116]"
2019-06-28 12:27:00.000000000,HOLDINGS_UPDATED,"{'CASH': -7596254, 'JPM': 168}"
2019-06-28 12:28:00.000000000,BID_DEPTH,"[(100924, 177)]"
2019-06-28 12:28:00.000000000,ASK_DEPTH,"[(101114, 97)]"
2019-06-28 12:28:00.000000000,IMBALANCE,"[177, 97]"
2019-06-28 12:28:00.000000000,HOLDINGS_UPDATED,"{'CASH': -8202938, 'JPM': 174}"
2019-06-28 12:29:00.000000000,BID_DEPTH,"[(100583, 196)]"
2019-06-28 12:29:00.000000000,ASK_DEPTH,"[(101235, 224)]"
2019-06-28 12:29:00.000000000,IMBALANCE,"[196, 224]"
2019-06-28 12:29:00.000000000,HOLDINGS_UPDATED,"{'CASH': -8810348, 'JPM': 180}"
2019-06-28 12:30:00.000000000,BID_DEPTH,"[(100514, 231)]"
2019-06-28 12:30:00.000000000,ASK_DEPTH,"[(101235, 138)]"
2019-06-28 12:30:00.000000000,IMBALANCE,"[231, 138]"
2019-06-28 12:30:00.000000000,HOLDINGS_UPDATED,"{'CASH': -9417758, 'JPM': 186}"
2019-06-28 12:31:00.000000000,BID_DEPTH,"[(100514, 292)]"
2019-06-28 12:31:00.000000000,ASK_DEPTH,"[(100668, 212)]"
2019-06-28 12:31:00.000000000,IMBALANCE,"[292, 212]"
2019-06-28 12:31:00.000000000,HOLDINGS_UPDATED,"{'CASH': -10021766, 'JPM': 192}"
2019-06-28 12:32:00.000000000,BID_DEPTH,"[(100514, 196)]"
2019-06-28 12:32:00.000000000,ASK_DEPTH,"[(101052, 116)]"
2019-06-28 12:32:00.000000000,IMBALANCE,"[196, 116]"
2019-06-28 12:32:00.000000000,HOLDINGS_UPDATED,"{'CASH': -10628078, 'JPM': 198}"
2019-06-28 12:33:00.000000000,BID_DEPTH,"[(100514, 485)]"
2019-06-28 12:33:00.000000000,ASK_DEPTH,"[(101235, 405)]"
2019-06-28 12:33:00.000000000,IMBALANCE,"[485, 405]"
2019-06-28 12:33:00.000000000,HOLDINGS_UPDATED,"{'CASH': -11235488, 'JPM': 204}"
2019-06-28 12:34:00.000000000,BID_DEPTH,"[(100464, 231)]"
2019-06-28 12:34:00.000000000,ASK_DEPTH,"[(100514, 55)]"
2019-06-28 12:34:00.000000000,IMBALANCE,"[231, 55]"
2019-06-28 12:34:00.000000000,HOLDINGS_UPDATED,"{'CASH': -11838572, 'JPM': 210}"
2019-06-28 12:35:00.000000000,BID_DEPTH,"[(100464, 485)]"
2019-06-28 12:35:00.000000000,ASK_DEPTH,"[(100550, 405)]"
2019-06-28 12:35:00.000000000,IMBALANCE,"[485, 405]"
2019-06-28 12:35:00.000000000,HOLDINGS_UPDATED,"{'CASH': -12441872, 'JPM': 216}"
2019-06-28 12:36:00.000000000,BID_DEPTH,"[(101487, 177)]"
2019-06-28 12:36:00.000000000,ASK_DEPTH,"[(101568, 177)]"
2019-06-28 12:36:00.000000000,IMBALANCE,"[177, 177]"
2019-06-28 12:36:00.000000000,HOLDINGS_UPDATED,"{'CASH': -13051280, 'JPM': 222}"
2019-06-28 12:37:00.000000000,BID_DEPTH,"[(101258, 231)]"
2019-06-28 12:37:00.000000000,ASK_DEPTH,"[(101567, 151)]"
2019-06-28 12:37:00.000000000,IMBALANCE,"[231, 151]"
2019-06-28 12:37:00.000000000,HOLDINGS_UPDATED,"{'CASH': -13660682, 'JPM': 228}"
2019-06-28 12:38:00.000000000,BID_DEPTH,"[(101131, 196)]"
2019-06-28 12:38:00.000000000,ASK_DEPTH,"[(101568, 83)]"
2019-06-28 12:38:00.000000000,IMBALANCE,"[196, 83]"
2019-06-28 12:38:00.000000000,HOLDINGS_UPDATED,"{'CASH': -14270090, 'JPM': 234}"
2019-06-28 12:39:00.000000000,BID_DEPTH,"[(101207, 196)]"
2019-06-28 12:39:00.000000000,ASK_DEPTH,"[(101305, 116)]"
2019-06-28 12:39:00.000000000,IMBALANCE,"[196, 116]"
2019-06-28 12:39:00.000000000,HOLDINGS_UPDATED,"{'CASH': -14877920, 'JPM': 240}"
2019-06-28 12:40:00.000000000,BID_DEPTH,"[(101131, 231)]"
2019-06-28 12:40:00.000000000,ASK_DEPTH,"[(101433, 151)]"
2019-06-28 12:40:00.000000000,IMBALANCE,"[231, 151]"
2019-06-28 12:40:00.000000000,HOLDINGS_UPDATED,"{'CASH': -15486518, 'JPM': 246}"
2019-06-28 12:41:00.000000000,BID_DEPTH,"[(100854, 292)]"
2019-06-28 12:41:00.000000000,ASK_DEPTH,"[(101568, 212)]"
2019-06-28 12:41:00.000000000,IMBALANCE,"[292, 212]"
2019-06-28 12:41:00.000000000,HOLDINGS_UPDATED,"{'CASH': -16095926, 'JPM': 252}"
2019-06-28 12:42:00.000000000,BID_DEPTH,"[(100634, 292)]"
2019-06-28 12:42:00.000000000,ASK_DEPTH,"[(101590, 212)]"
2019-06-28 12:42:00.000000000,IMBALANCE,"[292, 212]"
2019-06-28 12:42:00.000000000,HOLDINGS_UPDATED,"{'CASH': -16705466, 'JPM': 258}"
2019-06-28 12:43:00.000000000,BID_DEPTH,"[(100634, 485)]"
2019-06-28 12:43:00.000000000,ASK_DEPTH,"[(101612, 405)]"
2019-06-28 12:43:00.000000000,IMBALANCE,"[485, 405]"
2019-06-28 12:43:00.000000000,HOLDINGS_UPDATED,"{'CASH': -17315138, 'JPM': 264}"
2019-06-28 12:44:00.000000000,BID_DEPTH,"[(100495, 231)]"
2019-06-28 12:44:00.000000000,ASK_DEPTH,"[(101808, 151)]"
2019-06-28 12:44:00.000000000,IMBALANCE,"[231, 151]"
2019-06-28 12:44:00.000000000,HOLDINGS_UPDATED,"{'CASH': -17925986, 'JPM': 270}"
2019-06-28 12:45:00.000000000,BID_DEPTH,"[(100464, 485)]"
2019-06-28 12:45:00.000000000,ASK_DEPTH,"[(102058, 313)]"
2019-06-28 12:45:00.000000000,IMBALANCE,"[485, 313]"
2019-06-28 12:45:00.000000000,HOLDINGS_UPDATED,"{'CASH': -18538334, 'JPM': 276}"
2019-06-28 12:46:00.000000000,BID_DEPTH,"[(100464, 292)]"
2019-06-28 12:46:00.000000000,ASK_DEPTH,"[(102246, 212)]"
2019-06-28 12:46:00.000000000,IMBALANCE,"[292, 212]"
2019-06-28 12:46:00.000000000,HOLDINGS_UPDATED,"{'CASH': -19151810, 'JPM': 282}"
2019-06-28 12:47:00.000000000,BID_DEPTH,"[(100464, 231)]"
2019-06-28 12:47:00.000000000,ASK_DEPTH,"[(102246, 151)]"
2019-06-28 12:47:00.000000000,IMBALANCE,"[231, 151]"
2019-06-28 12:47:00.000000000,HOLDINGS_UPDATED,"{'CASH': -19765286, 'JPM': 288}"
2019-06-28 12:48:00.000000000,BID_DEPTH,"[(100464, 177)]"
2019-06-28 12:48:00.000000000,ASK_DEPTH,"[(102246, 197)]"
2019-06-28 12:48:00.000000000,IMBALANCE,"[177, 197]"
2019-06-28 12:48:00.000000000,HOLDINGS_UPDATED,"{'CASH': -20378762, 'JPM': 294}"
2019-06-28 12:49:00.000000000,BID_DEPTH,"[(100464, 292)]"
2019-06-28 12:49:00.000000000,ASK_DEPTH,"[(100490, 212)]"
2019-06-28 12:49:00.000000000,IMBALANCE,"[292, 212]"
2019-06-28 12:49:00.000000000,HOLDINGS_UPDATED,"{'CASH': -20981702, 'JPM': 300}"
2019-06-28 12:50:00.000000000,BID_DEPTH,"[(100291, 196)]"
2019-06-28 12:50:00.000000000,ASK_DEPTH,"[(100464, 116)]"
2019-06-28 12:50:00.000000000,IMBALANCE,"[196, 116]"
2019-06-28 12:50:00.000000000,HOLDINGS_UPDATED,"{'CASH': -21584486, 'JPM': 306}"
2019-06-28 12:51:00.000000000,BID_DEPTH,"[(100229, 485)]"
2019-06-28 12:51:00.000000000,ASK_DEPTH,"[(100575, 405)]"
2019-06-28 12:51:00.000000000,IMBALANCE,"[485, 405]"
2019-06-28 12:51:00.000000000,HOLDINGS_UPDATED,"{'CASH': -22187936, 'JPM': 312}"
2019-06-28 12:52:00.000000000,BID_DEPTH,"[(100026, 177)]"
2019-06-28 12:52:00.000000000,ASK_DEPTH,"[(100575, 97)]"
2019-06-28 12:52:00.000000000,IMBALANCE,"[177, 97]"
2019-06-28 12:52:00.000000000,HOLDINGS_UPDATED,"{'CASH': -22791386, 'JPM': 318}"
2019-06-28 12:53:00.000000000,BID_DEPTH,"[(100022, 196)]"
2019-06-28 12:53:00.000000000,ASK_DEPTH,"[(100164, 116)]"
2019-06-28 12:53:00.000000000,IMBALANCE,"[196, 116]"
2019-06-28 12:53:00.000000000,HOLDINGS_UPDATED,"{'CASH': -23392370, 'JPM': 324}"
2019-06-28 12:54:00.000000000,BID_DEPTH,"[(99851, 177)]"
2019-06-28 12:54:00.000000000,ASK_DEPTH,"[(100164, 97)]"
2019-06-28 12:54:00.000000000,IMBALANCE,"[177, 97]"
2019-06-28 12:54:00.000000000,HOLDINGS_UPDATED,"{'CASH': -23993354, 'JPM': 330}"
2019-06-28 12:55:00.000000000,BID_DEPTH,"[(99851, 292)]"
2019-06-28 12:55:00.000000000,ASK_DEPTH,"[(99948, 212)]"
2019-06-28 12:55:00.000000000,IMBALANCE,"[292, 212]"
2019-06-28 12:55:00.000000000,HOLDINGS_UPDATED,"{'CASH': -24593042, 'JPM': 336}"
2019-06-28 12:56:00.000000000,BID_DEPTH,"[(99869, 177)]"
2019-06-28 12:56:00.000000000,ASK_DEPTH,"[(100065, 97)]"
2019-06-28 12:56:00.000000000,IMBALANCE,"[177, 97]"
2019-06-28 12:56:00.000000000,HOLDINGS_UPDATED,"{'CASH': -25193432, 'JPM': 342}"
2019-06-28 12:57:00.000000000,BID_DEPTH,"[(99947, 151)]"
2019-06-28 12:57:00.000000000,ASK_DEPTH,"[(100065, 231)]"
2019-06-28 12:57:00.000000000,IMBALANCE,"[151, 231]"
2019-06-28 12:57:00.000000000,HOLDINGS_UPDATED,"{'CASH': -24593750, 'JPM': 336}"
2019-06-28 12:58:00.000000000,BID_DEPTH,"[(99947, 105)]"
2019-06-28 12:58:00.000000000,ASK_DEPTH,"[(100118, 177)]"
2019-06-28 12:58:00.000000000,IMBALANCE,"[105, 177]"
2019-06-28 12:58:00.000000000,HOLDINGS_UPDATED,"{'CASH': -23994068, 'JPM': 330}"
2019-06-28 12:59:00.000000000,BID_DEPTH,"[(99947, 159)]"
2019-06-28 12:59:00.000000000,ASK_DEPTH,"[(100118, 231)]"
2019-06-28 12:59:00.000000000,IMBALANCE,"[159, 231]"
2019-06-28 12:59:00.000000000,HOLDINGS_UPDATED,"{'CASH': -23394386, 'JPM': 324}"
2019-06-28 13:00:00.000000000,BID_DEPTH,"[(100140, 116)]"
2019-06-28 13:00:00.000000000,ASK_DEPTH,"[(100461, 292)]"
2019-06-28 13:00:00.000000000,IMBALANCE,"[116, 292]"
2019-06-28 13:00:00.000000000,HOLDINGS_UPDATED,"{'CASH': -22793546, 'JPM': 318}"
2019-06-28 13:01:00.000000000,BID_DEPTH,"[(100118, 116)]"
2019-06-28 13:01:00.000000000,ASK_DEPTH,"[(100140, 121)]"
2019-06-28 13:01:00.000000000,IMBALANCE,"[116, 121]"
2019-06-28 13:01:00.000000000,HOLDINGS_UPDATED,"{'CASH': -22192838, 'JPM': 312}"
2019-06-28 13:02:00.000000000,BID_DEPTH,"[(100289, 405)]"
2019-06-28 13:02:00.000000000,ASK_DEPTH,"[(100357, 485)]"
2019-06-28 13:02:00.000000000,IMBALANCE,"[405, 485]"
2019-06-28 13:02:00.000000000,HOLDINGS_UPDATED,"{'CASH': -21591104, 'JPM': 306}"
2019-06-28 13:03:00.000000000,BID_DEPTH,"[(100385, 212)]"
2019-06-28 13:03:00.000000000,ASK_DEPTH,"[(100461, 292)]"
2019-06-28 13:03:00.000000000,IMBALANCE,"[212, 292]"
2019-06-28 13:03:00.000000000,HOLDINGS_UPDATED,"{'CASH': -20988794, 'JPM': 300}"
2019-06-28 13:04:00.000000000,BID_DEPTH,"[(100385, 97)]"
2019-06-28 13:04:00.000000000,ASK_DEPTH,"[(100458, 177)]"
2019-06-28 13:04:00.000000000,IMBALANCE,"[97, 177]"
2019-06-28 13:04:00.000000000,HOLDINGS_UPDATED,"{'CASH': -20386484, 'JPM': 294}"
2019-06-28 13:05:00.000000000,BID_DEPTH,"[(100458, 39)]"
2019-06-28 13:05:00.000000000,ASK_DEPTH,"[(100557, 196)]"
2019-06-28 13:05:00.000000000,IMBALANCE,"[39, 196]"
2019-06-28 13:05:00.000000000,HOLDINGS_UPDATED,"{'CASH': -19783736, 'JPM': 288}"
2019-06-28 13:06:00.000000000,BID_DEPTH,"[(100385, 405)]"
2019-06-28 13:06:00.000000000,ASK_DEPTH,"[(100458, 587)]"
2019-06-28 13:06:00.000000000,IMBALANCE,"[405, 587]"
2019-06-28 13:06:00.000000000,HOLDINGS_UPDATED,"{'CASH': -19181426, 'JPM': 282}"
2019-06-28 13:07:00.000000000,BID_DEPTH,"[(100385, 116)]"
2019-06-28 13:07:00.000000000,ASK_DEPTH,"[(100458, 198)]"
2019-06-28 13:07:00.000000000,IMBALANCE,"[116, 198]"
2019-06-28 13:07:00.000000000,HOLDINGS_UPDATED,"{'CASH': -18579116, 'JPM': 276}"
2019-06-28 13:08:00.000000000,BID_DEPTH,"[(100363, 212)]"
2019-06-28 13:08:00.000000000,ASK_DEPTH,"[(100458, 294)]"
2019-06-28 13:08:00.000000000,IMBALANCE,"[212, 294]"
2019-06-28 13:08:00.000000000,HOLDINGS_UPDATED,"{'CASH': -17976938, 'JPM': 270}"
2019-06-28 13:09:00.000000000,BID_DEPTH,"[(99947, 120)]"
2019-06-28 13:09:00.000000000,ASK_DEPTH,"[(100402, 292)]"
2019-06-28 13:09:00.000000000,IMBALANCE,"[120, 292]"
2019-06-28 13:09:00.000000000,HOLDINGS_UPDATED,"{'CASH': -17377256, 'JPM': 264}"
2019-06-28 13:10:00.000000000,BID_DEPTH,"[(100454, 212)]"
2019-06-28 13:10:00.000000000,ASK_DEPTH,"[(100458, 194)]"
2019-06-28 13:10:00.000000000,IMBALANCE,"[212, 194]"
2019-06-28 13:10:00.000000000,HOLDINGS_UPDATED,"{'CASH': -16774532, 'JPM': 258}"
2019-06-28 13:11:00.000000000,BID_DEPTH,"[(100454, 212)]"
2019-06-28 13:11:00.000000000,ASK_DEPTH,"[(100458, 194)]"
2019-06-28 13:11:00.000000000,IMBALANCE,"[212, 194]"
2019-06-28 13:11:00.000000000,HOLDINGS_UPDATED,"{'CASH': -16171808, 'JPM': 252}"
2019-06-28 13:12:00.000000000,BID_DEPTH,"[(100458, 133)]"
2019-06-28 13:12:00.000000000,ASK_DEPTH,"[(100482, 292)]"
2019-06-28 13:12:00.000000000,IMBALANCE,"[133, 292]"
2019-06-28 13:12:00.000000000,HOLDINGS_UPDATED,"{'CASH': -15569060, 'JPM': 246}"
2019-06-28 13:13:00.000000000,BID_DEPTH,"[(100454, 405)]"
2019-06-28 13:13:00.000000000,ASK_DEPTH,"[(100634, 485)]"
2019-06-28 13:13:00.000000000,IMBALANCE,"[405, 485]"
2019-06-28 13:13:00.000000000,HOLDINGS_UPDATED,"{'CASH': -14966336, 'JPM': 240}"
2019-06-28 13:14:00.000000000,BID_DEPTH,"[(100454, 116)]"
2019-06-28 13:14:00.000000000,ASK_DEPTH,"[(100662, 196)]"
2019-06-28 13:14:00.000000000,IMBALANCE,"[116, 196]"
2019-06-28 13:14:00.000000000,HOLDINGS_UPDATED,"{'CASH': -14363612, 'JPM': 234}"
2019-06-28 13:15:00.000000000,BID_DEPTH,"[(100584, 97)]"
2019-06-28 13:15:00.000000000,ASK_DEPTH,"[(100662, 177)]"
2019-06-28 13:15:00.000000000,IMBALANCE,"[97, 177]"
2019-06-28 13:15:00.000000000,HOLDINGS_UPDATED,"{'CASH': -13760108, 'JPM': 228}"
2019-06-28 13:16:00.000000000,BID_DEPTH,"[(100454, 251)]"
2019-06-28 13:16:00.000000000,ASK_DEPTH,"[(100662, 231)]"
2019-06-28 13:16:00.000000000,IMBALANCE,"[251, 231]"
2019-06-28 13:16:00.000000000,HOLDINGS_UPDATED,"{'CASH': -13157384, 'JPM': 222}"
2019-06-28 13:17:00.000000000,BID_DEPTH,"[(100454, 191)]"
2019-06-28 13:17:00.000000000,ASK_DEPTH,"[(100532, 292)]"
2019-06-28 13:17:00.000000000,IMBALANCE,"[191, 292]"
2019-06-28 13:17:00.000000000,HOLDINGS_UPDATED,"{'CASH': -12554660, 'JPM': 216}"
2019-06-28 13:18:00.000000000,BID_DEPTH,"[(100408, 116)]"
2019-06-28 13:18:00.000000000,ASK_DEPTH,"[(100645, 196)]"
2019-06-28 13:18:00.000000000,IMBALANCE,"[116, 196]"
2019-06-28 13:18:00.000000000,HOLDINGS_UPDATED,"{'CASH': -11952212, 'JPM': 210}"
2019-06-28 13:19:00.000000000,BID_DEPTH,"[(99536, 405)]"
2019-06-28 13:19:00.000000000,ASK_DEPTH,"[(100645, 485)]"
2019-06-28 13:19:00.000000000,IMBALANCE,"[405, 485]"
2019-06-28 13:19:00.000000000,HOLDINGS_UPDATED,"{'CASH': -11354996, 'JPM': 204}"
2019-06-28 13:20:00.000000000,BID_DEPTH,"[(100637, 212)]"
2019-06-28 13:20:00.000000000,ASK_DEPTH,"[(100645, 292)]"
2019-06-28 13:20:00.000000000,IMBALANCE,"[212, 292]"
2019-06-28 13:20:00.000000000,HOLDINGS_UPDATED,"{'CASH': -10751174, 'JPM': 198}"
2019-06-28 13:21:00.000000000,BID_DEPTH,"[(100637, 212)]"
2019-06-28 13:21:00.000000000,ASK_DEPTH,"[(100645, 292)]"
2019-06-28 13:21:00.000000000,IMBALANCE,"[212, 292]"
2019-06-28 13:21:00.000000000,HOLDINGS_UPDATED,"{'CASH': -10147352, 'JPM': 192}"
2019-06-28 13:22:00.000000000,BID_DEPTH,"[(100099, 116)]"
2019-06-28 13:22:00.000000000,ASK_DEPTH,"[(100653, 196)]"
2019-06-28 13:22:00.000000000,IMBALANCE,"[116, 196]"
2019-06-28 13:22:00.000000000,HOLDINGS_UPDATED,"{'CASH': -9546758, 'JPM': 186}"
2019-06-28 13:23:00.000000000,BID_DEPTH,"[(100353, 151)]"
2019-06-28 13:23:00.000000000,ASK_DEPTH,"[(100653, 231)]"
2019-06-28 13:23:00.000000000,IMBALANCE,"[151, 231]"
2019-06-28 13:23:00.000000000,HOLDINGS_UPDATED,"{'CASH': -8944640, 'JPM': 180}"
2019-06-28 13:24:00.000000000,BID_DEPTH,"[(100196, 116)]"
2019-06-28 13:24:00.000000000,ASK_DEPTH,"[(100662, 196)]"
2019-06-28 13:24:00.000000000,IMBALANCE,"[116, 196]"
2019-06-28 13:24:00.000000000,HOLDINGS_UPDATED,"{'CASH': -8343464, 'JPM': 174}"
2019-06-28 13:25:00.000000000,BID_DEPTH,"[(100099, 97)]"
2019-06-28 13:25:00.000000000,ASK_DEPTH,"[(100196, 177)]"
2019-06-28 13:25:00.000000000,IMBALANCE,"[97, 177]"
2019-06-28 13:25:00.000000000,HOLDINGS_UPDATED,"{'CASH': -7742870, 'JPM': 168}"
2019-06-28 13:26:00.000000000,BID_DEPTH,"[(99460, 405)]"
2019-06-28 13:26:00.000000000,ASK_DEPTH,"[(100099, 429)]"
2019-06-28 13:26:00.000000000,IMBALANCE,"[405, 429]"
2019-06-28 13:26:00.000000000,HOLDINGS_UPDATED,"{'CASH': -7146110, 'JPM': 162}"
2019-06-28 13:27:00.000000000,BID_DEPTH,"[(99572, 212)]"
2019-06-28 13:27:00.000000000,ASK_DEPTH,"[(100099, 236)]"
2019-06-28 13:27:00.000000000,IMBALANCE,"[212, 236]"
2019-06-28 13:27:00.000000000,HOLDINGS_UPDATED,"{'CASH': -6548678, 'JPM': 156}"
2019-06-28 13:28:00.000000000,BID_DEPTH,"[(99579, 116)]"
2019-06-28 13:28:00.000000000,ASK_DEPTH,"[(100099, 140)]"
2019-06-28 13:28:00.000000000,IMBALANCE,"[116, 140]"
2019-06-28 13:28:00.000000000,HOLDINGS_UPDATED,"{'CASH': -5951204, 'JPM': 150}"
2019-06-28 13:29:00.000000000,BID_DEPTH,"[(99210, 405)]"
2019-06-28 13:29:00.000000000,ASK_DEPTH,"[(99307, 389)]"
2019-06-28 13:29:00.000000000,IMBALANCE,"[405, 389]"
2019-06-28 13:29:00.000000000,HOLDINGS_UPDATED,"{'CASH': -5355944, 'JPM': 144}"
2019-06-28 13:30:00.000000000,BID_DEPTH,"[(98933, 151)]"
2019-06-28 13:30:00.000000000,ASK_DEPTH,"[(99307, 135)]"
2019-06-28 13:30:00.000000000,IMBALANCE,"[151, 135]"
2019-06-28 13:30:00.000000000,HOLDINGS_UPDATED,"{'CASH': -4762346, 'JPM': 138}"
2019-06-28 13:31:00.000000000,BID_DEPTH,[]
2019-06-28 13:31:00.000000000,ASK_DEPTH,"[(98638, 100)]"
2019-06-28 13:31:00.000000000,IMBALANCE,"[0, 100]"
2019-06-28 13:32:00.000000000,BID_DEPTH,"[(98933, 24)]"
2019-06-28 13:32:00.000000000,ASK_DEPTH,"[(99307, 100)]"
2019-06-28 13:32:00.000000000,IMBALANCE,"[24, 100]"
2019-06-28 13:32:00.000000000,HOLDINGS_UPDATED,"{'CASH': -4168748, 'JPM': 132}"
2019-06-28 13:33:00.000000000,BID_DEPTH,"[(98991, 151)]"
2019-06-28 13:33:00.000000000,ASK_DEPTH,"[(99307, 135)]"
2019-06-28 13:33:00.000000000,IMBALANCE,"[151, 135]"
2019-06-28 13:33:00.000000000,HOLDINGS_UPDATED,"{'CASH': -3574802, 'JPM': 126}"
2019-06-28 13:34:00.000000000,BID_DEPTH,"[(99093, 97)]"
2019-06-28 13:34:00.000000000,ASK_DEPTH,"[(99181, 177)]"
2019-06-28 13:34:00.000000000,IMBALANCE,"[97, 177]"
2019-06-28 13:34:00.000000000,HOLDINGS_UPDATED,"{'CASH': -2980244, 'JPM': 120}"
2019-06-28 13:35:00.000000000,BID_DEPTH,"[(99307, 370)]"
2019-06-28 13:35:00.000000000,ASK_DEPTH,"[(99548, 485)]"
2019-06-28 13:35:00.000000000,IMBALANCE,"[370, 485]"
2019-06-28 13:35:00.000000000,HOLDINGS_UPDATED,"{'CASH': -2384402, 'JPM': 114}"
2019-06-28 13:36:00.000000000,BID_DEPTH,"[(99308, 116)]"
2019-06-28 13:36:00.000000000,ASK_DEPTH,"[(99448, 196)]"
2019-06-28 13:36:00.000000000,IMBALANCE,"[116, 196]"
2019-06-28 13:36:00.000000000,HOLDINGS_UPDATED,"{'CASH': -1788554, 'JPM': 108}"
2019-06-28 13:37:00.000000000,BID_DEPTH,"[(99308, 5)]"
2019-06-28 13:37:00.000000000,ASK_DEPTH,"[(99448, 177)]"
2019-06-28 13:37:00.000000000,IMBALANCE,"[5, 177]"
2019-06-28 13:37:00.000000000,HOLDINGS_UPDATED,"{'CASH': -1292014, 'JPM': 103}"
2019-06-28 13:37:27.129965620,HOLDINGS_UPDATED,"{'CASH': -1192706, 'JPM': 102}"
2019-06-28 13:38:00.000000000,BID_DEPTH,"[(99308, 97)]"
2019-06-28 13:38:00.000000000,ASK_DEPTH,"[(99448, 177)]"
2019-06-28 13:38:00.000000000,IMBALANCE,"[97, 177]"
2019-06-28 13:38:00.000000000,HOLDINGS_UPDATED,"{'CASH': -596858, 'JPM': 96}"
2019-06-28 13:39:00.000000000,BID_DEPTH,"[(99307, 24)]"
2019-06-28 13:39:00.000000000,ASK_DEPTH,"[(100099, 140)]"
2019-06-28 13:39:00.000000000,IMBALANCE,"[24, 140]"
2019-06-28 13:39:00.000000000,HOLDINGS_UPDATED,"{'CASH': -1016, 'JPM': 90}"
2019-06-28 13:40:00.000000000,BID_DEPTH,"[(99307, 37)]"
2019-06-28 13:40:00.000000000,ASK_DEPTH,"[(100196, 196)]"
2019-06-28 13:40:00.000000000,IMBALANCE,"[37, 196]"
2019-06-28 13:40:00.000000000,HOLDINGS_UPDATED,"{'CASH': 594826, 'JPM': 84}"
2019-06-28 13:41:00.000000000,BID_DEPTH,"[(99307, 1)]"
2019-06-28 13:41:00.000000000,ASK_DEPTH,"[(100688, 177)]"
2019-06-28 13:41:00.000000000,IMBALANCE,"[1, 177]"
2019-06-28 13:41:00.000000000,HOLDINGS_UPDATED,"{'CASH': 694133, 'JPM': 83}"
2019-06-28 13:41:04.866215812,HOLDINGS_UPDATED,"{'CASH': 1190668, 'JPM': 78}"
2019-06-28 13:42:00.000000000,BID_DEPTH,"[(99307, 111)]"
2019-06-28 13:42:00.000000000,ASK_DEPTH,"[(100688, 196)]"
2019-06-28 13:42:00.000000000,IMBALANCE,"[111, 196]"
2019-06-28 13:42:00.000000000,HOLDINGS_UPDATED,"{'CASH': 1786510, 'JPM': 72}"
2019-06-28 13:43:00.000000000,BID_DEPTH,"[(99095, 378)]"
2019-06-28 13:43:00.000000000,ASK_DEPTH,"[(100775, 485)]"
2019-06-28 13:43:00.000000000,IMBALANCE,"[378, 485]"
2019-06-28 13:43:00.000000000,HOLDINGS_UPDATED,"{'CASH': 2381080, 'JPM': 66}"
2019-06-28 13:44:00.000000000,BID_DEPTH,"[(99095, 216)]"
2019-06-28 13:44:00.000000000,ASK_DEPTH,"[(100844, 196)]"
2019-06-28 13:44:00.000000000,IMBALANCE,"[216, 196]"
2019-06-28 13:44:00.000000000,HOLDINGS_UPDATED,"{'CASH': 2975650, 'JPM': 60}"
2019-06-28 13:45:00.000000000,BID_DEPTH,"[(99095, 312)]"
2019-06-28 13:45:00.000000000,ASK_DEPTH,"[(100958, 292)]"
2019-06-28 13:45:00.000000000,IMBALANCE,"[312, 292]"
2019-06-28 13:45:00.000000000,HOLDINGS_UPDATED,"{'CASH': 3570220, 'JPM': 54}"
2019-06-28 13:46:00.000000000,BID_DEPTH,"[(100701, 151)]"
2019-06-28 13:46:00.000000000,ASK_DEPTH,"[(100908, 231)]"
2019-06-28 13:46:00.000000000,IMBALANCE,"[151, 231]"
2019-06-28 13:46:00.000000000,HOLDINGS_UPDATED,"{'CASH': 4174426, 'JPM': 48}"
2019-06-28 13:47:00.000000000,BID_DEPTH,"[(100564, 116)]"
2019-06-28 13:47:00.000000000,ASK_DEPTH,"[(100701, 196)]"
2019-06-28 13:47:00.000000000,IMBALANCE,"[116, 196]"
2019-06-28 13:47:00.000000000,HOLDINGS_UPDATED,"{'CASH': 4777810, 'JPM': 42}"
2019-06-28 13:48:00.000000000,BID_DEPTH,"[(100367, 97)]"
2019-06-28 13:48:00.000000000,ASK_DEPTH,"[(100393, 177)]"
2019-06-28 13:48:00.000000000,IMBALANCE,"[97, 177]"
2019-06-28 13:48:00.000000000,HOLDINGS_UPDATED,"{'CASH': 5380012, 'JPM': 36}"
2019-06-28 13:49:00.000000000,BID_DEPTH,"[(100131, 116)]"
2019-06-28 13:49:00.000000000,ASK_DEPTH,"[(100291, 196)]"
2019-06-28 13:49:00.000000000,IMBALANCE,"[116, 196]"
2019-06-28 13:49:00.000000000,HOLDINGS_UPDATED,"{'CASH': 5980798, 'JPM': 30}"
2019-06-28 13:50:00.000000000,BID_DEPTH,"[(100190, 212)]"
2019-06-28 13:50:00.000000000,ASK_DEPTH,"[(100367, 292)]"
2019-06-28 13:50:00.000000000,IMBALANCE,"[212, 292]"
2019-06-28 13:50:00.000000000,HOLDINGS_UPDATED,"{'CASH': 6581938, 'JPM': 24}"
2019-06-28 13:51:00.000000000,BID_DEPTH,"[(100043, 116)]"
2019-06-28 13:51:00.000000000,ASK_DEPTH,"[(100407, 196)]"
2019-06-28 13:51:00.000000000,IMBALANCE,"[116, 196]"
2019-06-28 13:51:00.000000000,HOLDINGS_UPDATED,"{'CASH': 7182196, 'JPM': 18}"
2019-06-28 13:52:00.000000000,BID_DEPTH,"[(99095, 191)]"
2019-06-28 13:52:00.000000000,ASK_DEPTH,"[(100432, 292)]"
2019-06-28 13:52:00.000000000,IMBALANCE,"[191, 292]"
2019-06-28 13:52:00.000000000,HOLDINGS_UPDATED,"{'CASH': 7776766, 'JPM': 12}"
2019-06-28 13:53:00.000000000,BID_DEPTH,"[(99094, 209)]"
2019-06-28 13:53:00.000000000,ASK_DEPTH,"[(100432, 196)]"
2019-06-28 13:53:00.000000000,IMBALANCE,"[209, 196]"
2019-06-28 13:53:00.000000000,HOLDINGS_UPDATED,"{'CASH': 8272236, 'JPM': 7}"
2019-06-28 13:53:00.000000000,HOLDINGS_UPDATED,"{'CASH': 8371330, 'JPM': 6}"
2019-06-28 13:54:00.000000000,BID_DEPTH,"[(100319, 212)]"
2019-06-28 13:54:00.000000000,ASK_DEPTH,"[(100432, 292)]"
2019-06-28 13:54:00.000000000,IMBALANCE,"[212, 292]"
2019-06-28 13:54:00.000000000,HOLDINGS_UPDATED,{'CASH': 8973244}
2019-06-28 13:55:00.000000000,BID_DEPTH,"[(100277, 116)]"
2019-06-28 13:55:00.000000000,ASK_DEPTH,"[(100432, 196)]"
2019-06-28 13:55:00.000000000,IMBALANCE,"[116, 196]"
2019-06-28 13:55:00.000000000,HOLDINGS_UPDATED,"{'CASH': 9574906, 'JPM': -6}"
2019-06-28 13:56:00.000000000,BID_DEPTH,"[(100410, 116)]"
2019-06-28 13:56:00.000000000,ASK_DEPTH,"[(100432, 196)]"
2019-06-28 13:56:00.000000000,IMBALANCE,"[116, 196]"
2019-06-28 13:56:00.000000000,HOLDINGS_UPDATED,"{'CASH': 10177366, 'JPM': -12}"
2019-06-28 13:57:00.000000000,BID_DEPTH,"[(99951, 231)]"
2019-06-28 13:57:00.000000000,ASK_DEPTH,"[(100084, 151)]"
2019-06-28 13:57:00.000000000,IMBALANCE,"[231, 151]"
2019-06-28 13:57:00.000000000,HOLDINGS_UPDATED,"{'CASH': 9576862, 'JPM': -6}"
2019-06-28 13:58:00.000000000,BID_DEPTH,"[(99939, 177)]"
2019-06-28 13:58:00.000000000,ASK_DEPTH,"[(100021, 97)]"
2019-06-28 13:58:00.000000000,IMBALANCE,"[177, 97]"
2019-06-28 13:58:00.000000000,HOLDINGS_UPDATED,{'CASH': 8976736}
2019-06-28 13:59:00.000000000,BID_DEPTH,"[(99939, 485)]"
2019-06-28 13:59:00.000000000,ASK_DEPTH,"[(100041, 405)]"
2019-06-28 13:59:00.000000000,IMBALANCE,"[485, 405]"
2019-06-28 13:59:00.000000000,HOLDINGS_UPDATED,"{'CASH': 8376490, 'JPM': 6}"
2019-06-28 14:00:00.000000000,BID_DEPTH,"[(99526, 231)]"
2019-06-28 14:00:00.000000000,ASK_DEPTH,"[(100084, 65)]"
2019-06-28 14:00:00.000000000,IMBALANCE,"[231, 65]"
2019-06-28 14:00:00.000000000,HOLDINGS_UPDATED,"{'CASH': 7775986, 'JPM': 12}"
2019-06-28 14:01:00.000000000,BID_DEPTH,"[(99914, 177)]"
2019-06-28 14:01:00.000000000,ASK_DEPTH,"[(100009, 97)]"
2019-06-28 14:01:00.000000000,IMBALANCE,"[177, 97]"
2019-06-28 14:01:00.000000000,HOLDINGS_UPDATED,"{'CASH': 7175932, 'JPM': 18}"
2019-06-28 14:02:00.000000000,BID_DEPTH,"[(100059, 231)]"
2019-06-28 14:02:00.000000000,ASK_DEPTH,"[(100084, 151)]"
2019-06-28 14:02:00.000000000,IMBALANCE,"[231, 151]"
2019-06-28 14:02:00.000000000,HOLDINGS_UPDATED,"{'CASH': 6575428, 'JPM': 24}"
2019-06-28 14:03:00.000000000,BID_DEPTH,"[(99959, 196)]"
2019-06-28 14:03:00.000000000,ASK_DEPTH,"[(100059, 20)]"
2019-06-28 14:03:00.000000000,IMBALANCE,"[196, 20]"
2019-06-28 14:03:00.000000000,HOLDINGS_UPDATED,"{'CASH': 5975074, 'JPM': 30}"
2019-06-28 14:04:00.000000000,BID_DEPTH,"[(99978, 485)]"
2019-06-28 14:04:00.000000000,ASK_DEPTH,"[(100054, 405)]"
2019-06-28 14:04:00.000000000,IMBALANCE,"[485, 405]"
2019-06-28 14:04:00.000000000,HOLDINGS_UPDATED,"{'CASH': 5374750, 'JPM': 36}"
2019-06-28 14:05:00.000000000,BID_DEPTH,"[(99978, 177)]"
2019-06-28 14:05:00.000000000,ASK_DEPTH,"[(100149, 97)]"
2019-06-28 14:05:00.000000000,IMBALANCE,"[177, 97]"
2019-06-28 14:05:00.000000000,HOLDINGS_UPDATED,"{'CASH': 4773856, 'JPM': 42}"
2019-06-28 14:06:00.000000000,BID_DEPTH,"[(100149, 485)]"
2019-06-28 14:06:00.000000000,ASK_DEPTH,"[(100180, 405)]"
2019-06-28 14:06:00.000000000,IMBALANCE,"[485, 405]"
2019-06-28 14:06:00.000000000,HOLDINGS_UPDATED,"{'CASH': 4172776, 'JPM': 48}"
2019-06-28 14:07:00.000000000,BID_DEPTH,"[(99936, 196)]"
2019-06-28 14:07:00.000000000,ASK_DEPTH,"[(100196, 116)]"
2019-06-28 14:07:00.000000000,IMBALANCE,"[196, 116]"
2019-06-28 14:07:00.000000000,HOLDINGS_UPDATED,"{'CASH': 3571600, 'JPM': 54}"
2019-06-28 14:08:00.000000000,BID_DEPTH,"[(99914, 177)]"
2019-06-28 14:08:00.000000000,ASK_DEPTH,"[(100372, 97)]"
2019-06-28 14:08:00.000000000,IMBALANCE,"[177, 97]"
2019-06-28 14:08:00.000000000,HOLDINGS_UPDATED,"{'CASH': 2969368, 'JPM': 60}"
2019-06-28 14:09:00.000000000,BID_DEPTH,"[(99880, 196)]"
2019-06-28 14:09:00.000000000,ASK_DEPTH,"[(100372, 116)]"
2019-06-28 14:09:00.000000000,IMBALANCE,"[196, 116]"
2019-06-28 14:09:00.000000000,HOLDINGS_UPDATED,"{'CASH': 2367136, 'JPM': 66}"
2019-06-28 14:10:00.000000000,BID_DEPTH,"[(99880, 231)]"
2019-06-28 14:10:00.000000000,ASK_DEPTH,"[(100049, 151)]"
2019-06-28 14:10:00.000000000,IMBALANCE,"[231, 151]"
2019-06-28 14:10:00.000000000,HOLDINGS_UPDATED,"{'CASH': 1766842, 'JPM': 72}"
2019-06-28 14:11:00.000000000,BID_DEPTH,"[(99880, 292)]"
2019-06-28 14:11:00.000000000,ASK_DEPTH,"[(99930, 212)]"
2019-06-28 14:11:00.000000000,IMBALANCE,"[292, 212]"
2019-06-28 14:11:00.000000000,HOLDINGS_UPDATED,"{'CASH': 1167262, 'JPM': 78}"
2019-06-28 14:12:00.000000000,BID_DEPTH,"[(99751, 292)]"
2019-06-28 14:12:00.000000000,ASK_DEPTH,"[(99864, 212)]"
2019-06-28 14:12:00.000000000,IMBALANCE,"[292, 212]"
2019-06-28 14:12:00.000000000,HOLDINGS_UPDATED,"{'CASH': 568078, 'JPM': 84}"
2019-06-28 14:13:00.000000000,BID_DEPTH,"[(99864, 196)]"
2019-06-28 14:13:00.000000000,ASK_DEPTH,"[(99953, 116)]"
2019-06-28 14:13:00.000000000,IMBALANCE,"[196, 116]"
2019-06-28 14:13:00.000000000,HOLDINGS_UPDATED,"{'CASH': -31640, 'JPM': 90}"
2019-06-28 14:14:00.000000000,BID_DEPTH,"[(99953, 392)]"
2019-06-28 14:14:00.000000000,ASK_DEPTH,"[(100049, 212)]"
2019-06-28 14:14:00.000000000,IMBALANCE,"[392, 212]"
2019-06-28 14:14:00.000000000,HOLDINGS_UPDATED,"{'CASH': -631934, 'JPM': 96}"
2019-06-28 14:15:00.000000000,BID_DEPTH,"[(100092, 196)]"
2019-06-28 14:15:00.000000000,ASK_DEPTH,"[(100291, 116)]"
2019-06-28 14:15:00.000000000,IMBALANCE,"[196, 116]"
2019-06-28 14:15:00.000000000,HOLDINGS_UPDATED,"{'CASH': -1233680, 'JPM': 102}"
2019-06-28 14:16:00.000000000,BID_DEPTH,"[(100064, 196)]"
2019-06-28 14:16:00.000000000,ASK_DEPTH,"[(100316, 116)]"
2019-06-28 14:16:00.000000000,IMBALANCE,"[196, 116]"
2019-06-28 14:16:00.000000000,HOLDINGS_UPDATED,"{'CASH': -1835576, 'JPM': 108}"
2019-06-28 14:17:00.000000000,BID_DEPTH,"[(99996, 177)]"
2019-06-28 14:17:00.000000000,ASK_DEPTH,"[(100329, 97)]"
2019-06-28 14:17:00.000000000,IMBALANCE,"[177, 97]"
2019-06-28 14:17:00.000000000,HOLDINGS_UPDATED,"{'CASH': -2437550, 'JPM': 114}"
2019-06-28 14:18:00.000000000,BID_DEPTH,"[(100069, 196)]"
2019-06-28 14:18:00.000000000,ASK_DEPTH,"[(100349, 116)]"
2019-06-28 14:18:00.000000000,IMBALANCE,"[196, 116]"
2019-06-28 14:18:00.000000000,HOLDINGS_UPDATED,"{'CASH': -3039644, 'JPM': 120}"
2019-06-28 14:19:00.000000000,BID_DEPTH,"[(100349, 102)]"
2019-06-28 14:19:00.000000000,ASK_DEPTH,"[(100372, 197)]"
2019-06-28 14:19:00.000000000,IMBALANCE,"[102, 197]"
2019-06-28 14:19:00.000000000,HOLDINGS_UPDATED,"{'CASH': -3641876, 'JPM': 126}"
2019-06-28 14:20:00.000000000,BID_DEPTH,"[(100349, 102)]"
2019-06-28 14:20:00.000000000,ASK_DEPTH,"[(100439, 97)]"
2019-06-28 14:20:00.000000000,IMBALANCE,"[102, 97]"
2019-06-28 14:20:00.000000000,HOLDINGS_UPDATED,"{'CASH': -4244510, 'JPM': 132}"
2019-06-28 14:21:00.000000000,BID_DEPTH,"[(100349, 121)]"
2019-06-28 14:21:00.000000000,ASK_DEPTH,"[(100473, 116)]"
2019-06-28 14:21:00.000000000,IMBALANCE,"[121, 116]"
2019-06-28 14:21:00.000000000,HOLDINGS_UPDATED,"{'CASH': -4847348, 'JPM': 138}"
2019-06-28 14:22:00.000000000,BID_DEPTH,"[(100701, 123)]"
2019-06-28 14:22:00.000000000,ASK_DEPTH,[]
2019-06-28 14:22:00.000000000,IMBALANCE,"[123, 0]"
2019-06-28 14:23:00.000000000,BID_DEPTH,"[(100701, 123)]"
2019-06-28 14:23:00.000000000,ASK_DEPTH,[]
2019-06-28 14:23:00.000000000,IMBALANCE,"[123, 0]"
2019-06-28 14:24:00.000000000,BID_DEPTH,"[(100701, 508)]"
2019-06-28 14:24:00.000000000,ASK_DEPTH,"[(101375, 405)]"
2019-06-28 14:24:00.000000000,IMBALANCE,"[508, 405]"
2019-06-28 14:24:00.000000000,HOLDINGS_UPDATED,"{'CASH': -5455598, 'JPM': 144}"
2019-06-28 14:25:00.000000000,BID_DEPTH,"[(101203, 485)]"
2019-06-28 14:25:00.000000000,ASK_DEPTH,"[(101371, 405)]"
2019-06-28 14:25:00.000000000,IMBALANCE,"[485, 405]"
2019-06-28 14:25:00.000000000,HOLDINGS_UPDATED,"{'CASH': -6063824, 'JPM': 150}"
2019-06-28 14:26:00.000000000,BID_DEPTH,"[(101129, 231)]"
2019-06-28 14:26:00.000000000,ASK_DEPTH,"[(101371, 59)]"
2019-06-28 14:26:00.000000000,IMBALANCE,"[231, 59]"
2019-06-28 14:26:00.000000000,HOLDINGS_UPDATED,"{'CASH': -6672050, 'JPM': 156}"
2019-06-28 14:27:00.000000000,BID_DEPTH,"[(101097, 485)]"
2019-06-28 14:27:00.000000000,ASK_DEPTH,"[(101371, 313)]"
2019-06-28 14:27:00.000000000,IMBALANCE,"[485, 313]"
2019-06-28 14:27:00.000000000,HOLDINGS_UPDATED,"{'CASH': -7280276, 'JPM': 162}"
2019-06-28 14:28:00.000000000,BID_DEPTH,"[(100888, 177)]"
2019-06-28 14:28:00.000000000,ASK_DEPTH,"[(101371, 105)]"
2019-06-28 14:28:00.000000000,IMBALANCE,"[177, 105]"
2019-06-28 14:28:00.000000000,HOLDINGS_UPDATED,"{'CASH': -7888502, 'JPM': 168}"
2019-06-28 14:29:00.000000000,BID_DEPTH,"[(100888, 485)]"
2019-06-28 14:29:00.000000000,ASK_DEPTH,"[(101371, 413)]"
2019-06-28 14:29:00.000000000,IMBALANCE,"[485, 413]"
2019-06-28 14:29:00.000000000,HOLDINGS_UPDATED,"{'CASH': -8496728, 'JPM': 174}"
2019-06-28 14:30:00.000000000,BID_DEPTH,"[(100701, 154)]"
2019-06-28 14:30:00.000000000,ASK_DEPTH,"[(101370, 151)]"
2019-06-28 14:30:00.000000000,IMBALANCE,"[154, 151]"
2019-06-28 14:30:00.000000000,HOLDINGS_UPDATED,"{'CASH': -9104948, 'JPM': 180}"
2019-06-28 14:31:00.000000000,BID_DEPTH,"[(100602, 177)]"
2019-06-28 14:31:00.000000000,ASK_DEPTH,"[(101369, 97)]"
2019-06-28 14:31:00.000000000,IMBALANCE,"[177, 97]"
2019-06-28 14:31:00.000000000,HOLDINGS_UPDATED,"{'CASH': -9713162, 'JPM': 186}"
2019-06-28 14:32:00.000000000,BID_DEPTH,"[(100273, 196)]"
2019-06-28 14:32:00.000000000,ASK_DEPTH,"[(101369, 24)]"
2019-06-28 14:32:00.000000000,IMBALANCE,"[196, 24]"
2019-06-28 14:32:00.000000000,HOLDINGS_UPDATED,"{'CASH': -10321376, 'JPM': 192}"
2019-06-28 14:33:00.000000000,BID_DEPTH,"[(100549, 196)]"
2019-06-28 14:33:00.000000000,ASK_DEPTH,"[(100725, 116)]"
2019-06-28 14:33:00.000000000,IMBALANCE,"[196, 116]"
2019-06-28 14:33:00.000000000,HOLDINGS_UPDATED,"{'CASH': -10925726, 'JPM': 198}"
2019-06-28 14:34:00.000000000,BID_DEPTH,"[(100549, 177)]"
2019-06-28 14:34:00.000000000,ASK_DEPTH,"[(101370, 5)]"
2019-06-28 14:34:00.000000000,IMBALANCE,"[177, 5]"
2019-06-28 14:34:00.000000000,HOLDINGS_UPDATED,"{'CASH': -11432576, 'JPM': 203}"
2019-06-28 14:35:00.000000000,BID_DEPTH,"[(101370, 193)]"
2019-06-28 14:35:00.000000000,ASK_DEPTH,"[(101371, 220)]"
2019-06-28 14:35:00.000000000,IMBALANCE,"[193, 220]"
2019-06-28 14:35:00.000000000,HOLDINGS_UPDATED,"{'CASH': -12040802, 'JPM': 209}"
2019-06-28 14:35:05.107535303,HOLDINGS_UPDATED,"{'CASH': -12142172, 'JPM': 210}"
2019-06-28 14:36:00.000000000,BID_DEPTH,"[(100812, 485)]"
2019-06-28 14:36:00.000000000,ASK_DEPTH,"[(101370, 405)]"
2019-06-28 14:36:00.000000000,IMBALANCE,"[485, 405]"
2019-06-28 14:36:00.000000000,HOLDINGS_UPDATED,"{'CASH': -12750392, 'JPM': 216}"
2019-06-28 14:37:00.000000000,BID_DEPTH,"[(100812, 177)]"
2019-06-28 14:37:00.000000000,ASK_DEPTH,"[(100965, 97)]"
2019-06-28 14:37:00.000000000,IMBALANCE,"[177, 97]"
2019-06-28 14:37:00.000000000,HOLDINGS_UPDATED,"{'CASH': -13356182, 'JPM': 222}"
2019-06-28 14:38:00.000000000,BID_DEPTH,"[(100778, 231)]"
2019-06-28 14:38:00.000000000,ASK_DEPTH,"[(100965, 151)]"
2019-06-28 14:38:00.000000000,IMBALANCE,"[231, 151]"
2019-06-28 14:38:00.000000000,HOLDINGS_UPDATED,"{'CASH': -13961972, 'JPM': 228}"
2019-06-28 14:39:00.000000000,BID_DEPTH,"[(100778, 231)]"
2019-06-28 14:39:00.000000000,ASK_DEPTH,"[(100977, 151)]"
2019-06-28 14:39:00.000000000,IMBALANCE,"[231, 151]"
2019-06-28 14:39:00.000000000,HOLDINGS_UPDATED,"{'CASH': -14567834, 'JPM': 234}"
2019-06-28 14:40:00.000000000,BID_DEPTH,"[(100747, 485)]"
2019-06-28 14:40:00.000000000,ASK_DEPTH,"[(101013, 405)]"
2019-06-28 14:40:00.000000000,IMBALANCE,"[485, 405]"
2019-06-28 14:40:00.000000000,HOLDINGS_UPDATED,"{'CASH': -15173912, 'JPM': 240}"
2019-06-28 14:41:00.000000000,BID_DEPTH,"[(100911, 177)]"
2019-06-28 14:41:00.000000000,ASK_DEPTH,"[(100930, 97)]"
2019-06-28 14:41:00.000000000,IMBALANCE,"[177, 97]"
2019-06-28 14:41:00.000000000,HOLDINGS_UPDATED,"{'CASH': -15779492, 'JPM': 246}"
2019-06-28 14:42:00.000000000,BID_DEPTH,"[(100911, 177)]"
2019-06-28 14:42:00.000000000,ASK_DEPTH,"[(100930, 97)]"
2019-06-28 14:42:00.000000000,IMBALANCE,"[177, 97]"
2019-06-28 14:42:00.000000000,HOLDINGS_UPDATED,"{'CASH': -16385072, 'JPM': 252}"
2019-06-28 14:43:00.000000000,BID_DEPTH,"[(100922, 231)]"
2019-06-28 14:43:00.000000000,ASK_DEPTH,"[(100994, 151)]"
2019-06-28 14:43:00.000000000,IMBALANCE,"[231, 151]"
2019-06-28 14:43:00.000000000,HOLDINGS_UPDATED,"{'CASH': -16991036, 'JPM': 258}"
2019-06-28 14:44:00.000000000,BID_DEPTH,"[(100922, 177)]"
2019-06-28 14:44:00.000000000,ASK_DEPTH,"[(101013, 97)]"
2019-06-28 14:44:00.000000000,IMBALANCE,"[177, 97]"
2019-06-28 14:44:00.000000000,HOLDINGS_UPDATED,"{'CASH': -17597114, 'JPM': 264}"
2019-06-28 14:45:00.000000000,BID_DEPTH,"[(100747, 177)]"
2019-06-28 14:45:00.000000000,ASK_DEPTH,"[(101371, 5)]"
2019-06-28 14:45:00.000000000,IMBALANCE,"[177, 5]"
2019-06-28 14:45:00.000000000,HOLDINGS_UPDATED,"{'CASH': -18103969, 'JPM': 269}"
2019-06-28 14:46:00.000000000,BID_DEPTH,"[(101371, 386)]"
2019-06-28 14:46:00.000000000,ASK_DEPTH,"[(101375, 713)]"
2019-06-28 14:46:00.000000000,IMBALANCE,"[386, 713]"
2019-06-28 14:46:00.000000000,HOLDINGS_UPDATED,"{'CASH': -18712219, 'JPM': 275}"
2019-06-28 14:47:00.000000000,BID_DEPTH,"[(101371, 97)]"
2019-06-28 14:47:00.000000000,ASK_DEPTH,"[(101375, 511)]"
2019-06-28 14:47:00.000000000,IMBALANCE,"[97, 511]"
2019-06-28 14:47:00.000000000,HOLDINGS_UPDATED,"{'CASH': -19320469, 'JPM': 281}"
2019-06-28 14:47:18.537294354,HOLDINGS_UPDATED,"{'CASH': -19421840, 'JPM': 282}"
2019-06-28 14:48:00.000000000,BID_DEPTH,"[(100747, 292)]"
2019-06-28 14:48:00.000000000,ASK_DEPTH,"[(101371, 115)]"
2019-06-28 14:48:00.000000000,IMBALANCE,"[292, 115]"
2019-06-28 14:48:00.000000000,HOLDINGS_UPDATED,"{'CASH': -20030066, 'JPM': 288}"
2019-06-28 14:49:00.000000000,BID_DEPTH,"[(100647, 196)]"
2019-06-28 14:49:00.000000000,ASK_DEPTH,"[(101375, 390)]"
2019-06-28 14:49:00.000000000,IMBALANCE,"[196, 390]"
2019-06-28 14:49:00.000000000,HOLDINGS_UPDATED,"{'CASH': -20638316, 'JPM': 294}"
2019-06-28 14:50:00.000000000,BID_DEPTH,"[(100600, 485)]"
2019-06-28 14:50:00.000000000,ASK_DEPTH,"[(101375, 658)]"
2019-06-28 14:50:00.000000000,IMBALANCE,"[485, 658]"
2019-06-28 14:50:00.000000000,HOLDINGS_UPDATED,"{'CASH': -21246566, 'JPM': 300}"
2019-06-28 14:51:00.000000000,BID_DEPTH,"[(100276, 231)]"
2019-06-28 14:51:00.000000000,ASK_DEPTH,"[(101374, 151)]"
2019-06-28 14:51:00.000000000,IMBALANCE,"[231, 151]"
2019-06-28 14:51:00.000000000,HOLDINGS_UPDATED,"{'CASH': -21854810, 'JPM': 306}"
2019-06-28 14:52:00.000000000,BID_DEPTH,"[(100211, 177)]"
2019-06-28 14:52:00.000000000,ASK_DEPTH,"[(101375, 229)]"
2019-06-28 14:52:00.000000000,IMBALANCE,"[177, 229]"
2019-06-28 14:52:00.000000000,HOLDINGS_UPDATED,"{'CASH': -22463060, 'JPM': 312}"
2019-06-28 14:53:00.000000000,BID_DEPTH,"[(100219, 485)]"
2019-06-28 14:53:00.000000000,ASK_DEPTH,"[(101374, 505)]"
2019-06-28 14:53:00.000000000,IMBALANCE,"[485, 505]"
2019-06-28 14:53:00.000000000,HOLDINGS_UPDATED,"{'CASH': -23071304, 'JPM': 318}"
2019-06-28 14:54:00.000000000,BID_DEPTH,"[(100163, 196)]"
2019-06-28 14:54:00.000000000,ASK_DEPTH,"[(100219, 116)]"
2019-06-28 14:54:00.000000000,IMBALANCE,"[196, 116]"
2019-06-28 14:54:00.000000000,HOLDINGS_UPDATED,"{'CASH': -23672618, 'JPM': 324}"
2019-06-28 14:55:00.000000000,BID_DEPTH,"[(100163, 196)]"
2019-06-28 14:55:00.000000000,ASK_DEPTH,"[(100277, 116)]"
2019-06-28 14:55:00.000000000,IMBALANCE,"[196, 116]"
2019-06-28 14:55:00.000000000,HOLDINGS_UPDATED,"{'CASH': -24274280, 'JPM': 330}"
2019-06-28 14:56:00.000000000,BID_DEPTH,"[(100157, 177)]"
2019-06-28 14:56:00.000000000,ASK_DEPTH,"[(100163, 101)]"
2019-06-28 14:56:00.000000000,IMBALANCE,"[177, 101]"
2019-06-28 14:56:00.000000000,HOLDINGS_UPDATED,"{'CASH': -24875258, 'JPM': 336}"
2019-06-28 14:57:00.000000000,BID_DEPTH,"[(99867, 292)]"
2019-06-28 14:57:00.000000000,ASK_DEPTH,"[(99951, 135)]"
2019-06-28 14:57:00.000000000,IMBALANCE,"[292, 135]"
2019-06-28 14:57:00.000000000,HOLDINGS_UPDATED,"{'CASH': -25474964, 'JPM': 342}"
2019-06-28 14:58:00.000000000,BID_DEPTH,"[(99697, 231)]"
2019-06-28 14:58:00.000000000,ASK_DEPTH,"[(99951, 251)]"
2019-06-28 14:58:00.000000000,IMBALANCE,"[231, 251]"
2019-06-28 14:58:00.000000000,HOLDINGS_UPDATED,"{'CASH': -26074670, 'JPM': 348}"
2019-06-28 14:59:00.000000000,BID_DEPTH,"[(99483, 485)]"
2019-06-28 14:59:00.000000000,ASK_DEPTH,"[(99951, 376)]"
2019-06-28 14:59:00.000000000,IMBALANCE,"[485, 376]"
2019-06-28 14:59:00.000000000,HOLDINGS_UPDATED,"{'CASH': -26674376, 'JPM': 354}"
2019-06-28 15:00:00.000000000,BID_DEPTH,"[(99483, 116)]"
2019-06-28 15:00:00.000000000,ASK_DEPTH,"[(99622, 196)]"
2019-06-28 15:00:00.000000000,IMBALANCE,"[116, 196]"
2019-06-28 15:00:00.000000000,HOLDINGS_UPDATED,"{'CASH': -26077478, 'JPM': 348}"
2019-06-28 15:01:00.000000000,BID_DEPTH,"[(99465, 97)]"
2019-06-28 15:01:00.000000000,ASK_DEPTH,"[(99504, 177)]"
2019-06-28 15:01:00.000000000,IMBALANCE,"[97, 177]"
2019-06-28 15:01:00.000000000,HOLDINGS_UPDATED,"{'CASH': -25480688, 'JPM': 342}"
2019-06-28 15:02:00.000000000,BID_DEPTH,"[(99465, 313)]"
2019-06-28 15:02:00.000000000,ASK_DEPTH,"[(99730, 485)]"
2019-06-28 15:02:00.000000000,IMBALANCE,"[313, 485]"
2019-06-28 15:02:00.000000000,HOLDINGS_UPDATED,"{'CASH': -24883898, 'JPM': 336}"
2019-06-28 15:03:00.000000000,BID_DEPTH,"[(100041, 151)]"
2019-06-28 15:03:00.000000000,ASK_DEPTH,"[(100153, 231)]"
2019-06-28 15:03:00.000000000,IMBALANCE,"[151, 231]"
2019-06-28 15:03:00.000000000,HOLDINGS_UPDATED,"{'CASH': -24283652, 'JPM': 330}"
2019-06-28 15:04:00.000000000,BID_DEPTH,"[(99646, 151)]"
2019-06-28 15:04:00.000000000,ASK_DEPTH,"[(100041, 331)]"
2019-06-28 15:04:00.000000000,IMBALANCE,"[151, 331]"
2019-06-28 15:04:00.000000000,HOLDINGS_UPDATED,"{'CASH': -23685776, 'JPM': 324}"
2019-06-28 15:05:00.000000000,BID_DEPTH,"[(99876, 97)]"
2019-06-28 15:05:00.000000000,ASK_DEPTH,"[(100041, 277)]"
2019-06-28 15:05:00.000000000,IMBALANCE,"[97, 277]"
2019-06-28 15:05:00.000000000,HOLDINGS_UPDATED,"{'CASH': -23086520, 'JPM': 318}"
2019-06-28 15:06:00.000000000,BID_DEPTH,"[(99876, 405)]"
2019-06-28 15:06:00.000000000,ASK_DEPTH,"[(100041, 585)]"
2019-06-28 15:06:00.000000000,IMBALANCE,"[405, 585]"
2019-06-28 15:06:00.000000000,HOLDINGS_UPDATED,"{'CASH': -22487264, 'JPM': 312}"
2019-06-28 15:07:00.000000000,BID_DEPTH,"[(99789, 97)]"
2019-06-28 15:07:00.000000000,ASK_DEPTH,"[(100007, 177)]"
2019-06-28 15:07:00.000000000,IMBALANCE,"[97, 177]"
2019-06-28 15:07:00.000000000,HOLDINGS_UPDATED,"{'CASH': -21888530, 'JPM': 306}"
2019-06-28 15:08:00.000000000,BID_DEPTH,"[(99973, 212)]"
2019-06-28 15:08:00.000000000,ASK_DEPTH,"[(100007, 292)]"
2019-06-28 15:08:00.000000000,IMBALANCE,"[212, 292]"
2019-06-28 15:08:00.000000000,HOLDINGS_UPDATED,"{'CASH': -21288692, 'JPM': 300}"
2019-06-28 15:09:00.000000000,BID_DEPTH,"[(99708, 405)]"
2019-06-28 15:09:00.000000000,ASK_DEPTH,"[(100007, 485)]"
2019-06-28 15:09:00.000000000,IMBALANCE,"[405, 485]"
2019-06-28 15:09:00.000000000,HOLDINGS_UPDATED,"{'CASH': -20690444, 'JPM': 294}"
2019-06-28 15:10:00.000000000,BID_DEPTH,"[(99708, 251)]"
2019-06-28 15:10:00.000000000,ASK_DEPTH,"[(100007, 231)]"
2019-06-28 15:10:00.000000000,IMBALANCE,"[251, 231]"
2019-06-28 15:10:00.000000000,HOLDINGS_UPDATED,"{'CASH': -20092196, 'JPM': 288}"
2019-06-28 15:11:00.000000000,BID_DEPTH,"[(99708, 230)]"
2019-06-28 15:11:00.000000000,ASK_DEPTH,"[(100043, 231)]"
2019-06-28 15:11:00.000000000,IMBALANCE,"[230, 231]"
2019-06-28 15:11:00.000000000,HOLDINGS_UPDATED,"{'CASH': -19493948, 'JPM': 282}"
2019-06-28 15:12:00.000000000,BID_DEPTH,"[(99708, 463)]"
2019-06-28 15:12:00.000000000,ASK_DEPTH,"[(100043, 485)]"
2019-06-28 15:12:00.000000000,IMBALANCE,"[463, 485]"
2019-06-28 15:12:00.000000000,HOLDINGS_UPDATED,"{'CASH': -18895700, 'JPM': 276}"
2019-06-28 15:13:00.000000000,BID_DEPTH,"[(99708, 88)]"
2019-06-28 15:13:00.000000000,ASK_DEPTH,"[(100163, 231)]"
2019-06-28 15:13:00.000000000,IMBALANCE,"[88, 231]"
2019-06-28 15:13:00.000000000,HOLDINGS_UPDATED,"{'CASH': -18297452, 'JPM': 270}"
2019-06-28 15:14:00.000000000,BID_DEPTH,"[(100130, 151)]"
2019-06-28 15:14:00.000000000,ASK_DEPTH,"[(100163, 231)]"
2019-06-28 15:14:00.000000000,IMBALANCE,"[151, 231]"
2019-06-28 15:14:00.000000000,HOLDINGS_UPDATED,"{'CASH': -17696672, 'JPM': 264}"
2019-06-28 15:15:00.000000000,BID_DEPTH,"[(99708, 97)]"
2019-06-28 15:15:00.000000000,ASK_DEPTH,"[(100167, 177)]"
2019-06-28 15:15:00.000000000,IMBALANCE,"[97, 177]"
2019-06-28 15:15:00.000000000,HOLDINGS_UPDATED,"{'CASH': -17098424, 'JPM': 258}"
2019-06-28 15:16:00.000000000,BID_DEPTH,"[(99708, 405)]"
2019-06-28 15:16:00.000000000,ASK_DEPTH,"[(100167, 485)]"
2019-06-28 15:16:00.000000000,IMBALANCE,"[405, 485]"
2019-06-28 15:16:00.000000000,HOLDINGS_UPDATED,"{'CASH': -16500176, 'JPM': 252}"
2019-06-28 15:17:00.000000000,BID_DEPTH,"[(99654, 116)]"
2019-06-28 15:17:00.000000000,ASK_DEPTH,"[(100282, 196)]"
2019-06-28 15:17:00.000000000,IMBALANCE,"[116, 196]"
2019-06-28 15:17:00.000000000,HOLDINGS_UPDATED,"{'CASH': -15902252, 'JPM': 246}"
2019-06-28 15:18:00.000000000,BID_DEPTH,"[(99465, 120)]"
2019-06-28 15:18:00.000000000,ASK_DEPTH,"[(100390, 292)]"
2019-06-28 15:18:00.000000000,IMBALANCE,"[120, 292]"
2019-06-28 15:18:00.000000000,HOLDINGS_UPDATED,"{'CASH': -15305462, 'JPM': 240}"
2019-06-28 15:19:00.000000000,BID_DEPTH,"[(99465, 212)]"
2019-06-28 15:19:00.000000000,ASK_DEPTH,"[(100414, 292)]"
2019-06-28 15:19:00.000000000,IMBALANCE,"[212, 292]"
2019-06-28 15:19:00.000000000,HOLDINGS_UPDATED,"{'CASH': -14708672, 'JPM': 234}"
2019-06-28 15:20:00.000000000,BID_DEPTH,"[(99465, 116)]"
2019-06-28 15:20:00.000000000,ASK_DEPTH,"[(100463, 196)]"
2019-06-28 15:20:00.000000000,IMBALANCE,"[116, 196]"
2019-06-28 15:20:00.000000000,HOLDINGS_UPDATED,"{'CASH': -14111882, 'JPM': 228}"
2019-06-28 15:21:00.000000000,BID_DEPTH,"[(100071, 151)]"
2019-06-28 15:21:00.000000000,ASK_DEPTH,"[(100463, 231)]"
2019-06-28 15:21:00.000000000,IMBALANCE,"[151, 231]"
2019-06-28 15:21:00.000000000,HOLDINGS_UPDATED,"{'CASH': -13511456, 'JPM': 222}"
2019-06-28 15:22:00.000000000,BID_DEPTH,"[(99988, 97)]"
2019-06-28 15:22:00.000000000,ASK_DEPTH,"[(100174, 177)]"
2019-06-28 15:22:00.000000000,IMBALANCE,"[97, 177]"
2019-06-28 15:22:00.000000000,HOLDINGS_UPDATED,"{'CASH': -12911528, 'JPM': 216}"
2019-06-28 15:23:00.000000000,BID_DEPTH,"[(99988, 116)]"
2019-06-28 15:23:00.000000000,ASK_DEPTH,"[(100174, 196)]"
2019-06-28 15:23:00.000000000,IMBALANCE,"[116, 196]"
2019-06-28 15:23:00.000000000,HOLDINGS_UPDATED,"{'CASH': -12311600, 'JPM': 210}"
2019-06-28 15:24:00.000000000,BID_DEPTH,"[(99988, 212)]"
2019-06-28 15:24:00.000000000,ASK_DEPTH,"[(100174, 292)]"
2019-06-28 15:24:00.000000000,IMBALANCE,"[212, 292]"
2019-06-28 15:24:00.000000000,HOLDINGS_UPDATED,"{'CASH': -11711672, 'JPM': 204}"
2019-06-28 15:25:00.000000000,BID_DEPTH,"[(99847, 405)]"
2019-06-28 15:25:00.000000000,ASK_DEPTH,"[(99864, 485)]"
2019-06-28 15:25:00.000000000,IMBALANCE,"[405, 485]"
2019-06-28 15:25:00.000000000,HOLDINGS_UPDATED,"{'CASH': -11112590, 'JPM': 198}"
2019-06-28 15:26:00.000000000,BID_DEPTH,"[(99470, 212)]"
2019-06-28 15:26:00.000000000,ASK_DEPTH,"[(99988, 292)]"
2019-06-28 15:26:00.000000000,IMBALANCE,"[212, 292]"
2019-06-28 15:26:00.000000000,HOLDINGS_UPDATED,"{'CASH': -10515770, 'JPM': 192}"
2019-06-28 15:27:00.000000000,BID_DEPTH,"[(99648, 212)]"
2019-06-28 15:27:00.000000000,ASK_DEPTH,"[(99988, 292)]"
2019-06-28 15:27:00.000000000,IMBALANCE,"[212, 292]"
2019-06-28 15:27:00.000000000,HOLDINGS_UPDATED,"{'CASH': -9917882, 'JPM': 186}"
2019-06-28 15:28:00.000000000,BID_DEPTH,"[(99879, 212)]"
2019-06-28 15:28:00.000000000,ASK_DEPTH,"[(99981, 292)]"
2019-06-28 15:28:00.000000000,IMBALANCE,"[212, 292]"
2019-06-28 15:28:00.000000000,HOLDINGS_UPDATED,"{'CASH': -9318608, 'JPM': 180}"
2019-06-28 15:29:00.000000000,BID_DEPTH,"[(99538, 116)]"
2019-06-28 15:29:00.000000000,ASK_DEPTH,"[(99879, 196)]"
2019-06-28 15:29:00.000000000,IMBALANCE,"[116, 196]"
2019-06-28 15:29:00.000000000,HOLDINGS_UPDATED,"{'CASH': -8721380, 'JPM': 174}"
2019-06-28 15:30:00.000000000,BID_DEPTH,"[(99465, 197)]"
2019-06-28 15:30:00.000000000,ASK_DEPTH,"[(99908, 177)]"
2019-06-28 15:30:00.000000000,IMBALANCE,"[197, 177]"
2019-06-28 15:30:00.000000000,HOLDINGS_UPDATED,"{'CASH': -8124590, 'JPM': 168}"
2019-06-28 15:31:00.000000000,BID_DEPTH,"[(99205, 151)]"
2019-06-28 15:31:00.000000000,ASK_DEPTH,"[(99270, 231)]"
2019-06-28 15:31:00.000000000,IMBALANCE,"[151, 231]"
2019-06-28 15:31:00.000000000,HOLDINGS_UPDATED,"{'CASH': -7529360, 'JPM': 162}"
2019-06-28 15:32:00.000000000,BID_DEPTH,"[(99419, 405)]"
2019-06-28 15:32:00.000000000,ASK_DEPTH,"[(99618, 485)]"
2019-06-28 15:32:00.000000000,IMBALANCE,"[405, 485]"
2019-06-28 15:32:00.000000000,HOLDINGS_UPDATED,"{'CASH': -6932846, 'JPM': 156}"
2019-06-28 15:33:00.000000000,BID_DEPTH,"[(99447, 212)]"
2019-06-28 15:33:00.000000000,ASK_DEPTH,"[(99817, 292)]"
2019-06-28 15:33:00.000000000,IMBALANCE,"[212, 292]"
2019-06-28 15:33:00.000000000,HOLDINGS_UPDATED,"{'CASH': -6336164, 'JPM': 150}"
2019-06-28 15:34:00.000000000,BID_DEPTH,"[(99205, 5)]"
2019-06-28 15:34:00.000000000,ASK_DEPTH,"[(99404, 177)]"
2019-06-28 15:34:00.000000000,IMBALANCE,"[5, 177]"
2019-06-28 15:34:00.000000000,HOLDINGS_UPDATED,"{'CASH': -5840139, 'JPM': 145}"
2019-06-28 15:35:00.000000000,BID_DEPTH,"[(99093, 24)]"
2019-06-28 15:35:00.000000000,ASK_DEPTH,"[(99180, 196)]"
2019-06-28 15:35:00.000000000,IMBALANCE,"[24, 196]"
2019-06-28 15:35:00.000000000,HOLDINGS_UPDATED,"{'CASH': -5245581, 'JPM': 139}"
2019-06-28 15:36:00.000000000,BID_DEPTH,"[(99182, 151)]"
2019-06-28 15:36:00.000000000,ASK_DEPTH,"[(99205, 132)]"
2019-06-28 15:36:00.000000000,IMBALANCE,"[151, 132]"
2019-06-28 15:36:00.000000000,HOLDINGS_UPDATED,"{'CASH': -4650489, 'JPM': 133}"
2019-06-28 15:37:00.000000000,BID_DEPTH,"[(99182, 120)]"
2019-06-28 15:37:00.000000000,ASK_DEPTH,"[(99205, 193)]"
2019-06-28 15:37:00.000000000,IMBALANCE,"[120, 193]"
2019-06-28 15:37:00.000000000,HOLDINGS_UPDATED,"{'CASH': -4055397, 'JPM': 127}"
2019-06-28 15:38:00.000000000,BID_DEPTH,"[(99093, 210)]"
2019-06-28 15:38:00.000000000,ASK_DEPTH,"[(99205, 193)]"
2019-06-28 15:38:00.000000000,IMBALANCE,"[210, 193]"
2019-06-28 15:38:00.000000000,HOLDINGS_UPDATED,"{'CASH': -3460839, 'JPM': 121}"
2019-06-28 15:39:00.000000000,BID_DEPTH,"[(99093, 159)]"
2019-06-28 15:39:00.000000000,ASK_DEPTH,"[(99205, 132)]"
2019-06-28 15:39:00.000000000,IMBALANCE,"[159, 132]"
2019-06-28 15:39:00.000000000,HOLDINGS_UPDATED,"{'CASH': -2866281, 'JPM': 115}"
2019-06-28 15:40:00.000000000,BID_DEPTH,"[(99093, 313)]"
2019-06-28 15:40:00.000000000,ASK_DEPTH,"[(99205, 386)]"
2019-06-28 15:40:00.000000000,IMBALANCE,"[313, 386]"
2019-06-28 15:40:00.000000000,HOLDINGS_UPDATED,"{'CASH': -2271723, 'JPM': 109}"
2019-06-28 15:40:10.174537744,HOLDINGS_UPDATED,"{'CASH': -2172518, 'JPM': 108}"
2019-06-28 15:41:00.000000000,BID_DEPTH,"[(99205, 327)]"
2019-06-28 15:41:00.000000000,ASK_DEPTH,"[(99389, 485)]"
2019-06-28 15:41:00.000000000,IMBALANCE,"[327, 485]"
2019-06-28 15:41:00.000000000,HOLDINGS_UPDATED,"{'CASH': -1577288, 'JPM': 102}"
2019-06-28 15:42:00.000000000,BID_DEPTH,"[(99093, 120)]"
2019-06-28 15:42:00.000000000,ASK_DEPTH,"[(99643, 292)]"
2019-06-28 15:42:00.000000000,IMBALANCE,"[120, 292]"
2019-06-28 15:42:00.000000000,HOLDINGS_UPDATED,"{'CASH': -982730, 'JPM': 96}"
2019-06-28 15:43:00.000000000,BID_DEPTH,"[(99093, 151)]"
2019-06-28 15:43:00.000000000,ASK_DEPTH,"[(99817, 231)]"
2019-06-28 15:43:00.000000000,IMBALANCE,"[151, 231]"
2019-06-28 15:43:00.000000000,HOLDINGS_UPDATED,"{'CASH': -388172, 'JPM': 90}"
2019-06-28 15:44:00.000000000,BID_DEPTH,"[(99023, 109)]"
2019-06-28 15:44:00.000000000,ASK_DEPTH,"[(99981, 196)]"
2019-06-28 15:44:00.000000000,IMBALANCE,"[109, 196]"
2019-06-28 15:44:00.000000000,HOLDINGS_UPDATED,"{'CASH': 106943, 'JPM': 85}"
2019-06-28 15:44:00.000000000,HOLDINGS_UPDATED,"{'CASH': 205966, 'JPM': 84}"
2019-06-28 15:45:00.000000000,BID_DEPTH,"[(98991, 120)]"
2019-06-28 15:45:00.000000000,ASK_DEPTH,"[(100195, 292)]"
2019-06-28 15:45:00.000000000,IMBALANCE,"[120, 292]"
2019-06-28 15:45:00.000000000,HOLDINGS_UPDATED,"{'CASH': 799912, 'JPM': 78}"
2019-06-28 15:46:00.000000000,BID_DEPTH,"[(98924, 405)]"
2019-06-28 15:46:00.000000000,ASK_DEPTH,"[(100248, 485)]"
2019-06-28 15:46:00.000000000,IMBALANCE,"[405, 485]"
2019-06-28 15:46:00.000000000,HOLDINGS_UPDATED,"{'CASH': 1393456, 'JPM': 72}"
2019-06-28 15:47:00.000000000,BID_DEPTH,"[(99662, 151)]"
2019-06-28 15:47:00.000000000,ASK_DEPTH,"[(100368, 231)]"
2019-06-28 15:47:00.000000000,IMBALANCE,"[151, 231]"
2019-06-28 15:47:00.000000000,HOLDINGS_UPDATED,"{'CASH': 1991428, 'JPM': 66}"
2019-06-28 15:48:00.000000000,BID_DEPTH,"[(99663, 116)]"
2019-06-28 15:48:00.000000000,ASK_DEPTH,"[(100368, 196)]"
2019-06-28 15:48:00.000000000,IMBALANCE,"[116, 196]"
2019-06-28 15:48:00.000000000,HOLDINGS_UPDATED,"{'CASH': 2589406, 'JPM': 60}"
2019-06-28 15:49:00.000000000,BID_DEPTH,"[(99192, 151)]"
2019-06-28 15:49:00.000000000,ASK_DEPTH,"[(99505, 231)]"
2019-06-28 15:49:00.000000000,IMBALANCE,"[151, 231]"
2019-06-28 15:49:00.000000000,HOLDINGS_UPDATED,"{'CASH': 3184558, 'JPM': 54}"
2019-06-28 15:50:00.000000000,BID_DEPTH,"[(100316, 97)]"
2019-06-28 15:50:00.000000000,ASK_DEPTH,"[(100580, 177)]"
2019-06-28 15:50:00.000000000,IMBALANCE,"[97, 177]"
2019-06-28 15:50:00.000000000,HOLDINGS_UPDATED,"{'CASH': 3786454, 'JPM': 48}"
2019-06-28 15:51:00.000000000,BID_DEPTH,"[(99192, 212)]"
2019-06-28 15:51:00.000000000,ASK_DEPTH,"[(100316, 444)]"
2019-06-28 15:51:00.000000000,IMBALANCE,"[212, 444]"
2019-06-28 15:51:00.000000000,HOLDINGS_UPDATED,"{'CASH': 4381606, 'JPM': 42}"
2019-06-28 15:52:00.000000000,BID_DEPTH,"[(99974, 212)]"
2019-06-28 15:52:00.000000000,ASK_DEPTH,"[(100316, 444)]"
2019-06-28 15:52:00.000000000,IMBALANCE,"[212, 444]"
2019-06-28 15:52:00.000000000,HOLDINGS_UPDATED,"{'CASH': 4981450, 'JPM': 36}"
2019-06-28 15:53:00.000000000,BID_DEPTH,"[(99958, 151)]"
2019-06-28 15:53:00.000000000,ASK_DEPTH,"[(100034, 231)]"
2019-06-28 15:53:00.000000000,IMBALANCE,"[151, 231]"
2019-06-28 15:53:00.000000000,HOLDINGS_UPDATED,"{'CASH': 5581198, 'JPM': 30}"
2019-06-28 15:54:00.000000000,BID_DEPTH,"[(98873, 120)]"
2019-06-28 15:54:00.000000000,ASK_DEPTH,"[(99586, 292)]"
2019-06-28 15:54:00.000000000,IMBALANCE,"[120, 292]"
2019-06-28 15:54:00.000000000,HOLDINGS_UPDATED,"{'CASH': 6174436, 'JPM': 24}"
2019-06-28 15:55:00.000000000,BID_DEPTH,"[(99267, 97)]"
2019-06-28 15:55:00.000000000,ASK_DEPTH,"[(99620, 177)]"
2019-06-28 15:55:00.000000000,IMBALANCE,"[97, 177]"
2019-06-28 15:55:00.000000000,HOLDINGS_UPDATED,"{'CASH': 6770038, 'JPM': 18}"
2019-06-28 15:56:00.000000000,BID_DEPTH,"[(99267, 116)]"
2019-06-28 15:56:00.000000000,ASK_DEPTH,"[(99710, 196)]"
2019-06-28 15:56:00.000000000,IMBALANCE,"[116, 196]"
2019-06-28 15:56:00.000000000,HOLDINGS_UPDATED,"{'CASH': 7365640, 'JPM': 12}"
2019-06-28 15:57:00.000000000,BID_DEPTH,"[(99610, 212)]"
2019-06-28 15:57:00.000000000,ASK_DEPTH,"[(99710, 292)]"
2019-06-28 15:57:00.000000000,IMBALANCE,"[212, 292]"
2019-06-28 15:57:00.000000000,HOLDINGS_UPDATED,"{'CASH': 7963300, 'JPM': 6}"
2019-06-28 15:58:00.000000000,BID_DEPTH,"[(99267, 151)]"
2019-06-28 15:58:00.000000000,ASK_DEPTH,"[(99568, 231)]"
2019-06-28 15:58:00.000000000,IMBALANCE,"[151, 231]"
2019-06-28 15:58:00.000000000,HOLDINGS_UPDATED,{'CASH': 8558902}
2019-06-28 15:59:00.000000000,BID_DEPTH,"[(99284, 405)]"
2019-06-28 15:59:00.000000000,ASK_DEPTH,"[(99610, 485)]"
2019-06-28 15:59:00.000000000,IMBALANCE,"[405, 485]"
2019-06-28 15:59:00.000000000,HOLDINGS_UPDATED,"{'CASH': 9154606, 'JPM': -6}"
2019-06-28 16:00:00.000000000,BID_DEPTH,"[(99199, 116)]"
2019-06-28 16:00:00.000000000,ASK_DEPTH,"[(99610, 196)]"
2019-06-28 16:00:00.000000000,IMBALANCE,"[116, 196]"
2019-06-28 16:00:00.000000000,HOLDINGS_UPDATED,"{'CASH': 9749800, 'JPM': -12}"
2019-06-28 16:01:00.000000000,BID_DEPTH,"[(99199, 75)]"
2019-06-28 16:01:00.000000000,ASK_DEPTH,"[(99610, 196)]"
2019-06-28 16:01:00.000000000,IMBALANCE,"[75, 196]"
2019-06-28 16:01:00.000000000,MKT_CLOSED,
2019-06-28 16:01:00.000000000,FINAL_HOLDINGS,"{ JPM: -12, CASH: 9749800 }"
2019-06-28 16:01:00.000000000,FINAL_CASH_POSITION,9749800
2019-06-28 16:01:00.000000000,MARK_TO_MARKET,-12 JPM @ 99199 == -1190388
2019-06-28 16:01:00.000000000,MARKED_TO_MARKET,8559412
2019-06-28 16:01:00.000000000,ENDING_CASH,8559412
