EventTime,EventType,Event
,AGENT_TYPE,MomentumAgent
,STARTING_CASH,10000000
2019-06-28 09:30:00,HOLDINGS_UPDATED,{'CASH': 10000000}
2019-06-28 09:31:00,BID_DEPTH,"[(100006, 566)]"
2019-06-28 09:31:00,ASK_DEPTH,"[(100017, 466)]"
2019-06-28 09:31:00,IMBALANCE,"[566, 466]"
2019-06-28 09:32:00,BID_DEPTH,"[(100006, 566)]"
2019-06-28 09:32:00,ASK_DEPTH,"[(100021, 466)]"
2019-06-28 09:32:00,IMBALANCE,"[566, 466]"
2019-06-28 09:33:00,BID_DEPTH,"[(100007, 192)]"
2019-06-28 09:33:00,ASK_DEPTH,"[(100025, 192)]"
2019-06-28 09:33:00,IMBALANCE,"[192, 192]"
2019-06-28 09:34:00,BID_DEPTH,"[(100017, 283)]"
2019-06-28 09:34:00,ASK_DEPTH,"[(100036, 283)]"
2019-06-28 09:34:00,IMBALANCE,"[283, 283]"
2019-06-28 09:35:00,BID_DEPTH,"[(100025, 466)]"
2019-06-28 09:35:00,ASK_DEPTH,"[(100072, 466)]"
2019-06-28 09:35:00,IMBALANCE,"[466, 466]"
2019-06-28 09:36:00,BID_DEPTH,"[(100036, 466)]"
2019-06-28 09:36:00,ASK_DEPTH,"[(100084, 466)]"
2019-06-28 09:36:00,IMBALANCE,"[466, 466]"
2019-06-28 09:37:00,BID_DEPTH,"[(100072, 192)]"
2019-06-28 09:37:00,ASK_DEPTH,"[(100097, 192)]"
2019-06-28 09:37:00,IMBALANCE,"[192, 192]"
2019-06-28 09:38:00,BID_DEPTH,"[(100120, 191)]"
2019-06-28 09:38:00,ASK_DEPTH,"[(100136, 283)]"
2019-06-28 09:38:00,IMBALANCE,"[191, 283]"
2019-06-28 09:39:00,BID_DEPTH,"[(100121, 224)]"
2019-06-28 09:39:00,ASK_DEPTH,"[(100123, 324)]"
2019-06-28 09:39:00,IMBALANCE,"[224, 324]"
2019-06-28 09:40:00,BID_DEPTH,"[(100121, 566)]"
2019-06-28 09:40:00,ASK_DEPTH,"[(100123, 466)]"
2019-06-28 09:40:00,IMBALANCE,"[566, 466]"
2019-06-28 09:41:00,BID_DEPTH,"[(100121, 292)]"
2019-06-28 09:41:00,ASK_DEPTH,"[(100136, 192)]"
2019-06-28 09:41:00,IMBALANCE,"[292, 192]"
2019-06-28 09:42:00,BID_DEPTH,"[(100123, 224)]"
2019-06-28 09:42:00,ASK_DEPTH,"[(100136, 224)]"
2019-06-28 09:42:00,IMBALANCE,"[224, 224]"
2019-06-28 09:43:00,BID_DEPTH,"[(100123, 466)]"
2019-06-28 09:43:00,ASK_DEPTH,"[(100196, 466)]"
2019-06-28 09:43:00,IMBALANCE,"[466, 466]"
2019-06-28 09:44:00,BID_DEPTH,"[(100139, 466)]"
2019-06-28 09:44:00,ASK_DEPTH,"[(100300, 466)]"
2019-06-28 09:44:00,IMBALANCE,"[466, 466]"
2019-06-28 09:45:00,BID_DEPTH,"[(100266, 283)]"
2019-06-28 09:45:00,ASK_DEPTH,"[(100407, 283)]"
2019-06-28 09:45:00,IMBALANCE,"[283, 283]"
2019-06-28 09:46:00,BID_DEPTH,"[(100266, 173)]"
2019-06-28 09:46:00,ASK_DEPTH,"[(100271, 173)]"
2019-06-28 09:46:00,IMBALANCE,"[173, 173]"
2019-06-28 09:47:00,BID_DEPTH,"[(100265, 283)]"
2019-06-28 09:47:00,ASK_DEPTH,"[(100407, 283)]"
2019-06-28 09:47:00,IMBALANCE,"[283, 283]"
2019-06-28 09:48:00,BID_DEPTH,"[(100196, 283)]"
2019-06-28 09:48:00,ASK_DEPTH,"[(100407, 283)]"
2019-06-28 09:48:00,IMBALANCE,"[283, 283]"
2019-06-28 09:49:00,BID_DEPTH,"[(100139, 173)]"
2019-06-28 09:49:00,ASK_DEPTH,"[(100196, 349)]"
2019-06-28 09:49:00,IMBALANCE,"[173, 349]"
2019-06-28 09:50:00,BID_DEPTH,"[(100121, 283)]"
2019-06-28 09:50:00,ASK_DEPTH,"[(100123, 191)]"
2019-06-28 09:50:00,IMBALANCE,"[283, 191]"
2019-06-28 09:51:00,BID_DEPTH,"[(100072, 224)]"
2019-06-28 09:51:00,ASK_DEPTH,"[(100123, 132)]"
2019-06-28 09:51:00,IMBALANCE,"[224, 132]"
2019-06-28 09:52:00,BID_DEPTH,"[(100036, 224)]"
2019-06-28 09:52:00,ASK_DEPTH,"[(100087, 224)]"
2019-06-28 09:52:00,IMBALANCE,"[224, 224]"
2019-06-28 09:53:00,BID_DEPTH,"[(100025, 224)]"
2019-06-28 09:53:00,ASK_DEPTH,"[(100087, 324)]"
2019-06-28 09:53:00,IMBALANCE,"[224, 324]"
2019-06-28 09:54:00,BID_DEPTH,"[(100025, 466)]"
2019-06-28 09:54:00,ASK_DEPTH,"[(100072, 466)]"
2019-06-28 09:54:00,IMBALANCE,"[466, 466]"
2019-06-28 09:55:00,BID_DEPTH,"[(100123, 143)]"
2019-06-28 09:55:00,ASK_DEPTH,"[(100196, 400)]"
2019-06-28 09:55:00,IMBALANCE,"[143, 400]"
2019-06-28 09:56:00,BID_DEPTH,"[(100123, 143)]"
2019-06-28 09:56:00,ASK_DEPTH,"[(100196, 400)]"
2019-06-28 09:56:00,IMBALANCE,"[143, 400]"
2019-06-28 09:57:00,BID_DEPTH,"[(100123, 111)]"
2019-06-28 09:57:00,ASK_DEPTH,"[(100196, 368)]"
2019-06-28 09:57:00,IMBALANCE,"[111, 368]"
2019-06-28 09:58:00,BID_DEPTH,"[(100123, 111)]"
2019-06-28 09:58:00,ASK_DEPTH,"[(100196, 268)]"
2019-06-28 09:58:00,IMBALANCE,"[111, 268]"
2019-06-28 09:59:00,BID_DEPTH,"[(100171, 466)]"
2019-06-28 09:59:00,ASK_DEPTH,"[(100196, 442)]"
2019-06-28 09:59:00,IMBALANCE,"[466, 442]"
2019-06-28 10:00:00,BID_DEPTH,"[(100171, 283)]"
2019-06-28 10:00:00,ASK_DEPTH,"[(100383, 283)]"
2019-06-28 10:00:00,IMBALANCE,"[283, 283]"
2019-06-28 10:01:00,BID_DEPTH,"[(100171, 192)]"
2019-06-28 10:01:00,ASK_DEPTH,"[(100383, 192)]"
2019-06-28 10:01:00,IMBALANCE,"[192, 192]"
2019-06-28 10:02:00,BID_DEPTH,"[(100311, 173)]"
2019-06-28 10:02:00,ASK_DEPTH,"[(100383, 173)]"
2019-06-28 10:02:00,IMBALANCE,"[173, 173]"
2019-06-28 10:03:00,BID_DEPTH,"[(100123, 143)]"
2019-06-28 10:03:00,ASK_DEPTH,"[(100195, 151)]"
2019-06-28 10:03:00,IMBALANCE,"[143, 151]"
2019-06-28 10:04:00,BID_DEPTH,"[(99998, 283)]"
2019-06-28 10:04:00,ASK_DEPTH,"[(100150, 283)]"
2019-06-28 10:04:00,IMBALANCE,"[283, 283]"
2019-06-28 10:05:00,BID_DEPTH,"[(99921, 192)]"
2019-06-28 10:05:00,ASK_DEPTH,"[(100025, 192)]"
2019-06-28 10:05:00,IMBALANCE,"[192, 192]"
2019-06-28 10:06:00,BID_DEPTH,"[(99921, 466)]"
2019-06-28 10:06:00,ASK_DEPTH,"[(100025, 566)]"
2019-06-28 10:06:00,IMBALANCE,"[466, 566]"
2019-06-28 10:07:00,BID_DEPTH,"[(99921, 466)]"
2019-06-28 10:07:00,ASK_DEPTH,"[(99933, 466)]"
2019-06-28 10:07:00,IMBALANCE,"[466, 466]"
2019-06-28 10:08:00,BID_DEPTH,"[(99875, 192)]"
2019-06-28 10:08:00,ASK_DEPTH,"[(99932, 292)]"
2019-06-28 10:08:00,IMBALANCE,"[192, 292]"
2019-06-28 10:09:00,BID_DEPTH,"[(99914, 283)]"
2019-06-28 10:09:00,ASK_DEPTH,"[(99932, 383)]"
2019-06-28 10:09:00,IMBALANCE,"[283, 383]"
2019-06-28 10:10:00,BID_DEPTH,"[(99848, 224)]"
2019-06-28 10:10:00,ASK_DEPTH,"[(99932, 324)]"
2019-06-28 10:10:00,IMBALANCE,"[224, 324]"
2019-06-28 10:11:00,BID_DEPTH,"[(99915, 173)]"
2019-06-28 10:11:00,ASK_DEPTH,"[(99947, 173)]"
2019-06-28 10:11:00,IMBALANCE,"[173, 173]"
2019-06-28 10:12:00,BID_DEPTH,"[(99932, 224)]"
2019-06-28 10:12:00,ASK_DEPTH,"[(99947, 224)]"
2019-06-28 10:12:00,IMBALANCE,"[224, 224]"
2019-06-28 10:13:00,BID_DEPTH,"[(99932, 173)]"
2019-06-28 10:13:00,ASK_DEPTH,"[(99947, 173)]"
2019-06-28 10:13:00,IMBALANCE,"[173, 173]"
2019-06-28 10:14:00,BID_DEPTH,"[(99915, 192)]"
2019-06-28 10:14:00,ASK_DEPTH,"[(99932, 119)]"
2019-06-28 10:14:00,IMBALANCE,"[192, 119]"
2019-06-28 10:15:00,BID_DEPTH,"[(99744, 192)]"
2019-06-28 10:15:00,ASK_DEPTH,"[(99915, 119)]"
2019-06-28 10:15:00,IMBALANCE,"[192, 119]"
2019-06-28 10:16:00,BID_DEPTH,"[(99628, 466)]"
2019-06-28 10:16:00,ASK_DEPTH,"[(99828, 466)]"
2019-06-28 10:16:00,IMBALANCE,"[466, 466]"
2019-06-28 10:17:00,BID_DEPTH,"[(99460, 466)]"
2019-06-28 10:17:00,ASK_DEPTH,"[(99744, 466)]"
2019-06-28 10:17:00,IMBALANCE,"[466, 466]"
2019-06-28 10:18:00,BID_DEPTH,"[(99399, 224)]"
2019-06-28 10:18:00,ASK_DEPTH,"[(99628, 224)]"
2019-06-28 10:18:00,IMBALANCE,"[224, 224]"
2019-06-28 10:19:00,BID_DEPTH,"[(99461, 283)]"
2019-06-28 10:19:00,ASK_DEPTH,"[(99723, 283)]"
2019-06-28 10:19:00,IMBALANCE,"[283, 283]"
2019-06-28 10:20:00,BID_DEPTH,"[(99653, 466)]"
2019-06-28 10:20:00,ASK_DEPTH,"[(99828, 466)]"
2019-06-28 10:20:00,IMBALANCE,"[466, 466]"
2019-06-28 10:21:00,BID_DEPTH,"[(99653, 243)]"
2019-06-28 10:21:00,ASK_DEPTH,"[(99847, 283)]"
2019-06-28 10:21:00,IMBALANCE,"[243, 283]"
2019-06-28 10:21:00,HOLDINGS_UPDATED,"{'CASH': 10896877, 'JPM': -9}"
2019-06-28 10:22:00,BID_DEPTH,"[(99653, 441)]"
2019-06-28 10:22:00,ASK_DEPTH,"[(99915, 393)]"
2019-06-28 10:22:00,IMBALANCE,"[441, 393]"
2019-06-28 10:22:00,HOLDINGS_UPDATED,"{'CASH': 11793754, 'JPM': -18}"
2019-06-28 10:23:00,BID_DEPTH,"[(99653, 348)]"
2019-06-28 10:23:00,ASK_DEPTH,"[(99925, 466)]"
2019-06-28 10:23:00,IMBALANCE,"[348, 466]"
2019-06-28 10:23:00,HOLDINGS_UPDATED,"{'CASH': 12690631, 'JPM': -27}"
2019-06-28 10:24:00,BID_DEPTH,"[(99925, 243)]"
2019-06-28 10:24:00,ASK_DEPTH,"[(100025, 383)]"
2019-06-28 10:24:00,IMBALANCE,"[243, 383]"
2019-06-28 10:24:00,HOLDINGS_UPDATED,"{'CASH': 13589956, 'JPM': -36}"
2019-06-28 10:25:00,BID_DEPTH,"[(100026, 333)]"
2019-06-28 10:25:00,ASK_DEPTH,"[(100186, 173)]"
2019-06-28 10:25:00,IMBALANCE,"[333, 173]"
2019-06-28 10:25:00,HOLDINGS_UPDATED,"{'CASH': 14490190, 'JPM': -45}"
2019-06-28 10:26:00,BID_DEPTH,"[(100026, 350)]"
2019-06-28 10:26:00,ASK_DEPTH,"[(100186, 283)]"
2019-06-28 10:26:00,IMBALANCE,"[350, 283]"
2019-06-28 10:26:00,HOLDINGS_UPDATED,"{'CASH': 15390424, 'JPM': -54}"
2019-06-28 10:27:00,BID_DEPTH,"[(100026, 440)]"
2019-06-28 10:27:00,ASK_DEPTH,"[(100195, 393)]"
2019-06-28 10:27:00,IMBALANCE,"[440, 393]"
2019-06-28 10:27:00,HOLDINGS_UPDATED,"{'CASH': 16290658, 'JPM': -63}"
2019-06-28 10:28:00,BID_DEPTH,"[(100026, 264)]"
2019-06-28 10:28:00,ASK_DEPTH,"[(100211, 283)]"
2019-06-28 10:28:00,IMBALANCE,"[264, 283]"
2019-06-28 10:28:00,HOLDINGS_UPDATED,"{'CASH': 17190892, 'JPM': -72}"
2019-06-28 10:29:00,BID_DEPTH,"[(100027, 152)]"
2019-06-28 10:29:00,ASK_DEPTH,"[(100423, 192)]"
2019-06-28 10:29:00,IMBALANCE,"[152, 192]"
2019-06-28 10:29:00,HOLDINGS_UPDATED,"{'CASH': 18091135, 'JPM': -81}"
2019-06-28 10:30:00,BID_DEPTH,"[(100027, 150)]"
2019-06-28 10:30:00,ASK_DEPTH,"[(100472, 283)]"
2019-06-28 10:30:00,IMBALANCE,"[150, 283]"
2019-06-28 10:30:00,HOLDINGS_UPDATED,"{'CASH': 18991378, 'JPM': -90}"
2019-06-28 10:31:00,BID_DEPTH,"[(100026, 61)]"
2019-06-28 10:31:00,ASK_DEPTH,"[(100472, 173)]"
2019-06-28 10:31:00,IMBALANCE,"[61, 173]"
2019-06-28 10:31:00,HOLDINGS_UPDATED,"{'CASH': 19891612, 'JPM': -99}"
2019-06-28 10:32:00,BID_DEPTH,"[(100025, 92)]"
2019-06-28 10:32:00,ASK_DEPTH,"[(100764, 224)]"
2019-06-28 10:32:00,IMBALANCE,"[92, 224]"
2019-06-28 10:32:00,HOLDINGS_UPDATED,"{'CASH': 20791837, 'JPM': -108}"
2019-06-28 10:33:00,BID_DEPTH,"[(99925, 40)]"
2019-06-28 10:33:00,ASK_DEPTH,"[(100763, 173)]"
2019-06-28 10:33:00,IMBALANCE,"[40, 173]"
2019-06-28 10:33:00,HOLDINGS_UPDATED,"{'CASH': 21691162, 'JPM': -117}"
2019-06-28 10:34:00,BID_DEPTH,"[(99461, 423)]"
2019-06-28 10:34:00,ASK_DEPTH,"[(100907, 466)]"
2019-06-28 10:34:00,IMBALANCE,"[423, 466]"
2019-06-28 10:34:00,HOLDINGS_UPDATED,"{'CASH': 22586311, 'JPM': -126}"
2019-06-28 10:35:00,BID_DEPTH,"[(99461, 37)]"
2019-06-28 10:35:00,ASK_DEPTH,"[(100907, 173)]"
2019-06-28 10:35:00,IMBALANCE,"[37, 173]"
2019-06-28 10:35:00,HOLDINGS_UPDATED,"{'CASH': 23481460, 'JPM': -135}"
2019-06-28 10:36:00,BID_DEPTH,"[(99399, 168)]"
2019-06-28 10:36:00,ASK_DEPTH,"[(100975, 224)]"
2019-06-28 10:36:00,IMBALANCE,"[168, 224]"
2019-06-28 10:36:00,HOLDINGS_UPDATED,"{'CASH': 24376051, 'JPM': -144}"
2019-06-28 10:37:00,BID_DEPTH,"[(100975, 466)]"
2019-06-28 10:37:00,ASK_DEPTH,"[(101036, 426)]"
2019-06-28 10:37:00,IMBALANCE,"[466, 426]"
2019-06-28 10:37:00,HOLDINGS_UPDATED,"{'CASH': 23466727, 'JPM': -135}"
2019-06-28 10:38:00,BID_DEPTH,"[(100621, 283)]"
2019-06-28 10:38:00,ASK_DEPTH,"[(101035, 243)]"
2019-06-28 10:38:00,IMBALANCE,"[283, 243]"
2019-06-28 10:38:00,HOLDINGS_UPDATED,"{'CASH': 22557412, 'JPM': -126}"
2019-06-28 10:39:00,BID_DEPTH,"[(100621, 466)]"
2019-06-28 10:39:00,ASK_DEPTH,"[(100987, 426)]"
2019-06-28 10:39:00,IMBALANCE,"[466, 426]"
2019-06-28 10:39:00,HOLDINGS_UPDATED,"{'CASH': 21648529, 'JPM': -117}"
2019-06-28 10:40:00,BID_DEPTH,"[(100621, 192)]"
2019-06-28 10:40:00,ASK_DEPTH,"[(100987, 67)]"
2019-06-28 10:40:00,IMBALANCE,"[192, 67]"
2019-06-28 10:40:00,HOLDINGS_UPDATED,"{'CASH': 20739646, 'JPM': -108}"
2019-06-28 10:41:00,BID_DEPTH,"[(100478, 173)]"
2019-06-28 10:41:00,ASK_DEPTH,"[(100541, 133)]"
2019-06-28 10:41:00,IMBALANCE,"[173, 133]"
2019-06-28 10:41:00,HOLDINGS_UPDATED,"{'CASH': 19834777, 'JPM': -99}"
2019-06-28 10:42:00,BID_DEPTH,"[(100415, 466)]"
2019-06-28 10:42:00,ASK_DEPTH,"[(100541, 333)]"
2019-06-28 10:42:00,IMBALANCE,"[466, 333]"
2019-06-28 10:42:00,HOLDINGS_UPDATED,"{'CASH': 18929908, 'JPM': -90}"
2019-06-28 10:43:00,BID_DEPTH,"[(100415, 466)]"
2019-06-28 10:43:00,ASK_DEPTH,"[(100680, 426)]"
2019-06-28 10:43:00,IMBALANCE,"[466, 426]"
2019-06-28 10:43:00,HOLDINGS_UPDATED,"{'CASH': 18023788, 'JPM': -81}"
2019-06-28 10:44:00,BID_DEPTH,"[(100357, 466)]"
2019-06-28 10:44:00,ASK_DEPTH,"[(100680, 333)]"
2019-06-28 10:44:00,IMBALANCE,"[466, 333]"
2019-06-28 10:44:00,HOLDINGS_UPDATED,"{'CASH': 17117668, 'JPM': -72}"
2019-06-28 10:45:00,BID_DEPTH,"[(100658, 283)]"
2019-06-28 10:45:00,ASK_DEPTH,"[(100684, 243)]"
2019-06-28 10:45:00,IMBALANCE,"[283, 243]"
2019-06-28 10:45:00,HOLDINGS_UPDATED,"{'CASH': 16211512, 'JPM': -63}"
2019-06-28 10:46:00,BID_DEPTH,"[(100628, 224)]"
2019-06-28 10:46:00,ASK_DEPTH,"[(100684, 99)]"
2019-06-28 10:46:00,IMBALANCE,"[224, 99]"
2019-06-28 10:46:00,HOLDINGS_UPDATED,"{'CASH': 15305356, 'JPM': -54}"
2019-06-28 10:47:00,BID_DEPTH,"[(100628, 283)]"
2019-06-28 10:47:00,ASK_DEPTH,"[(100671, 243)]"
2019-06-28 10:47:00,IMBALANCE,"[283, 243]"
2019-06-28 10:47:00,HOLDINGS_UPDATED,"{'CASH': 14399317, 'JPM': -45}"
2019-06-28 10:48:00,BID_DEPTH,"[(100628, 283)]"
2019-06-28 10:48:00,ASK_DEPTH,"[(100671, 350)]"
2019-06-28 10:48:00,IMBALANCE,"[283, 350]"
2019-06-28 10:48:00,HOLDINGS_UPDATED,"{'CASH': 13493278, 'JPM': -36}"
2019-06-28 10:49:00,BID_DEPTH,"[(100495, 466)]"
2019-06-28 10:49:00,ASK_DEPTH,"[(100671, 440)]"
2019-06-28 10:49:00,IMBALANCE,"[466, 440]"
2019-06-28 10:49:00,HOLDINGS_UPDATED,"{'CASH': 12587239, 'JPM': -27}"
2019-06-28 10:50:00,BID_DEPTH,"[(100464, 466)]"
2019-06-28 10:50:00,ASK_DEPTH,"[(100671, 347)]"
2019-06-28 10:50:00,IMBALANCE,"[466, 347]"
2019-06-28 10:50:00,HOLDINGS_UPDATED,"{'CASH': 11681200, 'JPM': -18}"
2019-06-28 10:51:00,BID_DEPTH,"[(100464, 173)]"
2019-06-28 10:51:00,ASK_DEPTH,"[(100706, 133)]"
2019-06-28 10:51:00,IMBALANCE,"[173, 133]"
2019-06-28 10:51:00,HOLDINGS_UPDATED,"{'CASH': 10774846, 'JPM': -9}"
2019-06-28 10:52:00,BID_DEPTH,"[(100464, 224)]"
2019-06-28 10:52:00,ASK_DEPTH,"[(100706, 191)]"
2019-06-28 10:52:00,IMBALANCE,"[224, 191]"
2019-06-28 10:52:00,HOLDINGS_UPDATED,{'CASH': 9868492}
2019-06-28 10:53:00,BID_DEPTH,"[(100357, 466)]"
2019-06-28 10:53:00,ASK_DEPTH,"[(100705, 426)]"
2019-06-28 10:53:00,IMBALANCE,"[466, 426]"
2019-06-28 10:53:00,HOLDINGS_UPDATED,"{'CASH': 8962147, 'JPM': 9}"
2019-06-28 10:54:00,BID_DEPTH,"[(100188, 224)]"
2019-06-28 10:54:00,ASK_DEPTH,"[(100705, 91)]"
2019-06-28 10:54:00,IMBALANCE,"[224, 91]"
2019-06-28 10:54:00,HOLDINGS_UPDATED,"{'CASH': 8055802, 'JPM': 18}"
2019-06-28 10:55:00,BID_DEPTH,"[(100188, 466)]"
2019-06-28 10:55:00,ASK_DEPTH,"[(100706, 340)]"
2019-06-28 10:55:00,IMBALANCE,"[466, 340]"
2019-06-28 10:55:00,HOLDINGS_UPDATED,"{'CASH': 7149448, 'JPM': 27}"
2019-06-28 10:56:00,BID_DEPTH,"[(100539, 466)]"
2019-06-28 10:56:00,ASK_DEPTH,"[(100706, 426)]"
2019-06-28 10:56:00,IMBALANCE,"[466, 426]"
2019-06-28 10:56:00,HOLDINGS_UPDATED,"{'CASH': 6243094, 'JPM': 36}"
2019-06-28 10:57:00,BID_DEPTH,"[(100449, 283)]"
2019-06-28 10:57:00,ASK_DEPTH,"[(100586, 243)]"
2019-06-28 10:57:00,IMBALANCE,"[283, 243]"
2019-06-28 10:57:00,HOLDINGS_UPDATED,"{'CASH': 5337820, 'JPM': 45}"
2019-06-28 10:58:00,BID_DEPTH,"[(100449, 173)]"
2019-06-28 10:58:00,ASK_DEPTH,"[(100586, 140)]"
2019-06-28 10:58:00,IMBALANCE,"[173, 140]"
2019-06-28 10:58:00,HOLDINGS_UPDATED,"{'CASH': 4432546, 'JPM': 54}"
2019-06-28 10:59:00,BID_DEPTH,"[(100449, 224)]"
2019-06-28 10:59:00,ASK_DEPTH,"[(100562, 184)]"
2019-06-28 10:59:00,IMBALANCE,"[224, 184]"
2019-06-28 10:59:00,HOLDINGS_UPDATED,"{'CASH': 3527488, 'JPM': 63}"
2019-06-28 11:00:00,BID_DEPTH,"[(100449, 224)]"
2019-06-28 11:00:00,ASK_DEPTH,"[(100562, 191)]"
2019-06-28 11:00:00,IMBALANCE,"[224, 191]"
2019-06-28 11:00:00,HOLDINGS_UPDATED,"{'CASH': 2622430, 'JPM': 72}"
2019-06-28 11:01:00,BID_DEPTH,"[(100430, 466)]"
2019-06-28 11:01:00,ASK_DEPTH,"[(100562, 440)]"
2019-06-28 11:01:00,IMBALANCE,"[466, 440]"
2019-06-28 11:01:00,HOLDINGS_UPDATED,"{'CASH': 1717372, 'JPM': 81}"
2019-06-28 11:02:00,BID_DEPTH,"[(100333, 466)]"
2019-06-28 11:02:00,ASK_DEPTH,"[(100561, 426)]"
2019-06-28 11:02:00,IMBALANCE,"[466, 426]"
2019-06-28 11:02:00,HOLDINGS_UPDATED,"{'CASH': 812323, 'JPM': 90}"
2019-06-28 11:03:00,BID_DEPTH,"[(100202, 466)]"
2019-06-28 11:03:00,ASK_DEPTH,"[(100561, 333)]"
2019-06-28 11:03:00,IMBALANCE,"[466, 333]"
2019-06-28 11:03:00,HOLDINGS_UPDATED,"{'CASH': -92726, 'JPM': 99}"
2019-06-28 11:04:00,BID_DEPTH,"[(100163, 283)]"
2019-06-28 11:04:00,ASK_DEPTH,"[(100213, 243)]"
2019-06-28 11:04:00,IMBALANCE,"[283, 243]"
2019-06-28 11:04:00,HOLDINGS_UPDATED,"{'CASH': -994643, 'JPM': 108}"
2019-06-28 11:05:00,BID_DEPTH,"[(100005, 173)]"
2019-06-28 11:05:00,ASK_DEPTH,"[(100142, 41)]"
2019-06-28 11:05:00,IMBALANCE,"[173, 41]"
2019-06-28 11:05:00,HOLDINGS_UPDATED,"{'CASH': -1895921, 'JPM': 117}"
2019-06-28 11:06:00,BID_DEPTH,"[(100689, 192)]"
2019-06-28 11:06:00,ASK_DEPTH,"[(100843, 152)]"
2019-06-28 11:06:00,IMBALANCE,"[192, 152]"
2019-06-28 11:06:00,HOLDINGS_UPDATED,"{'CASH': -2803508, 'JPM': 126}"
2019-06-28 11:07:00,BID_DEPTH,"[(100689, 466)]"
2019-06-28 11:07:00,ASK_DEPTH,"[(100827, 426)]"
2019-06-28 11:07:00,IMBALANCE,"[466, 426]"
2019-06-28 11:07:00,HOLDINGS_UPDATED,"{'CASH': -3710951, 'JPM': 135}"
2019-06-28 11:08:00,BID_DEPTH,"[(100689, 466)]"
2019-06-28 11:08:00,ASK_DEPTH,"[(100734, 426)]"
2019-06-28 11:08:00,IMBALANCE,"[466, 426]"
2019-06-28 11:08:00,HOLDINGS_UPDATED,"{'CASH': -4617557, 'JPM': 144}"
2019-06-28 11:09:00,BID_DEPTH,"[(100629, 283)]"
2019-06-28 11:09:00,ASK_DEPTH,"[(100734, 150)]"
2019-06-28 11:09:00,IMBALANCE,"[283, 150]"
2019-06-28 11:09:00,HOLDINGS_UPDATED,"{'CASH': -5524163, 'JPM': 153}"
2019-06-28 11:10:00,BID_DEPTH,"[(100629, 224)]"
2019-06-28 11:10:00,ASK_DEPTH,"[(100827, 91)]"
2019-06-28 11:10:00,IMBALANCE,"[224, 91]"
2019-06-28 11:10:00,HOLDINGS_UPDATED,"{'CASH': -6431606, 'JPM': 162}"
2019-06-28 11:11:00,BID_DEPTH,"[(100629, 283)]"
2019-06-28 11:11:00,ASK_DEPTH,"[(100910, 243)]"
2019-06-28 11:11:00,IMBALANCE,"[283, 243]"
2019-06-28 11:11:00,HOLDINGS_UPDATED,"{'CASH': -7339796, 'JPM': 171}"
2019-06-28 11:12:00,BID_DEPTH,"[(100910, 293)]"
2019-06-28 11:12:00,ASK_DEPTH,"[(100954, 243)]"
2019-06-28 11:12:00,IMBALANCE,"[293, 243]"
2019-06-28 11:12:00,HOLDINGS_UPDATED,"{'CASH': -8248382, 'JPM': 180}"
2019-06-28 11:13:00,BID_DEPTH,"[(100910, 234)]"
2019-06-28 11:13:00,ASK_DEPTH,"[(100981, 184)]"
2019-06-28 11:13:00,IMBALANCE,"[234, 184]"
2019-06-28 11:13:00,HOLDINGS_UPDATED,"{'CASH': -9157211, 'JPM': 189}"
2019-06-28 11:14:00,BID_DEPTH,"[(100910, 183)]"
2019-06-28 11:14:00,ASK_DEPTH,"[(100981, 48)]"
2019-06-28 11:14:00,IMBALANCE,"[183, 48]"
2019-06-28 11:14:00,HOLDINGS_UPDATED,"{'CASH': -10066040, 'JPM': 198}"
2019-06-28 11:15:00,BID_DEPTH,"[(100987, 240)]"
2019-06-28 11:15:00,ASK_DEPTH,"[(101029, 184)]"
2019-06-28 11:15:00,IMBALANCE,"[240, 184]"
2019-06-28 11:15:00,HOLDINGS_UPDATED,"{'CASH': -10975301, 'JPM': 207}"
2019-06-28 11:16:00,BID_DEPTH,"[(101035, 143)]"
2019-06-28 11:16:00,ASK_DEPTH,"[(101036, 92)]"
2019-06-28 11:16:00,IMBALANCE,"[143, 92]"
2019-06-28 11:16:00,HOLDINGS_UPDATED,"{'CASH': -11884625, 'JPM': 216}"
2019-06-28 11:17:00,BID_DEPTH,"[(101035, 385)]"
2019-06-28 11:17:00,ASK_DEPTH,"[(101064, 426)]"
2019-06-28 11:17:00,IMBALANCE,"[385, 426]"
2019-06-28 11:17:00,HOLDINGS_UPDATED,"{'CASH': -12794201, 'JPM': 225}"
2019-06-28 11:18:00,BID_DEPTH,"[(101035, 385)]"
2019-06-28 11:18:00,ASK_DEPTH,"[(101064, 334)]"
2019-06-28 11:18:00,IMBALANCE,"[385, 334]"
2019-06-28 11:18:00,HOLDINGS_UPDATED,"{'CASH': -13703777, 'JPM': 234}"
2019-06-28 11:19:00,BID_DEPTH,"[(101294, 173)]"
2019-06-28 11:19:00,ASK_DEPTH,"[(101358, 133)]"
2019-06-28 11:19:00,IMBALANCE,"[173, 133]"
2019-06-28 11:19:00,HOLDINGS_UPDATED,"{'CASH': -14615999, 'JPM': 243}"
2019-06-28 11:20:00,BID_DEPTH,"[(101298, 173)]"
2019-06-28 11:20:00,ASK_DEPTH,"[(101358, 48)]"
2019-06-28 11:20:00,IMBALANCE,"[173, 48]"
2019-06-28 11:20:00,HOLDINGS_UPDATED,"{'CASH': -15528221, 'JPM': 252}"
2019-06-28 11:21:00,BID_DEPTH,"[(101294, 283)]"
2019-06-28 11:21:00,ASK_DEPTH,"[(101438, 246)]"
2019-06-28 11:21:00,IMBALANCE,"[283, 246]"
2019-06-28 11:21:00,HOLDINGS_UPDATED,"{'CASH': -16441163, 'JPM': 261}"
2019-06-28 11:22:00,BID_DEPTH,"[(101064, 111)]"
2019-06-28 11:22:00,ASK_DEPTH,"[(101438, 170)]"
2019-06-28 11:22:00,IMBALANCE,"[111, 170]"
2019-06-28 11:22:00,HOLDINGS_UPDATED,"{'CASH': -17354105, 'JPM': 270}"
2019-06-28 11:23:00,BID_DEPTH,"[(101035, 485)]"
2019-06-28 11:23:00,ASK_DEPTH,"[(101437, 426)]"
2019-06-28 11:23:00,IMBALANCE,"[485, 426]"
2019-06-28 11:23:00,HOLDINGS_UPDATED,"{'CASH': -18267038, 'JPM': 279}"
2019-06-28 11:24:00,BID_DEPTH,"[(100910, 376)]"
2019-06-28 11:24:00,ASK_DEPTH,"[(100987, 337)]"
2019-06-28 11:24:00,IMBALANCE,"[376, 337]"
2019-06-28 11:24:00,HOLDINGS_UPDATED,"{'CASH': -19175921, 'JPM': 288}"
2019-06-28 11:25:00,BID_DEPTH,"[(100794, 224)]"
2019-06-28 11:25:00,ASK_DEPTH,"[(100910, 101)]"
2019-06-28 11:25:00,IMBALANCE,"[224, 101]"
2019-06-28 11:25:00,HOLDINGS_UPDATED,"{'CASH': -20084111, 'JPM': 297}"
2019-06-28 11:26:00,BID_DEPTH,"[(100794, 192)]"
2019-06-28 11:26:00,ASK_DEPTH,"[(100961, 152)]"
2019-06-28 11:26:00,IMBALANCE,"[192, 152]"
2019-06-28 11:26:00,HOLDINGS_UPDATED,"{'CASH': -20992760, 'JPM': 306}"
2019-06-28 11:27:00,BID_DEPTH,"[(100794, 283)]"
2019-06-28 11:27:00,ASK_DEPTH,"[(101035, 151)]"
2019-06-28 11:27:00,IMBALANCE,"[283, 151]"
2019-06-28 11:27:00,HOLDINGS_UPDATED,"{'CASH': -21902075, 'JPM': 315}"
2019-06-28 11:28:00,BID_DEPTH,"[(100980, 466)]"
2019-06-28 11:28:00,ASK_DEPTH,"[(101390, 426)]"
2019-06-28 11:28:00,IMBALANCE,"[466, 426]"
2019-06-28 11:28:00,HOLDINGS_UPDATED,"{'CASH': -22814585, 'JPM': 324}"
2019-06-28 11:29:00,BID_DEPTH,"[(100980, 192)]"
2019-06-28 11:29:00,ASK_DEPTH,"[(101390, 167)]"
2019-06-28 11:29:00,IMBALANCE,"[192, 167]"
2019-06-28 11:29:00,HOLDINGS_UPDATED,"{'CASH': -23727095, 'JPM': 333}"
2019-06-28 11:30:00,BID_DEPTH,"[(100980, 224)]"
2019-06-28 11:30:00,ASK_DEPTH,"[(101390, 206)]"
2019-06-28 11:30:00,IMBALANCE,"[224, 206]"
2019-06-28 11:30:00,HOLDINGS_UPDATED,"{'CASH': -24639605, 'JPM': 342}"
2019-06-28 11:31:00,BID_DEPTH,"[(101039, 224)]"
2019-06-28 11:31:00,ASK_DEPTH,"[(101437, 92)]"
2019-06-28 11:31:00,IMBALANCE,"[224, 92]"
2019-06-28 11:31:00,HOLDINGS_UPDATED,"{'CASH': -25552538, 'JPM': 351}"
2019-06-28 11:32:00,BID_DEPTH,"[(101141, 192)]"
2019-06-28 11:32:00,ASK_DEPTH,"[(101386, 152)]"
2019-06-28 11:32:00,IMBALANCE,"[192, 152]"
2019-06-28 11:32:00,HOLDINGS_UPDATED,"{'CASH': -26465012, 'JPM': 360}"
2019-06-28 11:33:00,BID_DEPTH,"[(101386, 173)]"
2019-06-28 11:33:00,ASK_DEPTH,"[(101437, 41)]"
2019-06-28 11:33:00,IMBALANCE,"[173, 41]"
2019-06-28 11:33:00,HOLDINGS_UPDATED,"{'CASH': -27377945, 'JPM': 369}"
2019-06-28 11:34:00,BID_DEPTH,"[(101437, 184)]"
2019-06-28 11:34:00,ASK_DEPTH,"[(101534, 243)]"
2019-06-28 11:34:00,IMBALANCE,"[184, 243]"
2019-06-28 11:34:00,HOLDINGS_UPDATED,"{'CASH': -28291751, 'JPM': 378}"
2019-06-28 11:35:00,BID_DEPTH,"[(101386, 192)]"
2019-06-28 11:35:00,ASK_DEPTH,"[(101533, 152)]"
2019-06-28 11:35:00,IMBALANCE,"[192, 152]"
2019-06-28 11:35:00,HOLDINGS_UPDATED,"{'CASH': -29205548, 'JPM': 387}"
2019-06-28 11:36:00,BID_DEPTH,"[(101386, 192)]"
2019-06-28 11:36:00,ASK_DEPTH,"[(101394, 152)]"
2019-06-28 11:36:00,IMBALANCE,"[192, 152]"
2019-06-28 11:36:00,HOLDINGS_UPDATED,"{'CASH': -30118094, 'JPM': 396}"
2019-06-28 11:37:00,BID_DEPTH,"[(101347, 283)]"
2019-06-28 11:37:00,ASK_DEPTH,"[(101393, 243)]"
2019-06-28 11:37:00,IMBALANCE,"[283, 243]"
2019-06-28 11:37:00,HOLDINGS_UPDATED,"{'CASH': -31030631, 'JPM': 405}"
2019-06-28 11:38:00,BID_DEPTH,"[(101303, 224)]"
2019-06-28 11:38:00,ASK_DEPTH,"[(101393, 191)]"
2019-06-28 11:38:00,IMBALANCE,"[224, 191]"
2019-06-28 11:38:00,HOLDINGS_UPDATED,"{'CASH': -31943168, 'JPM': 414}"
2019-06-28 11:39:00,BID_DEPTH,"[(101303, 466)]"
2019-06-28 11:39:00,ASK_DEPTH,"[(101393, 426)]"
2019-06-28 11:39:00,IMBALANCE,"[466, 426]"
2019-06-28 11:39:00,HOLDINGS_UPDATED,"{'CASH': -32855705, 'JPM': 423}"
2019-06-28 11:40:00,BID_DEPTH,"[(101141, 466)]"
2019-06-28 11:40:00,ASK_DEPTH,"[(101393, 333)]"
2019-06-28 11:40:00,IMBALANCE,"[466, 333]"
2019-06-28 11:40:00,HOLDINGS_UPDATED,"{'CASH': -33768242, 'JPM': 432}"
2019-06-28 11:41:00,BID_DEPTH,"[(101141, 466)]"
2019-06-28 11:41:00,ASK_DEPTH,"[(101394, 341)]"
2019-06-28 11:41:00,IMBALANCE,"[466, 341]"
2019-06-28 11:41:00,HOLDINGS_UPDATED,"{'CASH': -34680788, 'JPM': 441}"
2019-06-28 11:42:00,BID_DEPTH,"[(101140, 224)]"
2019-06-28 11:42:00,ASK_DEPTH,"[(101429, 184)]"
2019-06-28 11:42:00,IMBALANCE,"[224, 184]"
2019-06-28 11:42:00,HOLDINGS_UPDATED,"{'CASH': -35593649, 'JPM': 450}"
2019-06-28 11:43:00,BID_DEPTH,"[(101105, 173)]"
2019-06-28 11:43:00,ASK_DEPTH,"[(101428, 133)]"
2019-06-28 11:43:00,IMBALANCE,"[173, 133]"
2019-06-28 11:43:00,HOLDINGS_UPDATED,"{'CASH': -36506501, 'JPM': 459}"
2019-06-28 11:44:00,BID_DEPTH,"[(101105, 192)]"
2019-06-28 11:44:00,ASK_DEPTH,"[(101428, 159)]"
2019-06-28 11:44:00,IMBALANCE,"[192, 159]"
2019-06-28 11:44:00,HOLDINGS_UPDATED,"{'CASH': -37419353, 'JPM': 468}"
2019-06-28 11:45:00,BID_DEPTH,"[(100718, 283)]"
2019-06-28 11:45:00,ASK_DEPTH,"[(101428, 157)]"
2019-06-28 11:45:00,IMBALANCE,"[283, 157]"
2019-06-28 11:45:00,HOLDINGS_UPDATED,"{'CASH': -38332205, 'JPM': 477}"
2019-06-28 11:46:00,BID_DEPTH,"[(100718, 224)]"
2019-06-28 11:46:00,ASK_DEPTH,"[(101428, 284)]"
2019-06-28 11:46:00,IMBALANCE,"[224, 284]"
2019-06-28 11:46:00,HOLDINGS_UPDATED,"{'CASH': -39245057, 'JPM': 486}"
2019-06-28 11:47:00,BID_DEPTH,"[(100702, 466)]"
2019-06-28 11:47:00,ASK_DEPTH,"[(100718, 353)]"
2019-06-28 11:47:00,IMBALANCE,"[466, 353]"
2019-06-28 11:47:00,HOLDINGS_UPDATED,"{'CASH': -40151519, 'JPM': 495}"
2019-06-28 11:48:00,BID_DEPTH,"[(100702, 283)]"
2019-06-28 11:48:00,ASK_DEPTH,"[(100718, 243)]"
2019-06-28 11:48:00,IMBALANCE,"[283, 243]"
2019-06-28 11:48:00,HOLDINGS_UPDATED,"{'CASH': -41057981, 'JPM': 504}"
2019-06-28 11:49:00,BID_DEPTH,"[(100674, 173)]"
2019-06-28 11:49:00,ASK_DEPTH,"[(100718, 140)]"
2019-06-28 11:49:00,IMBALANCE,"[173, 140]"
2019-06-28 11:49:00,HOLDINGS_UPDATED,"{'CASH': -41964443, 'JPM': 513}"
2019-06-28 11:50:00,BID_DEPTH,"[(100468, 283)]"
2019-06-28 11:50:00,ASK_DEPTH,"[(100717, 243)]"
2019-06-28 11:50:00,IMBALANCE,"[283, 243]"
2019-06-28 11:50:00,HOLDINGS_UPDATED,"{'CASH': -42870896, 'JPM': 522}"
2019-06-28 11:51:00,BID_DEPTH,"[(100468, 466)]"
2019-06-28 11:51:00,ASK_DEPTH,"[(100717, 333)]"
2019-06-28 11:51:00,IMBALANCE,"[466, 333]"
2019-06-28 11:51:00,HOLDINGS_UPDATED,"{'CASH': -43777349, 'JPM': 531}"
2019-06-28 11:52:00,BID_DEPTH,"[(100354, 173)]"
2019-06-28 11:52:00,ASK_DEPTH,"[(100717, 133)]"
2019-06-28 11:52:00,IMBALANCE,"[173, 133]"
2019-06-28 11:52:00,HOLDINGS_UPDATED,"{'CASH': -44683802, 'JPM': 540}"
2019-06-28 11:53:00,BID_DEPTH,"[(100263, 173)]"
2019-06-28 11:53:00,ASK_DEPTH,"[(100717, 140)]"
2019-06-28 11:53:00,IMBALANCE,"[173, 140]"
2019-06-28 11:53:00,HOLDINGS_UPDATED,"{'CASH': -45590255, 'JPM': 549}"
2019-06-28 11:54:00,BID_DEPTH,"[(100315, 152)]"
2019-06-28 11:54:00,ASK_DEPTH,"[(100717, 198)]"
2019-06-28 11:54:00,IMBALANCE,"[152, 198]"
2019-06-28 11:54:00,HOLDINGS_UPDATED,"{'CASH': -44687420, 'JPM': 540}"
2019-06-28 11:55:00,BID_DEPTH,"[(100263, 184)]"
2019-06-28 11:55:00,ASK_DEPTH,"[(100587, 224)]"
2019-06-28 11:55:00,IMBALANCE,"[184, 224]"
2019-06-28 11:55:00,HOLDINGS_UPDATED,"{'CASH': -43785053, 'JPM': 531}"
2019-06-28 11:56:00,BID_DEPTH,"[(100441, 184)]"
2019-06-28 11:56:00,ASK_DEPTH,"[(100717, 230)]"
2019-06-28 11:56:00,IMBALANCE,"[184, 230]"
2019-06-28 11:56:00,HOLDINGS_UPDATED,"{'CASH': -42881084, 'JPM': 522}"
2019-06-28 11:57:00,BID_DEPTH,"[(100539, 152)]"
2019-06-28 11:57:00,ASK_DEPTH,"[(100717, 98)]"
2019-06-28 11:57:00,IMBALANCE,"[152, 98]"
2019-06-28 11:57:00,HOLDINGS_UPDATED,"{'CASH': -41976233, 'JPM': 513}"
2019-06-28 11:58:00,BID_DEPTH,"[(100540, 184)]"
2019-06-28 11:58:00,ASK_DEPTH,"[(100718, 138)]"
2019-06-28 11:58:00,IMBALANCE,"[184, 138]"
2019-06-28 11:58:00,HOLDINGS_UPDATED,"{'CASH': -41071373, 'JPM': 504}"
2019-06-28 11:59:00,BID_DEPTH,"[(100540, 291)]"
2019-06-28 11:59:00,ASK_DEPTH,"[(100786, 224)]"
2019-06-28 11:59:00,IMBALANCE,"[291, 224]"
2019-06-28 11:59:00,HOLDINGS_UPDATED,"{'CASH': -40166513, 'JPM': 495}"
2019-06-28 12:00:00,BID_DEPTH,"[(100608, 152)]"
2019-06-28 12:00:00,ASK_DEPTH,"[(100783, 192)]"
2019-06-28 12:00:00,IMBALANCE,"[152, 192]"
2019-06-28 12:00:00,HOLDINGS_UPDATED,"{'CASH': -39261041, 'JPM': 486}"
2019-06-28 12:01:00,BID_DEPTH,"[(100547, 133)]"
2019-06-28 12:01:00,ASK_DEPTH,"[(100783, 173)]"
2019-06-28 12:01:00,IMBALANCE,"[133, 173]"
2019-06-28 12:01:00,HOLDINGS_UPDATED,"{'CASH': -38356118, 'JPM': 477}"
2019-06-28 12:02:00,BID_DEPTH,"[(100783, 170)]"
2019-06-28 12:02:00,ASK_DEPTH,"[(100786, 283)]"
2019-06-28 12:02:00,IMBALANCE,"[170, 283]"
2019-06-28 12:02:00,HOLDINGS_UPDATED,"{'CASH': -37449071, 'JPM': 468}"
2019-06-28 12:03:00,BID_DEPTH,"[(100786, 426)]"
2019-06-28 12:03:00,ASK_DEPTH,"[(100901, 466)]"
2019-06-28 12:03:00,IMBALANCE,"[426, 466]"
2019-06-28 12:03:00,HOLDINGS_UPDATED,"{'CASH': -36541997, 'JPM': 459}"
2019-06-28 12:04:00,BID_DEPTH,"[(100786, 40)]"
2019-06-28 12:04:00,ASK_DEPTH,"[(100982, 173)]"
2019-06-28 12:04:00,IMBALANCE,"[40, 173]"
2019-06-28 12:04:00,HOLDINGS_UPDATED,"{'CASH': -35634923, 'JPM': 450}"
2019-06-28 12:05:00,BID_DEPTH,"[(100716, 232)]"
2019-06-28 12:05:00,ASK_DEPTH,"[(101038, 283)]"
2019-06-28 12:05:00,IMBALANCE,"[232, 283]"
2019-06-28 12:05:00,HOLDINGS_UPDATED,"{'CASH': -34728479, 'JPM': 441}"
2019-06-28 12:06:00,BID_DEPTH,"[(100692, 133)]"
2019-06-28 12:06:00,ASK_DEPTH,"[(101038, 173)]"
2019-06-28 12:06:00,IMBALANCE,"[133, 173]"
2019-06-28 12:06:00,HOLDINGS_UPDATED,"{'CASH': -33822251, 'JPM': 432}"
2019-06-28 12:07:00,BID_DEPTH,"[(100692, 433)]"
2019-06-28 12:07:00,ASK_DEPTH,"[(101038, 466)]"
2019-06-28 12:07:00,IMBALANCE,"[433, 466]"
2019-06-28 12:07:00,HOLDINGS_UPDATED,"{'CASH': -32916023, 'JPM': 423}"
2019-06-28 12:08:00,BID_DEPTH,"[(100692, 47)]"
2019-06-28 12:08:00,ASK_DEPTH,"[(101038, 173)]"
2019-06-28 12:08:00,IMBALANCE,"[47, 173]"
2019-06-28 12:08:00,HOLDINGS_UPDATED,"{'CASH': -32009795, 'JPM': 414}"
2019-06-28 12:09:00,BID_DEPTH,"[(100588, 133)]"
2019-06-28 12:09:00,ASK_DEPTH,"[(100692, 93)]"
2019-06-28 12:09:00,IMBALANCE,"[133, 93]"
2019-06-28 12:09:00,HOLDINGS_UPDATED,"{'CASH': -31104503, 'JPM': 405}"
2019-06-28 12:10:00,BID_DEPTH,"[(100588, 250)]"
2019-06-28 12:10:00,ASK_DEPTH,"[(100628, 283)]"
2019-06-28 12:10:00,IMBALANCE,"[250, 283]"
2019-06-28 12:10:00,HOLDINGS_UPDATED,"{'CASH': -30199211, 'JPM': 396}"
2019-06-28 12:11:00,BID_DEPTH,"[(100547, 328)]"
2019-06-28 12:11:00,ASK_DEPTH,"[(100628, 466)]"
2019-06-28 12:11:00,IMBALANCE,"[328, 466]"
2019-06-28 12:11:00,HOLDINGS_UPDATED,"{'CASH': -29294288, 'JPM': 387}"
2019-06-28 12:12:00,BID_DEPTH,"[(100540, 440)]"
2019-06-28 12:12:00,ASK_DEPTH,"[(100546, 466)]"
2019-06-28 12:12:00,IMBALANCE,"[440, 466]"
2019-06-28 12:12:00,HOLDINGS_UPDATED,"{'CASH': -28389428, 'JPM': 378}"
2019-06-28 12:13:00,BID_DEPTH,"[(100465, 184)]"
2019-06-28 12:13:00,ASK_DEPTH,"[(100539, 125)]"
2019-06-28 12:13:00,IMBALANCE,"[184, 125]"
2019-06-28 12:13:00,HOLDINGS_UPDATED,"{'CASH': -27485243, 'JPM': 369}"
2019-06-28 12:14:00,BID_DEPTH,"[(100263, 158)]"
2019-06-28 12:14:00,ASK_DEPTH,"[(100465, 283)]"
2019-06-28 12:14:00,IMBALANCE,"[158, 283]"
2019-06-28 12:14:00,HOLDINGS_UPDATED,"{'CASH': -26582876, 'JPM': 360}"
2019-06-28 12:15:00,BID_DEPTH,"[(100142, 53)]"
2019-06-28 12:15:00,ASK_DEPTH,"[(100465, 192)]"
2019-06-28 12:15:00,IMBALANCE,"[53, 192]"
2019-06-28 12:15:00,HOLDINGS_UPDATED,"{'CASH': -25681598, 'JPM': 351}"
2019-06-28 12:16:00,BID_DEPTH,"[(100293, 426)]"
2019-06-28 12:16:00,ASK_DEPTH,"[(100465, 466)]"
2019-06-28 12:16:00,IMBALANCE,"[426, 466]"
2019-06-28 12:16:00,HOLDINGS_UPDATED,"{'CASH': -24778961, 'JPM': 342}"
2019-06-28 12:17:00,BID_DEPTH,"[(100293, 333)]"
2019-06-28 12:17:00,ASK_DEPTH,"[(100465, 466)]"
2019-06-28 12:17:00,IMBALANCE,"[333, 466]"
2019-06-28 12:17:00,HOLDINGS_UPDATED,"{'CASH': -23876324, 'JPM': 333}"
2019-06-28 12:18:00,BID_DEPTH,"[(100539, 91)]"
2019-06-28 12:18:00,ASK_DEPTH,"[(100546, 224)]"
2019-06-28 12:18:00,IMBALANCE,"[91, 224]"
2019-06-28 12:18:00,HOLDINGS_UPDATED,"{'CASH': -22971473, 'JPM': 324}"
2019-06-28 12:19:00,BID_DEPTH,"[(100465, 151)]"
2019-06-28 12:19:00,ASK_DEPTH,"[(100628, 283)]"
2019-06-28 12:19:00,IMBALANCE,"[151, 283]"
2019-06-28 12:19:00,HOLDINGS_UPDATED,"{'CASH': -22067288, 'JPM': 315}"
2019-06-28 12:20:00,BID_DEPTH,"[(100465, 426)]"
2019-06-28 12:20:00,ASK_DEPTH,"[(101138, 466)]"
2019-06-28 12:20:00,IMBALANCE,"[426, 466]"
2019-06-28 12:20:00,HOLDINGS_UPDATED,"{'CASH': -21163103, 'JPM': 306}"
2019-06-28 12:21:00,BID_DEPTH,"[(100818, 184)]"
2019-06-28 12:21:00,ASK_DEPTH,"[(100891, 224)]"
2019-06-28 12:21:00,IMBALANCE,"[184, 224]"
2019-06-28 12:21:00,HOLDINGS_UPDATED,"{'CASH': -20255741, 'JPM': 297}"
2019-06-28 12:22:00,BID_DEPTH,"[(100818, 350)]"
2019-06-28 12:22:00,ASK_DEPTH,"[(101138, 283)]"
2019-06-28 12:22:00,IMBALANCE,"[350, 283]"
2019-06-28 12:22:00,HOLDINGS_UPDATED,"{'CASH': -19348379, 'JPM': 288}"
2019-06-28 12:23:00,BID_DEPTH,"[(100916, 184)]"
2019-06-28 12:23:00,ASK_DEPTH,"[(101138, 224)]"
2019-06-28 12:23:00,IMBALANCE,"[184, 224]"
2019-06-28 12:23:00,HOLDINGS_UPDATED,"{'CASH': -18440135, 'JPM': 279}"
2019-06-28 12:24:00,BID_DEPTH,"[(100916, 133)]"
2019-06-28 12:24:00,ASK_DEPTH,"[(100989, 173)]"
2019-06-28 12:24:00,IMBALANCE,"[133, 173]"
2019-06-28 12:24:00,HOLDINGS_UPDATED,"{'CASH': -17531891, 'JPM': 270}"
2019-06-28 12:25:00,BID_DEPTH,"[(100829, 133)]"
2019-06-28 12:25:00,ASK_DEPTH,"[(100916, 173)]"
2019-06-28 12:25:00,IMBALANCE,"[133, 173]"
2019-06-28 12:25:00,HOLDINGS_UPDATED,"{'CASH': -16624430, 'JPM': 261}"
2019-06-28 12:26:00,BID_DEPTH,"[(100818, 198)]"
2019-06-28 12:26:00,ASK_DEPTH,"[(100829, 134)]"
2019-06-28 12:26:00,IMBALANCE,"[198, 134]"
2019-06-28 12:26:00,HOLDINGS_UPDATED,"{'CASH': -15717068, 'JPM': 252}"
2019-06-28 12:27:00,BID_DEPTH,"[(100607, 133)]"
2019-06-28 12:27:00,ASK_DEPTH,"[(100763, 100)]"
2019-06-28 12:27:00,IMBALANCE,"[133, 100]"
2019-06-28 12:27:00,HOLDINGS_UPDATED,"{'CASH': -14811605, 'JPM': 243}"
2019-06-28 12:28:00,BID_DEPTH,"[(100465, 133)]"
2019-06-28 12:28:00,ASK_DEPTH,"[(100607, 173)]"
2019-06-28 12:28:00,IMBALANCE,"[133, 173]"
2019-06-28 12:28:00,HOLDINGS_UPDATED,"{'CASH': -13907420, 'JPM': 234}"
2019-06-28 12:29:00,BID_DEPTH,"[(100239, 152)]"
2019-06-28 12:29:00,ASK_DEPTH,"[(100465, 192)]"
2019-06-28 12:29:00,IMBALANCE,"[152, 192]"
2019-06-28 12:29:00,HOLDINGS_UPDATED,"{'CASH': -13005269, 'JPM': 225}"
2019-06-28 12:30:00,BID_DEPTH,"[(100075, 243)]"
2019-06-28 12:30:00,ASK_DEPTH,"[(100465, 283)]"
2019-06-28 12:30:00,IMBALANCE,"[243, 283]"
2019-06-28 12:30:00,HOLDINGS_UPDATED,"{'CASH': -12104594, 'JPM': 216}"
2019-06-28 12:31:00,BID_DEPTH,"[(99999, 133)]"
2019-06-28 12:31:00,ASK_DEPTH,"[(100465, 173)]"
2019-06-28 12:31:00,IMBALANCE,"[133, 173]"
2019-06-28 12:31:00,HOLDINGS_UPDATED,"{'CASH': -11204603, 'JPM': 207}"
2019-06-28 12:32:00,BID_DEPTH,"[(100099, 152)]"
2019-06-28 12:32:00,ASK_DEPTH,"[(100215, 192)]"
2019-06-28 12:32:00,IMBALANCE,"[152, 192]"
2019-06-28 12:32:00,HOLDINGS_UPDATED,"{'CASH': -10303712, 'JPM': 198}"
2019-06-28 12:33:00,BID_DEPTH,"[(99945, 243)]"
2019-06-28 12:33:00,ASK_DEPTH,"[(99999, 202)]"
2019-06-28 12:33:00,IMBALANCE,"[243, 202]"
2019-06-28 12:33:00,HOLDINGS_UPDATED,"{'CASH': -9404207, 'JPM': 189}"
2019-06-28 12:34:00,BID_DEPTH,"[(99945, 99)]"
2019-06-28 12:34:00,ASK_DEPTH,"[(99999, 143)]"
2019-06-28 12:34:00,IMBALANCE,"[99, 143]"
2019-06-28 12:34:00,HOLDINGS_UPDATED,"{'CASH': -8504702, 'JPM': 180}"
2019-06-28 12:35:00,BID_DEPTH,"[(99971, 426)]"
2019-06-28 12:35:00,ASK_DEPTH,"[(99999, 385)]"
2019-06-28 12:35:00,IMBALANCE,"[426, 385]"
2019-06-28 12:35:00,HOLDINGS_UPDATED,"{'CASH': -7604963, 'JPM': 171}"
2019-06-28 12:36:00,BID_DEPTH,"[(99971, 258)]"
2019-06-28 12:36:00,ASK_DEPTH,"[(99999, 202)]"
2019-06-28 12:36:00,IMBALANCE,"[258, 202]"
2019-06-28 12:36:00,HOLDINGS_UPDATED,"{'CASH': -6705224, 'JPM': 162}"
2019-06-28 12:37:00,BID_DEPTH,"[(99773, 184)]"
2019-06-28 12:37:00,ASK_DEPTH,"[(99999, 143)]"
2019-06-28 12:37:00,IMBALANCE,"[184, 143]"
2019-06-28 12:37:00,HOLDINGS_UPDATED,"{'CASH': -5807267, 'JPM': 153}"
2019-06-28 12:38:00,BID_DEPTH,"[(99811, 184)]"
2019-06-28 12:38:00,ASK_DEPTH,"[(99855, 224)]"
2019-06-28 12:38:00,IMBALANCE,"[184, 224]"
2019-06-28 12:38:00,HOLDINGS_UPDATED,"{'CASH': -4908968, 'JPM': 144}"
2019-06-28 12:39:00,BID_DEPTH,"[(99553, 426)]"
2019-06-28 12:39:00,ASK_DEPTH,"[(99855, 466)]"
2019-06-28 12:39:00,IMBALANCE,"[426, 466]"
2019-06-28 12:39:00,HOLDINGS_UPDATED,"{'CASH': -4012991, 'JPM': 135}"
2019-06-28 12:40:00,BID_DEPTH,"[(99553, 426)]"
2019-06-28 12:40:00,ASK_DEPTH,"[(99855, 466)]"
2019-06-28 12:40:00,IMBALANCE,"[426, 466]"
2019-06-28 12:40:00,HOLDINGS_UPDATED,"{'CASH': -3117014, 'JPM': 126}"
2019-06-28 12:41:00,BID_DEPTH,"[(99593, 184)]"
2019-06-28 12:41:00,ASK_DEPTH,"[(100215, 224)]"
2019-06-28 12:41:00,IMBALANCE,"[184, 224]"
2019-06-28 12:41:00,HOLDINGS_UPDATED,"{'CASH': -2220677, 'JPM': 117}"
2019-06-28 12:42:00,BID_DEPTH,"[(99553, 67)]"
2019-06-28 12:42:00,ASK_DEPTH,"[(100215, 192)]"
2019-06-28 12:42:00,IMBALANCE,"[67, 192]"
2019-06-28 12:42:00,HOLDINGS_UPDATED,"{'CASH': -1324700, 'JPM': 108}"
2019-06-28 12:43:00,BID_DEPTH,"[(99553, 341)]"
2019-06-28 12:43:00,ASK_DEPTH,"[(100194, 173)]"
2019-06-28 12:43:00,IMBALANCE,"[341, 173]"
2019-06-28 12:43:00,HOLDINGS_UPDATED,"{'CASH': -428723, 'JPM': 99}"
2019-06-28 12:44:00,BID_DEPTH,"[(99553, 566)]"
2019-06-28 12:44:00,ASK_DEPTH,"[(100215, 283)]"
2019-06-28 12:44:00,IMBALANCE,"[566, 283]"
2019-06-28 12:44:00,HOLDINGS_UPDATED,"{'CASH': 467254, 'JPM': 90}"
2019-06-28 12:45:00,BID_DEPTH,"[(99553, 514)]"
2019-06-28 12:45:00,ASK_DEPTH,"[(100215, 224)]"
2019-06-28 12:45:00,IMBALANCE,"[514, 224]"
2019-06-28 12:45:00,HOLDINGS_UPDATED,"{'CASH': 1363231, 'JPM': 81}"
2019-06-28 12:46:00,BID_DEPTH,"[(99553, 663)]"
2019-06-28 12:46:00,ASK_DEPTH,"[(100345, 466)]"
2019-06-28 12:46:00,IMBALANCE,"[663, 466]"
2019-06-28 12:46:00,HOLDINGS_UPDATED,"{'CASH': 2259208, 'JPM': 72}"
2019-06-28 12:47:00,BID_DEPTH,"[(99553, 670)]"
2019-06-28 12:47:00,ASK_DEPTH,"[(100465, 466)]"
2019-06-28 12:47:00,IMBALANCE,"[670, 466]"
2019-06-28 12:47:00,HOLDINGS_UPDATED,"{'CASH': 2657420, 'JPM': 68}"
2019-06-28 12:47:00,HOLDINGS_UPDATED,"{'CASH': 3155185, 'JPM': 63}"
2019-06-28 12:48:00,BID_DEPTH,"[(99553, 435)]"
2019-06-28 12:48:00,ASK_DEPTH,"[(100818, 224)]"
2019-06-28 12:48:00,IMBALANCE,"[435, 224]"
2019-06-28 12:48:00,HOLDINGS_UPDATED,"{'CASH': 4051162, 'JPM': 54}"
2019-06-28 12:49:00,BID_DEPTH,"[(100787, 243)]"
2019-06-28 12:49:00,ASK_DEPTH,"[(100826, 283)]"
2019-06-28 12:49:00,IMBALANCE,"[243, 283]"
2019-06-28 12:49:00,HOLDINGS_UPDATED,"{'CASH': 4958245, 'JPM': 45}"
2019-06-28 12:50:00,BID_DEPTH,"[(100798, 133)]"
2019-06-28 12:50:00,ASK_DEPTH,"[(100826, 173)]"
2019-06-28 12:50:00,IMBALANCE,"[133, 173]"
2019-06-28 12:50:00,HOLDINGS_UPDATED,"{'CASH': 5865427, 'JPM': 36}"
2019-06-28 12:51:00,BID_DEPTH,"[(100825, 426)]"
2019-06-28 12:51:00,ASK_DEPTH,"[(100933, 466)]"
2019-06-28 12:51:00,IMBALANCE,"[426, 466]"
2019-06-28 12:51:00,HOLDINGS_UPDATED,"{'CASH': 6772852, 'JPM': 27}"
2019-06-28 12:52:00,BID_DEPTH,"[(100798, 140)]"
2019-06-28 12:52:00,ASK_DEPTH,"[(101004, 173)]"
2019-06-28 12:52:00,IMBALANCE,"[140, 173]"
2019-06-28 12:52:00,HOLDINGS_UPDATED,"{'CASH': 7680034, 'JPM': 18}"
2019-06-28 12:53:00,BID_DEPTH,"[(100787, 250)]"
2019-06-28 12:53:00,ASK_DEPTH,"[(101004, 283)]"
2019-06-28 12:53:00,IMBALANCE,"[250, 283]"
2019-06-28 12:53:00,HOLDINGS_UPDATED,"{'CASH': 8587117, 'JPM': 9}"
2019-06-28 12:54:00,BID_DEPTH,"[(100686, 152)]"
2019-06-28 12:54:00,ASK_DEPTH,"[(100787, 192)]"
2019-06-28 12:54:00,IMBALANCE,"[152, 192]"
2019-06-28 12:54:00,HOLDINGS_UPDATED,{'CASH': 9493291}
2019-06-28 12:55:00,BID_DEPTH,"[(99807, 152)]"
2019-06-28 12:55:00,ASK_DEPTH,"[(100686, 193)]"
2019-06-28 12:55:00,IMBALANCE,"[152, 193]"
2019-06-28 12:55:00,HOLDINGS_UPDATED,"{'CASH': 10391554, 'JPM': -9}"
2019-06-28 12:56:00,BID_DEPTH,"[(100416, 152)]"
2019-06-28 12:56:00,ASK_DEPTH,"[(100511, 192)]"
2019-06-28 12:56:00,IMBALANCE,"[152, 192]"
2019-06-28 12:56:00,HOLDINGS_UPDATED,"{'CASH': 11295298, 'JPM': -18}"
2019-06-28 12:57:00,BID_DEPTH,"[(100084, 184)]"
2019-06-28 12:57:00,ASK_DEPTH,"[(100243, 224)]"
2019-06-28 12:57:00,IMBALANCE,"[184, 224]"
2019-06-28 12:57:00,HOLDINGS_UPDATED,"{'CASH': 12196054, 'JPM': -27}"
2019-06-28 12:58:00,BID_DEPTH,"[(100085, 243)]"
2019-06-28 12:58:00,ASK_DEPTH,"[(100511, 283)]"
2019-06-28 12:58:00,IMBALANCE,"[243, 283]"
2019-06-28 12:58:00,HOLDINGS_UPDATED,"{'CASH': 13096819, 'JPM': -36}"
2019-06-28 12:59:00,BID_DEPTH,"[(100085, 91)]"
2019-06-28 12:59:00,ASK_DEPTH,"[(100510, 224)]"
2019-06-28 12:59:00,IMBALANCE,"[91, 224]"
2019-06-28 12:59:00,HOLDINGS_UPDATED,"{'CASH': 13997584, 'JPM': -45}"
2019-06-28 13:00:00,BID_DEPTH,"[(100085, 233)]"
2019-06-28 13:00:00,ASK_DEPTH,"[(100510, 173)]"
2019-06-28 13:00:00,IMBALANCE,"[233, 173]"
2019-06-28 13:00:00,HOLDINGS_UPDATED,"{'CASH': 14898349, 'JPM': -54}"
2019-06-28 13:01:00,BID_DEPTH,"[(100085, 240)]"
2019-06-28 13:01:00,ASK_DEPTH,"[(100686, 74)]"
2019-06-28 13:01:00,IMBALANCE,"[240, 74]"
2019-06-28 13:01:00,HOLDINGS_UPDATED,"{'CASH': 15799114, 'JPM': -63}"
2019-06-28 13:02:00,BID_DEPTH,"[(100736, 224)]"
2019-06-28 13:02:00,ASK_DEPTH,"[(100789, 184)]"
2019-06-28 13:02:00,IMBALANCE,"[224, 184]"
2019-06-28 13:02:00,HOLDINGS_UPDATED,"{'CASH': 14892013, 'JPM': -54}"
2019-06-28 13:03:00,BID_DEPTH,"[(100884, 283)]"
2019-06-28 13:03:00,ASK_DEPTH,"[(101050, 243)]"
2019-06-28 13:03:00,IMBALANCE,"[283, 243]"
2019-06-28 13:03:00,HOLDINGS_UPDATED,"{'CASH': 13982563, 'JPM': -45}"
2019-06-28 13:04:00,BID_DEPTH,"[(100884, 283)]"
2019-06-28 13:04:00,ASK_DEPTH,"[(101477, 243)]"
2019-06-28 13:04:00,IMBALANCE,"[283, 243]"
2019-06-28 13:04:00,HOLDINGS_UPDATED,"{'CASH': 13069270, 'JPM': -36}"
2019-06-28 13:05:00,BID_DEPTH,"[(101232, 173)]"
2019-06-28 13:05:00,ASK_DEPTH,"[(101476, 133)]"
2019-06-28 13:05:00,IMBALANCE,"[173, 133]"
2019-06-28 13:05:00,HOLDINGS_UPDATED,"{'CASH': 12155986, 'JPM': -27}"
2019-06-28 13:06:00,BID_DEPTH,"[(101399, 224)]"
2019-06-28 13:06:00,ASK_DEPTH,"[(101476, 199)]"
2019-06-28 13:06:00,IMBALANCE,"[224, 199]"
2019-06-28 13:06:00,HOLDINGS_UPDATED,"{'CASH': 11242702, 'JPM': -18}"
2019-06-28 13:07:00,BID_DEPTH,"[(101232, 192)]"
2019-06-28 13:07:00,ASK_DEPTH,"[(101476, 82)]"
2019-06-28 13:07:00,IMBALANCE,"[192, 82]"
2019-06-28 13:07:00,HOLDINGS_UPDATED,"{'CASH': 10329418, 'JPM': -9}"
2019-06-28 13:08:00,BID_DEPTH,"[(100736, 192)]"
2019-06-28 13:08:00,ASK_DEPTH,"[(100789, 59)]"
2019-06-28 13:08:00,IMBALANCE,"[192, 59]"
2019-06-28 13:08:00,HOLDINGS_UPDATED,{'CASH': 9422317}
2019-06-28 13:09:00,BID_DEPTH,"[(100298, 224)]"
2019-06-28 13:09:00,ASK_DEPTH,"[(101476, 92)]"
2019-06-28 13:09:00,IMBALANCE,"[224, 92]"
2019-06-28 13:09:00,HOLDINGS_UPDATED,"{'CASH': 8509033, 'JPM': 9}"
2019-06-28 13:10:00,BID_DEPTH,"[(100298, 224)]"
2019-06-28 13:10:00,ASK_DEPTH,"[(101477, 99)]"
2019-06-28 13:10:00,IMBALANCE,"[224, 99]"
2019-06-28 13:10:00,HOLDINGS_UPDATED,"{'CASH': 7595740, 'JPM': 18}"
2019-06-28 13:11:00,BID_DEPTH,"[(100101, 192)]"
2019-06-28 13:11:00,ASK_DEPTH,"[(101477, 152)]"
2019-06-28 13:11:00,IMBALANCE,"[192, 152]"
2019-06-28 13:11:00,HOLDINGS_UPDATED,"{'CASH': 6682447, 'JPM': 27}"
2019-06-28 13:12:00,BID_DEPTH,"[(100085, 380)]"
2019-06-28 13:12:00,ASK_DEPTH,"[(100157, 426)]"
2019-06-28 13:12:00,IMBALANCE,"[380, 426]"
2019-06-28 13:12:00,HOLDINGS_UPDATED,"{'CASH': 5781034, 'JPM': 36}"
2019-06-28 13:13:00,BID_DEPTH,"[(100085, 87)]"
2019-06-28 13:13:00,ASK_DEPTH,"[(100194, 133)]"
2019-06-28 13:13:00,IMBALANCE,"[87, 133]"
2019-06-28 13:13:00,HOLDINGS_UPDATED,"{'CASH': 4879288, 'JPM': 45}"
2019-06-28 13:14:00,BID_DEPTH,"[(100501, 173)]"
2019-06-28 13:14:00,ASK_DEPTH,"[(100565, 133)]"
2019-06-28 13:14:00,IMBALANCE,"[173, 133]"
2019-06-28 13:14:00,HOLDINGS_UPDATED,"{'CASH': 3974203, 'JPM': 54}"
2019-06-28 13:15:00,BID_DEPTH,"[(100565, 173)]"
2019-06-28 13:15:00,ASK_DEPTH,"[(100566, 133)]"
2019-06-28 13:15:00,IMBALANCE,"[173, 133]"
2019-06-28 13:15:00,HOLDINGS_UPDATED,"{'CASH': 3069109, 'JPM': 63}"
2019-06-28 13:16:00,BID_DEPTH,"[(100565, 224)]"
2019-06-28 13:16:00,ASK_DEPTH,"[(100576, 184)]"
2019-06-28 13:16:00,IMBALANCE,"[224, 184]"
2019-06-28 13:16:00,HOLDINGS_UPDATED,"{'CASH': 2163925, 'JPM': 72}"
2019-06-28 13:17:00,BID_DEPTH,"[(100576, 435)]"
2019-06-28 13:17:00,ASK_DEPTH,"[(100797, 426)]"
2019-06-28 13:17:00,IMBALANCE,"[435, 426]"
2019-06-28 13:17:00,HOLDINGS_UPDATED,"{'CASH': 1256752, 'JPM': 81}"
2019-06-28 13:18:00,BID_DEPTH,"[(100565, 283)]"
2019-06-28 13:18:00,ASK_DEPTH,"[(101103, 243)]"
2019-06-28 13:18:00,IMBALANCE,"[283, 243]"
2019-06-28 13:18:00,HOLDINGS_UPDATED,"{'CASH': 346825, 'JPM': 90}"
2019-06-28 13:19:00,BID_DEPTH,"[(101084, 283)]"
2019-06-28 13:19:00,ASK_DEPTH,"[(101103, 150)]"
2019-06-28 13:19:00,IMBALANCE,"[283, 150]"
2019-06-28 13:19:00,HOLDINGS_UPDATED,"{'CASH': -563102, 'JPM': 99}"
2019-06-28 13:20:00,BID_DEPTH,"[(101104, 192)]"
2019-06-28 13:20:00,ASK_DEPTH,"[(101454, 152)]"
2019-06-28 13:20:00,IMBALANCE,"[192, 152]"
2019-06-28 13:20:00,HOLDINGS_UPDATED,"{'CASH': -1476188, 'JPM': 108}"
2019-06-28 13:21:00,BID_DEPTH,"[(101104, 173)]"
2019-06-28 13:21:00,ASK_DEPTH,"[(101454, 48)]"
2019-06-28 13:21:00,IMBALANCE,"[173, 48]"
2019-06-28 13:21:00,HOLDINGS_UPDATED,"{'CASH': -2389274, 'JPM': 117}"
2019-06-28 13:22:00,BID_DEPTH,"[(101104, 192)]"
2019-06-28 13:22:00,ASK_DEPTH,"[(101458, 155)]"
2019-06-28 13:22:00,IMBALANCE,"[192, 155]"
2019-06-28 13:22:00,HOLDINGS_UPDATED,"{'CASH': -3302396, 'JPM': 126}"
2019-06-28 13:23:00,BID_DEPTH,"[(101104, 466)]"
2019-06-28 13:23:00,ASK_DEPTH,"[(101464, 426)]"
2019-06-28 13:23:00,IMBALANCE,"[466, 426]"
2019-06-28 13:23:00,HOLDINGS_UPDATED,"{'CASH': -4215572, 'JPM': 135}"
2019-06-28 13:24:00,BID_DEPTH,"[(101104, 466)]"
2019-06-28 13:24:00,ASK_DEPTH,"[(101464, 433)]"
2019-06-28 13:24:00,IMBALANCE,"[466, 433]"
2019-06-28 13:24:00,HOLDINGS_UPDATED,"{'CASH': -5128748, 'JPM': 144}"
2019-06-28 13:25:00,BID_DEPTH,"[(101084, 466)]"
2019-06-28 13:25:00,ASK_DEPTH,"[(101171, 426)]"
2019-06-28 13:25:00,IMBALANCE,"[466, 426]"
2019-06-28 13:25:00,HOLDINGS_UPDATED,"{'CASH': -6039287, 'JPM': 153}"
2019-06-28 13:26:00,BID_DEPTH,"[(101084, 224)]"
2019-06-28 13:26:00,ASK_DEPTH,"[(101171, 91)]"
2019-06-28 13:26:00,IMBALANCE,"[224, 91]"
2019-06-28 13:26:00,HOLDINGS_UPDATED,"{'CASH': -6949826, 'JPM': 162}"
2019-06-28 13:27:00,BID_DEPTH,"[(101084, 224)]"
2019-06-28 13:27:00,ASK_DEPTH,"[(101171, 184)]"
2019-06-28 13:27:00,IMBALANCE,"[224, 184]"
2019-06-28 13:27:00,HOLDINGS_UPDATED,"{'CASH': -7860365, 'JPM': 171}"
2019-06-28 13:28:00,BID_DEPTH,"[(101084, 283)]"
2019-06-28 13:28:00,ASK_DEPTH,"[(101171, 150)]"
2019-06-28 13:28:00,IMBALANCE,"[283, 150]"
2019-06-28 13:28:00,HOLDINGS_UPDATED,"{'CASH': -8770904, 'JPM': 180}"
2019-06-28 13:29:00,BID_DEPTH,"[(101171, 192)]"
2019-06-28 13:29:00,ASK_DEPTH,"[(101215, 152)]"
2019-06-28 13:29:00,IMBALANCE,"[192, 152]"
2019-06-28 13:29:00,HOLDINGS_UPDATED,"{'CASH': -9681839, 'JPM': 189}"
2019-06-28 13:30:00,BID_DEPTH,"[(101171, 192)]"
2019-06-28 13:30:00,ASK_DEPTH,"[(101215, 59)]"
2019-06-28 13:30:00,IMBALANCE,"[192, 59]"
2019-06-28 13:30:00,HOLDINGS_UPDATED,"{'CASH': -10592774, 'JPM': 198}"
2019-06-28 13:31:00,BID_DEPTH,"[(101215, 173)]"
2019-06-28 13:31:00,ASK_DEPTH,"[(101317, 133)]"
2019-06-28 13:31:00,IMBALANCE,"[173, 133]"
2019-06-28 13:31:00,HOLDINGS_UPDATED,"{'CASH': -11504627, 'JPM': 207}"
2019-06-28 13:32:00,BID_DEPTH,"[(101215, 192)]"
2019-06-28 13:32:00,ASK_DEPTH,"[(101464, 152)]"
2019-06-28 13:32:00,IMBALANCE,"[192, 152]"
2019-06-28 13:32:00,HOLDINGS_UPDATED,"{'CASH': -12417803, 'JPM': 216}"
2019-06-28 13:33:00,BID_DEPTH,"[(101386, 224)]"
2019-06-28 13:33:00,ASK_DEPTH,"[(101464, 191)]"
2019-06-28 13:33:00,IMBALANCE,"[224, 191]"
2019-06-28 13:33:00,HOLDINGS_UPDATED,"{'CASH': -13330979, 'JPM': 225}"
2019-06-28 13:34:00,BID_DEPTH,"[(101171, 224)]"
2019-06-28 13:34:00,ASK_DEPTH,"[(101464, 98)]"
2019-06-28 13:34:00,IMBALANCE,"[224, 98]"
2019-06-28 13:34:00,HOLDINGS_UPDATED,"{'CASH': -14244155, 'JPM': 234}"
2019-06-28 13:35:00,BID_DEPTH,"[(101171, 283)]"
2019-06-28 13:35:00,ASK_DEPTH,"[(101477, 250)]"
2019-06-28 13:35:00,IMBALANCE,"[283, 250]"
2019-06-28 13:35:00,HOLDINGS_UPDATED,"{'CASH': -15157448, 'JPM': 243}"
2019-06-28 13:36:00,BID_DEPTH,"[(101171, 224)]"
2019-06-28 13:36:00,ASK_DEPTH,"[(101479, 184)]"
2019-06-28 13:36:00,IMBALANCE,"[224, 184]"
2019-06-28 13:36:00,HOLDINGS_UPDATED,"{'CASH': -16070759, 'JPM': 252}"
2019-06-28 13:37:00,BID_DEPTH,"[(101479, 192)]"
2019-06-28 13:37:00,ASK_DEPTH,"[(101552, 152)]"
2019-06-28 13:37:00,IMBALANCE,"[192, 152]"
2019-06-28 13:37:00,HOLDINGS_UPDATED,"{'CASH': -16984727, 'JPM': 261}"
2019-06-28 13:38:00,BID_DEPTH,"[(101553, 224)]"
2019-06-28 13:38:00,ASK_DEPTH,"[(101744, 184)]"
2019-06-28 13:38:00,IMBALANCE,"[224, 184]"
2019-06-28 13:38:00,HOLDINGS_UPDATED,"{'CASH': -17900423, 'JPM': 270}"
2019-06-28 13:39:00,BID_DEPTH,"[(101479, 283)]"
2019-06-28 13:39:00,ASK_DEPTH,"[(101744, 158)]"
2019-06-28 13:39:00,IMBALANCE,"[283, 158]"
2019-06-28 13:39:00,HOLDINGS_UPDATED,"{'CASH': -18816119, 'JPM': 279}"
2019-06-28 13:40:00,BID_DEPTH,"[(101479, 192)]"
2019-06-28 13:40:00,ASK_DEPTH,"[(101697, 152)]"
2019-06-28 13:40:00,IMBALANCE,"[192, 152]"
2019-06-28 13:40:00,HOLDINGS_UPDATED,"{'CASH': -19731392, 'JPM': 288}"
2019-06-28 13:41:00,BID_DEPTH,"[(101697, 203)]"
2019-06-28 13:41:00,ASK_DEPTH,"[(101865, 243)]"
2019-06-28 13:41:00,IMBALANCE,"[203, 243]"
2019-06-28 13:41:00,HOLDINGS_UPDATED,"{'CASH': -20648177, 'JPM': 297}"
2019-06-28 13:42:00,BID_DEPTH,"[(101697, 203)]"
2019-06-28 13:42:00,ASK_DEPTH,"[(102036, 243)]"
2019-06-28 13:42:00,IMBALANCE,"[203, 243]"
2019-06-28 13:42:00,HOLDINGS_UPDATED,"{'CASH': -21566501, 'JPM': 306}"
2019-06-28 13:43:00,BID_DEPTH,"[(101982, 224)]"
2019-06-28 13:43:00,ASK_DEPTH,"[(102036, 92)]"
2019-06-28 13:43:00,IMBALANCE,"[224, 92]"
2019-06-28 13:43:00,HOLDINGS_UPDATED,"{'CASH': -22484825, 'JPM': 315}"
2019-06-28 13:44:00,BID_DEPTH,"[(101982, 283)]"
2019-06-28 13:44:00,ASK_DEPTH,"[(102036, 251)]"
2019-06-28 13:44:00,IMBALANCE,"[283, 251]"
2019-06-28 13:44:00,HOLDINGS_UPDATED,"{'CASH': -23403149, 'JPM': 324}"
2019-06-28 13:45:00,BID_DEPTH,"[(101851, 224)]"
2019-06-28 13:45:00,ASK_DEPTH,"[(102036, 107)]"
2019-06-28 13:45:00,IMBALANCE,"[224, 107]"
2019-06-28 13:45:00,HOLDINGS_UPDATED,"{'CASH': -24321473, 'JPM': 333}"
2019-06-28 13:46:00,BID_DEPTH,"[(101804, 192)]"
2019-06-28 13:46:00,ASK_DEPTH,"[(102035, 352)]"
2019-06-28 13:46:00,IMBALANCE,"[192, 352]"
2019-06-28 13:46:00,HOLDINGS_UPDATED,"{'CASH': -25239788, 'JPM': 342}"
2019-06-28 13:47:00,BID_DEPTH,"[(101804, 283)]"
2019-06-28 13:47:00,ASK_DEPTH,"[(102035, 558)]"
2019-06-28 13:47:00,IMBALANCE,"[283, 558]"
2019-06-28 13:47:00,HOLDINGS_UPDATED,"{'CASH': -26158103, 'JPM': 351}"
2019-06-28 13:48:00,BID_DEPTH,"[(101517, 466)]"
2019-06-28 13:48:00,ASK_DEPTH,"[(102034, 526)]"
2019-06-28 13:48:00,IMBALANCE,"[466, 526]"
2019-06-28 13:48:00,HOLDINGS_UPDATED,"{'CASH': -27076409, 'JPM': 360}"
2019-06-28 13:49:00,BID_DEPTH,"[(101517, 224)]"
2019-06-28 13:49:00,ASK_DEPTH,"[(102034, 191)]"
2019-06-28 13:49:00,IMBALANCE,"[224, 191]"
2019-06-28 13:49:00,HOLDINGS_UPDATED,"{'CASH': -27994715, 'JPM': 369}"
2019-06-28 13:50:00,BID_DEPTH,"[(101159, 224)]"
2019-06-28 13:50:00,ASK_DEPTH,"[(102034, 98)]"
2019-06-28 13:50:00,IMBALANCE,"[224, 98]"
2019-06-28 13:50:00,HOLDINGS_UPDATED,"{'CASH': -28913021, 'JPM': 378}"
2019-06-28 13:51:00,BID_DEPTH,"[(101159, 466)]"
2019-06-28 13:51:00,ASK_DEPTH,"[(102034, 526)]"
2019-06-28 13:51:00,IMBALANCE,"[466, 526]"
2019-06-28 13:51:00,HOLDINGS_UPDATED,"{'CASH': -29831327, 'JPM': 387}"
2019-06-28 13:52:00,BID_DEPTH,"[(100855, 283)]"
2019-06-28 13:52:00,ASK_DEPTH,"[(102034, 250)]"
2019-06-28 13:52:00,IMBALANCE,"[283, 250]"
2019-06-28 13:52:00,HOLDINGS_UPDATED,"{'CASH': -30749633, 'JPM': 396}"
2019-06-28 13:53:00,BID_DEPTH,"[(100421, 283)]"
2019-06-28 13:53:00,ASK_DEPTH,"[(100837, 151)]"
2019-06-28 13:53:00,IMBALANCE,"[283, 151]"
2019-06-28 13:53:00,HOLDINGS_UPDATED,"{'CASH': -31657166, 'JPM': 405}"
2019-06-28 13:54:00,BID_DEPTH,"[(100421, 466)]"
2019-06-28 13:54:00,ASK_DEPTH,"[(102034, 340)]"
2019-06-28 13:54:00,IMBALANCE,"[466, 340]"
2019-06-28 13:54:00,HOLDINGS_UPDATED,"{'CASH': -32575472, 'JPM': 414}"
2019-06-28 13:55:00,BID_DEPTH,"[(100421, 173)]"
2019-06-28 13:55:00,ASK_DEPTH,"[(102035, 263)]"
2019-06-28 13:55:00,IMBALANCE,"[173, 263]"
2019-06-28 13:55:00,HOLDINGS_UPDATED,"{'CASH': -33493787, 'JPM': 423}"
2019-06-28 13:56:00,BID_DEPTH,"[(100421, 466)]"
2019-06-28 13:56:00,ASK_DEPTH,"[(102035, 463)]"
2019-06-28 13:56:00,IMBALANCE,"[466, 463]"
2019-06-28 13:56:00,HOLDINGS_UPDATED,"{'CASH': -34412102, 'JPM': 432}"
2019-06-28 13:57:00,BID_DEPTH,"[(100039, 466)]"
2019-06-28 13:57:00,ASK_DEPTH,"[(102035, 370)]"
2019-06-28 13:57:00,IMBALANCE,"[466, 370]"
2019-06-28 13:57:00,HOLDINGS_UPDATED,"{'CASH': -34820242, 'JPM': 436}"
2019-06-28 13:57:00,HOLDINGS_UPDATED,"{'CASH': -35330417, 'JPM': 441}"
2019-06-28 13:58:00,BID_DEPTH,"[(100039, 466)]"
2019-06-28 13:58:00,ASK_DEPTH,"[(102036, 334)]"
2019-06-28 13:58:00,IMBALANCE,"[466, 334]"
2019-06-28 13:58:00,HOLDINGS_UPDATED,"{'CASH': -36248741, 'JPM': 450}"
2019-06-28 13:59:00,BID_DEPTH,"[(100039, 173)]"
2019-06-28 13:59:00,ASK_DEPTH,"[(102073, 133)]"
2019-06-28 13:59:00,IMBALANCE,"[173, 133]"
2019-06-28 13:59:00,HOLDINGS_UPDATED,"{'CASH': -37167398, 'JPM': 459}"
2019-06-28 14:00:00,BID_DEPTH,"[(99728, 173)]"
2019-06-28 14:00:00,ASK_DEPTH,"[(102073, 40)]"
2019-06-28 14:00:00,IMBALANCE,"[173, 40]"
2019-06-28 14:00:00,HOLDINGS_UPDATED,"{'CASH': -38086055, 'JPM': 468}"
2019-06-28 14:01:00,BID_DEPTH,"[(99598, 224)]"
2019-06-28 14:01:00,ASK_DEPTH,"[(99742, 184)]"
2019-06-28 14:01:00,IMBALANCE,"[224, 184]"
2019-06-28 14:01:00,HOLDINGS_UPDATED,"{'CASH': -38983733, 'JPM': 477}"
2019-06-28 14:02:00,BID_DEPTH,"[(99598, 466)]"
2019-06-28 14:02:00,ASK_DEPTH,"[(99742, 626)]"
2019-06-28 14:02:00,IMBALANCE,"[466, 626]"
2019-06-28 14:02:00,HOLDINGS_UPDATED,"{'CASH': -39881411, 'JPM': 486}"
2019-06-28 14:03:00,BID_DEPTH,"[(99560, 184)]"
2019-06-28 14:03:00,ASK_DEPTH,"[(99742, 323)]"
2019-06-28 14:03:00,IMBALANCE,"[184, 323]"
2019-06-28 14:03:00,HOLDINGS_UPDATED,"{'CASH': -38985371, 'JPM': 477}"
2019-06-28 14:04:00,BID_DEPTH,"[(99464, 243)]"
2019-06-28 14:04:00,ASK_DEPTH,"[(99560, 244)]"
2019-06-28 14:04:00,IMBALANCE,"[243, 244]"
2019-06-28 14:04:00,HOLDINGS_UPDATED,"{'CASH': -38090195, 'JPM': 468}"
2019-06-28 14:05:00,BID_DEPTH,"[(99369, 133)]"
2019-06-28 14:05:00,ASK_DEPTH,"[(99560, 134)]"
2019-06-28 14:05:00,IMBALANCE,"[133, 134]"
2019-06-28 14:05:00,HOLDINGS_UPDATED,"{'CASH': -37195874, 'JPM': 459}"
2019-06-28 14:06:00,BID_DEPTH,"[(99148, 133)]"
2019-06-28 14:06:00,ASK_DEPTH,"[(99277, 100)]"
2019-06-28 14:06:00,IMBALANCE,"[133, 100]"
2019-06-28 14:06:00,HOLDINGS_UPDATED,"{'CASH': -36303542, 'JPM': 450}"
2019-06-28 14:07:00,BID_DEPTH,"[(98396, 133)]"
2019-06-28 14:07:00,ASK_DEPTH,"[(99277, 100)]"
2019-06-28 14:07:00,IMBALANCE,"[133, 100]"
2019-06-28 14:07:00,HOLDINGS_UPDATED,"{'CASH': -35417978, 'JPM': 441}"
2019-06-28 14:08:00,BID_DEPTH,"[(98396, 167)]"
2019-06-28 14:08:00,ASK_DEPTH,"[(99277, 119)]"
2019-06-28 14:08:00,IMBALANCE,"[167, 119]"
2019-06-28 14:08:00,HOLDINGS_UPDATED,"{'CASH': -34532414, 'JPM': 432}"
2019-06-28 14:09:00,BID_DEPTH,"[(98334, 133)]"
2019-06-28 14:09:00,ASK_DEPTH,"[(99277, 100)]"
2019-06-28 14:09:00,IMBALANCE,"[133, 100]"
2019-06-28 14:09:00,HOLDINGS_UPDATED,"{'CASH': -33647408, 'JPM': 423}"
2019-06-28 14:10:00,BID_DEPTH,"[(98777, 426)]"
2019-06-28 14:10:00,ASK_DEPTH,"[(98868, 466)]"
2019-06-28 14:10:00,IMBALANCE,"[426, 466]"
2019-06-28 14:10:00,HOLDINGS_UPDATED,"{'CASH': -32758415, 'JPM': 414}"
2019-06-28 14:11:00,BID_DEPTH,"[(98777, 341)]"
2019-06-28 14:11:00,ASK_DEPTH,"[(99560, 427)]"
2019-06-28 14:11:00,IMBALANCE,"[341, 427]"
2019-06-28 14:11:00,HOLDINGS_UPDATED,"{'CASH': -31869422, 'JPM': 405}"
2019-06-28 14:12:00,BID_DEPTH,"[(98855, 152)]"
2019-06-28 14:12:00,ASK_DEPTH,"[(99560, 153)]"
2019-06-28 14:12:00,IMBALANCE,"[152, 153]"
2019-06-28 14:12:00,HOLDINGS_UPDATED,"{'CASH': -30979727, 'JPM': 396}"
2019-06-28 14:13:00,BID_DEPTH,"[(99003, 243)]"
2019-06-28 14:13:00,ASK_DEPTH,"[(99307, 283)]"
2019-06-28 14:13:00,IMBALANCE,"[243, 283]"
2019-06-28 14:13:00,HOLDINGS_UPDATED,"{'CASH': -30088700, 'JPM': 387}"
2019-06-28 14:14:00,BID_DEPTH,"[(98959, 152)]"
2019-06-28 14:14:00,ASK_DEPTH,"[(99128, 192)]"
2019-06-28 14:14:00,IMBALANCE,"[152, 192]"
2019-06-28 14:14:00,HOLDINGS_UPDATED,"{'CASH': -29198069, 'JPM': 378}"
2019-06-28 14:15:00,BID_DEPTH,"[(99161, 152)]"
2019-06-28 14:15:00,ASK_DEPTH,"[(99305, 192)]"
2019-06-28 14:15:00,IMBALANCE,"[152, 192]"
2019-06-28 14:15:00,HOLDINGS_UPDATED,"{'CASH': -28305620, 'JPM': 369}"
2019-06-28 14:16:00,BID_DEPTH,"[(99161, 191)]"
2019-06-28 14:16:00,ASK_DEPTH,"[(99307, 224)]"
2019-06-28 14:16:00,IMBALANCE,"[191, 224]"
2019-06-28 14:16:00,HOLDINGS_UPDATED,"{'CASH': -27413171, 'JPM': 360}"
2019-06-28 14:17:00,BID_DEPTH,"[(99130, 426)]"
2019-06-28 14:17:00,ASK_DEPTH,"[(99161, 479)]"
2019-06-28 14:17:00,IMBALANCE,"[426, 479]"
2019-06-28 14:17:00,HOLDINGS_UPDATED,"{'CASH': -26521001, 'JPM': 351}"
2019-06-28 14:18:00,BID_DEPTH,"[(99102, 152)]"
2019-06-28 14:18:00,ASK_DEPTH,"[(99130, 93)]"
2019-06-28 14:18:00,IMBALANCE,"[152, 93]"
2019-06-28 14:18:00,HOLDINGS_UPDATED,"{'CASH': -25629083, 'JPM': 342}"
2019-06-28 14:19:00,BID_DEPTH,"[(99045, 152)]"
2019-06-28 14:19:00,ASK_DEPTH,"[(99130, 93)]"
2019-06-28 14:19:00,IMBALANCE,"[152, 93]"
2019-06-28 14:19:00,HOLDINGS_UPDATED,"{'CASH': -24737678, 'JPM': 333}"
2019-06-28 14:20:00,BID_DEPTH,"[(99131, 133)]"
2019-06-28 14:20:00,ASK_DEPTH,"[(99161, 173)]"
2019-06-28 14:20:00,IMBALANCE,"[133, 173]"
2019-06-28 14:20:00,HOLDINGS_UPDATED,"{'CASH': -23845499, 'JPM': 324}"
2019-06-28 14:21:00,BID_DEPTH,"[(99131, 191)]"
2019-06-28 14:21:00,ASK_DEPTH,"[(99197, 224)]"
2019-06-28 14:21:00,IMBALANCE,"[191, 224]"
2019-06-28 14:21:00,HOLDINGS_UPDATED,"{'CASH': -22953320, 'JPM': 315}"
2019-06-28 14:22:00,BID_DEPTH,"[(99131, 147)]"
2019-06-28 14:22:00,ASK_DEPTH,"[(99240, 173)]"
2019-06-28 14:22:00,IMBALANCE,"[147, 173]"
2019-06-28 14:22:00,HOLDINGS_UPDATED,"{'CASH': -22061141, 'JPM': 306}"
2019-06-28 14:23:00,BID_DEPTH,"[(99370, 426)]"
2019-06-28 14:23:00,ASK_DEPTH,"[(99412, 466)]"
2019-06-28 14:23:00,IMBALANCE,"[426, 466]"
2019-06-28 14:23:00,HOLDINGS_UPDATED,"{'CASH': -21166811, 'JPM': 297}"
2019-06-28 14:24:00,BID_DEPTH,"[(99370, 91)]"
2019-06-28 14:24:00,ASK_DEPTH,"[(99412, 224)]"
2019-06-28 14:24:00,IMBALANCE,"[91, 224]"
2019-06-28 14:24:00,HOLDINGS_UPDATED,"{'CASH': -20272481, 'JPM': 288}"
2019-06-28 14:25:00,BID_DEPTH,"[(99295, 243)]"
2019-06-28 14:25:00,ASK_DEPTH,"[(99440, 283)]"
2019-06-28 14:25:00,IMBALANCE,"[243, 283]"
2019-06-28 14:25:00,HOLDINGS_UPDATED,"{'CASH': -19378826, 'JPM': 279}"
2019-06-28 14:26:00,BID_DEPTH,"[(99295, 333)]"
2019-06-28 14:26:00,ASK_DEPTH,"[(99554, 466)]"
2019-06-28 14:26:00,IMBALANCE,"[333, 466]"
2019-06-28 14:26:00,HOLDINGS_UPDATED,"{'CASH': -18485171, 'JPM': 270}"
2019-06-28 14:27:00,BID_DEPTH,"[(99131, 73)]"
2019-06-28 14:27:00,ASK_DEPTH,"[(99553, 192)]"
2019-06-28 14:27:00,IMBALANCE,"[73, 192]"
2019-06-28 14:27:00,HOLDINGS_UPDATED,"{'CASH': -17592992, 'JPM': 261}"
2019-06-28 14:28:00,BID_DEPTH,"[(99045, 91)]"
2019-06-28 14:28:00,ASK_DEPTH,"[(99560, 224)]"
2019-06-28 14:28:00,IMBALANCE,"[91, 224]"
2019-06-28 14:28:00,HOLDINGS_UPDATED,"{'CASH': -16701587, 'JPM': 252}"
2019-06-28 14:29:00,BID_DEPTH,"[(99046, 133)]"
2019-06-28 14:29:00,ASK_DEPTH,"[(99598, 173)]"
2019-06-28 14:29:00,IMBALANCE,"[133, 173]"
2019-06-28 14:29:00,HOLDINGS_UPDATED,"{'CASH': -15810173, 'JPM': 243}"
2019-06-28 14:30:00,BID_DEPTH,"[(99046, 350)]"
2019-06-28 14:30:00,ASK_DEPTH,"[(99783, 283)]"
2019-06-28 14:30:00,IMBALANCE,"[350, 283]"
2019-06-28 14:30:00,HOLDINGS_UPDATED,"{'CASH': -14918759, 'JPM': 234}"
2019-06-28 14:31:00,BID_DEPTH,"[(99046, 440)]"
2019-06-28 14:31:00,ASK_DEPTH,"[(99924, 466)]"
2019-06-28 14:31:00,IMBALANCE,"[440, 466]"
2019-06-28 14:31:00,HOLDINGS_UPDATED,"{'CASH': -14027345, 'JPM': 225}"
2019-06-28 14:32:00,BID_DEPTH,"[(99046, 264)]"
2019-06-28 14:32:00,ASK_DEPTH,"[(99973, 283)]"
2019-06-28 14:32:00,IMBALANCE,"[264, 283]"
2019-06-28 14:32:00,HOLDINGS_UPDATED,"{'CASH': -13135931, 'JPM': 216}"
2019-06-28 14:33:00,BID_DEPTH,"[(99046, 112)]"
2019-06-28 14:33:00,ASK_DEPTH,"[(99256, 224)]"
2019-06-28 14:33:00,IMBALANCE,"[112, 224]"
2019-06-28 14:33:00,HOLDINGS_UPDATED,"{'CASH': -12244517, 'JPM': 207}"
2019-06-28 14:34:00,BID_DEPTH,"[(99045, 133)]"
2019-06-28 14:34:00,ASK_DEPTH,"[(99186, 173)]"
2019-06-28 14:34:00,IMBALANCE,"[133, 173]"
2019-06-28 14:34:00,HOLDINGS_UPDATED,"{'CASH': -11353112, 'JPM': 198}"
2019-06-28 14:35:00,BID_DEPTH,"[(99045, 191)]"
2019-06-28 14:35:00,ASK_DEPTH,"[(99186, 224)]"
2019-06-28 14:35:00,IMBALANCE,"[191, 224]"
2019-06-28 14:35:00,HOLDINGS_UPDATED,"{'CASH': -10461707, 'JPM': 189}"
2019-06-28 14:36:00,BID_DEPTH,"[(99045, 157)]"
2019-06-28 14:36:00,ASK_DEPTH,"[(99115, 283)]"
2019-06-28 14:36:00,IMBALANCE,"[157, 283]"
2019-06-28 14:36:00,HOLDINGS_UPDATED,"{'CASH': -9570302, 'JPM': 180}"
2019-06-28 14:37:00,BID_DEPTH,"[(98991, 133)]"
2019-06-28 14:37:00,ASK_DEPTH,"[(99151, 100)]"
2019-06-28 14:37:00,IMBALANCE,"[133, 100]"
2019-06-28 14:37:00,HOLDINGS_UPDATED,"{'CASH': -8679383, 'JPM': 171}"
2019-06-28 14:38:00,BID_DEPTH,"[(99256, 41)]"
2019-06-28 14:38:00,ASK_DEPTH,"[(99288, 173)]"
2019-06-28 14:38:00,IMBALANCE,"[41, 173]"
2019-06-28 14:38:00,HOLDINGS_UPDATED,"{'CASH': -7786079, 'JPM': 162}"
2019-06-28 14:39:00,BID_DEPTH,"[(98991, 426)]"
2019-06-28 14:39:00,ASK_DEPTH,"[(99288, 466)]"
2019-06-28 14:39:00,IMBALANCE,"[426, 466]"
2019-06-28 14:39:00,HOLDINGS_UPDATED,"{'CASH': -6895160, 'JPM': 153}"
2019-06-28 14:40:00,BID_DEPTH,"[(99346, 243)]"
2019-06-28 14:40:00,ASK_DEPTH,"[(99420, 283)]"
2019-06-28 14:40:00,IMBALANCE,"[243, 283]"
2019-06-28 14:40:00,HOLDINGS_UPDATED,"{'CASH': -6001046, 'JPM': 144}"
2019-06-28 14:41:00,BID_DEPTH,"[(99346, 250)]"
2019-06-28 14:41:00,ASK_DEPTH,"[(99420, 283)]"
2019-06-28 14:41:00,IMBALANCE,"[250, 283]"
2019-06-28 14:41:00,HOLDINGS_UPDATED,"{'CASH': -5106932, 'JPM': 135}"
2019-06-28 14:42:00,BID_DEPTH,"[(99346, 98)]"
2019-06-28 14:42:00,ASK_DEPTH,"[(99495, 224)]"
2019-06-28 14:42:00,IMBALANCE,"[98, 224]"
2019-06-28 14:42:00,HOLDINGS_UPDATED,"{'CASH': -4212818, 'JPM': 126}"
2019-06-28 14:43:00,BID_DEPTH,"[(99346, 184)]"
2019-06-28 14:43:00,ASK_DEPTH,"[(99495, 224)]"
2019-06-28 14:43:00,IMBALANCE,"[184, 224]"
2019-06-28 14:43:00,HOLDINGS_UPDATED,"{'CASH': -3318704, 'JPM': 117}"
2019-06-28 14:44:00,BID_DEPTH,"[(99347, 526)]"
2019-06-28 14:44:00,ASK_DEPTH,"[(99625, 466)]"
2019-06-28 14:44:00,IMBALANCE,"[526, 466]"
2019-06-28 14:44:00,HOLDINGS_UPDATED,"{'CASH': -2424581, 'JPM': 108}"
2019-06-28 14:45:00,BID_DEPTH,"[(99347, 450)]"
2019-06-28 14:45:00,ASK_DEPTH,"[(99625, 283)]"
2019-06-28 14:45:00,IMBALANCE,"[450, 283]"
2019-06-28 14:45:00,HOLDINGS_UPDATED,"{'CASH': -1530458, 'JPM': 99}"
2019-06-28 14:46:00,BID_DEPTH,"[(99624, 152)]"
2019-06-28 14:46:00,ASK_DEPTH,"[(99685, 192)]"
2019-06-28 14:46:00,IMBALANCE,"[152, 192]"
2019-06-28 14:46:00,HOLDINGS_UPDATED,"{'CASH': -633842, 'JPM': 90}"
2019-06-28 14:47:00,BID_DEPTH,"[(99624, 150)]"
2019-06-28 14:47:00,ASK_DEPTH,"[(99685, 283)]"
2019-06-28 14:47:00,IMBALANCE,"[150, 283]"
2019-06-28 14:47:00,HOLDINGS_UPDATED,"{'CASH': 262774, 'JPM': 81}"
2019-06-28 14:48:00,BID_DEPTH,"[(99543, 173)]"
2019-06-28 14:48:00,ASK_DEPTH,"[(99685, 133)]"
2019-06-28 14:48:00,IMBALANCE,"[173, 133]"
2019-06-28 14:48:00,HOLDINGS_UPDATED,"{'CASH': -634391, 'JPM': 90}"
2019-06-28 14:49:00,BID_DEPTH,"[(99543, 281)]"
2019-06-28 14:49:00,ASK_DEPTH,"[(99685, 70)]"
2019-06-28 14:49:00,IMBALANCE,"[281, 70]"
2019-06-28 14:49:00,HOLDINGS_UPDATED,"{'CASH': -1531556, 'JPM': 99}"
2019-06-28 14:50:00,BID_DEPTH,"[(99445, 283)]"
2019-06-28 14:50:00,ASK_DEPTH,"[(99747, 243)]"
2019-06-28 14:50:00,IMBALANCE,"[283, 243]"
2019-06-28 14:50:00,HOLDINGS_UPDATED,"{'CASH': -2429279, 'JPM': 108}"
2019-06-28 14:51:00,BID_DEPTH,"[(99724, 192)]"
2019-06-28 14:51:00,ASK_DEPTH,"[(99747, 259)]"
2019-06-28 14:51:00,IMBALANCE,"[192, 259]"
2019-06-28 14:51:00,HOLDINGS_UPDATED,"{'CASH': -3327002, 'JPM': 117}"
2019-06-28 14:52:00,BID_DEPTH,"[(99725, 224)]"
2019-06-28 14:52:00,ASK_DEPTH,"[(99747, 106)]"
2019-06-28 14:52:00,IMBALANCE,"[224, 106]"
2019-06-28 14:52:00,HOLDINGS_UPDATED,"{'CASH': -4224725, 'JPM': 126}"
2019-06-28 14:53:00,BID_DEPTH,"[(99725, 173)]"
2019-06-28 14:53:00,ASK_DEPTH,"[(99748, 133)]"
2019-06-28 14:53:00,IMBALANCE,"[173, 133]"
2019-06-28 14:53:00,HOLDINGS_UPDATED,"{'CASH': -5122457, 'JPM': 135}"
2019-06-28 14:54:00,BID_DEPTH,"[(99589, 466)]"
2019-06-28 14:54:00,ASK_DEPTH,"[(99792, 426)]"
2019-06-28 14:54:00,IMBALANCE,"[466, 426]"
2019-06-28 14:54:00,HOLDINGS_UPDATED,"{'CASH': -6020585, 'JPM': 144}"
2019-06-28 14:55:00,BID_DEPTH,"[(99445, 466)]"
2019-06-28 14:55:00,ASK_DEPTH,"[(99792, 341)]"
2019-06-28 14:55:00,IMBALANCE,"[466, 341]"
2019-06-28 14:55:00,HOLDINGS_UPDATED,"{'CASH': -6918713, 'JPM': 153}"
2019-06-28 14:56:00,BID_DEPTH,"[(99445, 173)]"
2019-06-28 14:56:00,ASK_DEPTH,"[(99792, 333)]"
2019-06-28 14:56:00,IMBALANCE,"[173, 333]"
2019-06-28 14:56:00,HOLDINGS_UPDATED,"{'CASH': -7816841, 'JPM': 162}"
2019-06-28 14:57:00,BID_DEPTH,"[(99478, 173)]"
2019-06-28 14:57:00,ASK_DEPTH,"[(99542, 133)]"
2019-06-28 14:57:00,IMBALANCE,"[173, 133]"
2019-06-28 14:57:00,HOLDINGS_UPDATED,"{'CASH': -8712719, 'JPM': 171}"
2019-06-28 14:58:00,BID_DEPTH,"[(99542, 352)]"
2019-06-28 14:58:00,ASK_DEPTH,"[(99791, 243)]"
2019-06-28 14:58:00,IMBALANCE,"[352, 243]"
2019-06-28 14:58:00,HOLDINGS_UPDATED,"{'CASH': -9610838, 'JPM': 180}"
2019-06-28 14:59:00,BID_DEPTH,"[(99542, 535)]"
2019-06-28 14:59:00,ASK_DEPTH,"[(99792, 333)]"
2019-06-28 14:59:00,IMBALANCE,"[535, 333]"
2019-06-28 14:59:00,HOLDINGS_UPDATED,"{'CASH': -10508966, 'JPM': 189}"
2019-06-28 15:00:00,BID_DEPTH,"[(99542, 261)]"
2019-06-28 15:00:00,ASK_DEPTH,"[(99792, 152)]"
2019-06-28 15:00:00,IMBALANCE,"[261, 152]"
2019-06-28 15:00:00,HOLDINGS_UPDATED,"{'CASH': -11407094, 'JPM': 198}"
2019-06-28 15:01:00,BID_DEPTH,"[(99542, 261)]"
2019-06-28 15:01:00,ASK_DEPTH,"[(99743, 152)]"
2019-06-28 15:01:00,IMBALANCE,"[261, 152]"
2019-06-28 15:01:00,HOLDINGS_UPDATED,"{'CASH': -12304781, 'JPM': 207}"
2019-06-28 15:02:00,BID_DEPTH,"[(99619, 192)]"
2019-06-28 15:02:00,ASK_DEPTH,"[(99792, 59)]"
2019-06-28 15:02:00,IMBALANCE,"[192, 59]"
2019-06-28 15:02:00,HOLDINGS_UPDATED,"{'CASH': -13202909, 'JPM': 216}"
2019-06-28 15:03:00,BID_DEPTH,"[(99823, 466)]"
2019-06-28 15:03:00,ASK_DEPTH,"[(99849, 426)]"
2019-06-28 15:03:00,IMBALANCE,"[466, 426]"
2019-06-28 15:03:00,HOLDINGS_UPDATED,"{'CASH': -14101550, 'JPM': 225}"
2019-06-28 15:04:00,BID_DEPTH,"[(99823, 224)]"
2019-06-28 15:04:00,ASK_DEPTH,"[(99865, 184)]"
2019-06-28 15:04:00,IMBALANCE,"[224, 184]"
2019-06-28 15:04:00,HOLDINGS_UPDATED,"{'CASH': -15000335, 'JPM': 234}"
2019-06-28 15:05:00,BID_DEPTH,"[(99823, 224)]"
2019-06-28 15:05:00,ASK_DEPTH,"[(99899, 184)]"
2019-06-28 15:05:00,IMBALANCE,"[224, 184]"
2019-06-28 15:05:00,HOLDINGS_UPDATED,"{'CASH': -15899426, 'JPM': 243}"
2019-06-28 15:06:00,BID_DEPTH,"[(99899, 234)]"
2019-06-28 15:06:00,ASK_DEPTH,"[(99975, 133)]"
2019-06-28 15:06:00,IMBALANCE,"[234, 133]"
2019-06-28 15:06:00,HOLDINGS_UPDATED,"{'CASH': -16799201, 'JPM': 252}"
2019-06-28 15:07:00,BID_DEPTH,"[(99899, 344)]"
2019-06-28 15:07:00,ASK_DEPTH,"[(100046, 243)]"
2019-06-28 15:07:00,IMBALANCE,"[344, 243]"
2019-06-28 15:07:00,HOLDINGS_UPDATED,"{'CASH': -17699615, 'JPM': 261}"
2019-06-28 15:08:00,BID_DEPTH,"[(99899, 285)]"
2019-06-28 15:08:00,ASK_DEPTH,"[(100317, 184)]"
2019-06-28 15:08:00,IMBALANCE,"[285, 184]"
2019-06-28 15:08:00,HOLDINGS_UPDATED,"{'CASH': -18602468, 'JPM': 270}"
2019-06-28 15:09:00,BID_DEPTH,"[(99899, 427)]"
2019-06-28 15:09:00,ASK_DEPTH,"[(100316, 426)]"
2019-06-28 15:09:00,IMBALANCE,"[427, 426]"
2019-06-28 15:09:00,HOLDINGS_UPDATED,"{'CASH': -19505312, 'JPM': 279}"
2019-06-28 15:10:00,BID_DEPTH,"[(99823, 283)]"
2019-06-28 15:10:00,ASK_DEPTH,"[(100316, 158)]"
2019-06-28 15:10:00,IMBALANCE,"[283, 158]"
2019-06-28 15:10:00,HOLDINGS_UPDATED,"{'CASH': -20408156, 'JPM': 288}"
2019-06-28 15:11:00,BID_DEPTH,"[(99777, 283)]"
2019-06-28 15:11:00,ASK_DEPTH,"[(100316, 151)]"
2019-06-28 15:11:00,IMBALANCE,"[283, 151]"
2019-06-28 15:11:00,HOLDINGS_UPDATED,"{'CASH': -21311000, 'JPM': 297}"
2019-06-28 15:12:00,BID_DEPTH,"[(99619, 224)]"
2019-06-28 15:12:00,ASK_DEPTH,"[(100316, 192)]"
2019-06-28 15:12:00,IMBALANCE,"[224, 192]"
2019-06-28 15:12:00,HOLDINGS_UPDATED,"{'CASH': -22213844, 'JPM': 306}"
2019-06-28 15:13:00,BID_DEPTH,"[(99627, 283)]"
2019-06-28 15:13:00,ASK_DEPTH,"[(100316, 158)]"
2019-06-28 15:13:00,IMBALANCE,"[283, 158]"
2019-06-28 15:13:00,HOLDINGS_UPDATED,"{'CASH': -23116688, 'JPM': 315}"
2019-06-28 15:14:00,BID_DEPTH,"[(99506, 192)]"
2019-06-28 15:14:00,ASK_DEPTH,"[(100317, 67)]"
2019-06-28 15:14:00,IMBALANCE,"[192, 67]"
2019-06-28 15:14:00,HOLDINGS_UPDATED,"{'CASH': -24019541, 'JPM': 324}"
2019-06-28 15:15:00,BID_DEPTH,"[(99478, 192)]"
2019-06-28 15:15:00,ASK_DEPTH,"[(99506, 152)]"
2019-06-28 15:15:00,IMBALANCE,"[192, 152]"
2019-06-28 15:15:00,HOLDINGS_UPDATED,"{'CASH': -24915095, 'JPM': 333}"
2019-06-28 15:16:00,BID_DEPTH,"[(99450, 192)]"
2019-06-28 15:16:00,ASK_DEPTH,"[(99506, 159)]"
2019-06-28 15:16:00,IMBALANCE,"[192, 159]"
2019-06-28 15:16:00,HOLDINGS_UPDATED,"{'CASH': -25810649, 'JPM': 342}"
2019-06-28 15:17:00,BID_DEPTH,"[(99450, 283)]"
2019-06-28 15:17:00,ASK_DEPTH,"[(99506, 157)]"
2019-06-28 15:17:00,IMBALANCE,"[283, 157]"
2019-06-28 15:17:00,HOLDINGS_UPDATED,"{'CASH': -26706203, 'JPM': 351}"
2019-06-28 15:18:00,BID_DEPTH,"[(99450, 466)]"
2019-06-28 15:18:00,ASK_DEPTH,"[(100114, 426)]"
2019-06-28 15:18:00,IMBALANCE,"[466, 426]"
2019-06-28 15:18:00,HOLDINGS_UPDATED,"{'CASH': -27607229, 'JPM': 360}"
2019-06-28 15:19:00,BID_DEPTH,"[(100114, 173)]"
2019-06-28 15:19:00,ASK_DEPTH,"[(100409, 133)]"
2019-06-28 15:19:00,IMBALANCE,"[173, 133]"
2019-06-28 15:19:00,HOLDINGS_UPDATED,"{'CASH': -28510910, 'JPM': 369}"
2019-06-28 15:20:00,BID_DEPTH,"[(100305, 283)]"
2019-06-28 15:20:00,ASK_DEPTH,"[(100409, 158)]"
2019-06-28 15:20:00,IMBALANCE,"[283, 158]"
2019-06-28 15:20:00,HOLDINGS_UPDATED,"{'CASH': -29414591, 'JPM': 378}"
2019-06-28 15:21:00,BID_DEPTH,"[(100305, 466)]"
2019-06-28 15:21:00,ASK_DEPTH,"[(100409, 334)]"
2019-06-28 15:21:00,IMBALANCE,"[466, 334]"
2019-06-28 15:21:00,HOLDINGS_UPDATED,"{'CASH': -30318272, 'JPM': 387}"
2019-06-28 15:22:00,BID_DEPTH,"[(100305, 283)]"
2019-06-28 15:22:00,ASK_DEPTH,"[(100420, 243)]"
2019-06-28 15:22:00,IMBALANCE,"[283, 243]"
2019-06-28 15:22:00,HOLDINGS_UPDATED,"{'CASH': -31222052, 'JPM': 396}"
2019-06-28 15:23:00,BID_DEPTH,"[(100305, 192)]"
2019-06-28 15:23:00,ASK_DEPTH,"[(100459, 152)]"
2019-06-28 15:23:00,IMBALANCE,"[192, 152]"
2019-06-28 15:23:00,HOLDINGS_UPDATED,"{'CASH': -32126183, 'JPM': 405}"
2019-06-28 15:24:00,BID_DEPTH,"[(100656, 374)]"
2019-06-28 15:24:00,ASK_DEPTH,"[(101084, 426)]"
2019-06-28 15:24:00,IMBALANCE,"[374, 426]"
2019-06-28 15:24:00,HOLDINGS_UPDATED,"{'CASH': -33035939, 'JPM': 414}"
2019-06-28 15:25:00,BID_DEPTH,"[(100305, 173)]"
2019-06-28 15:25:00,ASK_DEPTH,"[(101084, 41)]"
2019-06-28 15:25:00,IMBALANCE,"[173, 41]"
2019-06-28 15:25:00,HOLDINGS_UPDATED,"{'CASH': -33945695, 'JPM': 423}"
2019-06-28 15:26:00,BID_DEPTH,"[(100250, 192)]"
2019-06-28 15:26:00,ASK_DEPTH,"[(100908, 152)]"
2019-06-28 15:26:00,IMBALANCE,"[192, 152]"
2019-06-28 15:26:00,HOLDINGS_UPDATED,"{'CASH': -34853867, 'JPM': 432}"
2019-06-28 15:27:00,BID_DEPTH,"[(100229, 466)]"
2019-06-28 15:27:00,ASK_DEPTH,"[(100908, 341)]"
2019-06-28 15:27:00,IMBALANCE,"[466, 341]"
2019-06-28 15:27:00,HOLDINGS_UPDATED,"{'CASH': -35762039, 'JPM': 441}"
2019-06-28 15:28:00,BID_DEPTH,"[(100229, 192)]"
2019-06-28 15:28:00,ASK_DEPTH,"[(100908, 260)]"
2019-06-28 15:28:00,IMBALANCE,"[192, 260]"
2019-06-28 15:28:00,HOLDINGS_UPDATED,"{'CASH': -36670211, 'JPM': 450}"
2019-06-28 15:29:00,BID_DEPTH,"[(99447, 224)]"
2019-06-28 15:29:00,ASK_DEPTH,"[(100908, 207)]"
2019-06-28 15:29:00,IMBALANCE,"[224, 207]"
2019-06-28 15:29:00,HOLDINGS_UPDATED,"{'CASH': -37578383, 'JPM': 459}"
2019-06-28 15:30:00,BID_DEPTH,"[(99447, 283)]"
2019-06-28 15:30:00,ASK_DEPTH,"[(100908, 273)]"
2019-06-28 15:30:00,IMBALANCE,"[283, 273]"
2019-06-28 15:30:00,HOLDINGS_UPDATED,"{'CASH': -38486555, 'JPM': 468}"
2019-06-28 15:31:00,BID_DEPTH,"[(99447, 173)]"
2019-06-28 15:31:00,ASK_DEPTH,"[(100908, 170)]"
2019-06-28 15:31:00,IMBALANCE,"[173, 170]"
2019-06-28 15:31:00,HOLDINGS_UPDATED,"{'CASH': -39394727, 'JPM': 477}"
2019-06-28 15:32:00,BID_DEPTH,"[(99456, 283)]"
2019-06-28 15:32:00,ASK_DEPTH,"[(99970, 243)]"
2019-06-28 15:32:00,IMBALANCE,"[283, 243]"
2019-06-28 15:32:00,HOLDINGS_UPDATED,"{'CASH': -40294457, 'JPM': 486}"
2019-06-28 15:33:00,BID_DEPTH,"[(99472, 283)]"
2019-06-28 15:33:00,ASK_DEPTH,"[(99768, 243)]"
2019-06-28 15:33:00,IMBALANCE,"[283, 243]"
2019-06-28 15:33:00,HOLDINGS_UPDATED,"{'CASH': -41192369, 'JPM': 495}"
2019-06-28 15:34:00,BID_DEPTH,"[(99768, 212)]"
2019-06-28 15:34:00,ASK_DEPTH,"[(99893, 152)]"
2019-06-28 15:34:00,IMBALANCE,"[212, 152]"
2019-06-28 15:34:00,HOLDINGS_UPDATED,"{'CASH': -42091406, 'JPM': 504}"
2019-06-28 15:35:00,BID_DEPTH,"[(99834, 466)]"
2019-06-28 15:35:00,ASK_DEPTH,"[(99893, 333)]"
2019-06-28 15:35:00,IMBALANCE,"[466, 333]"
2019-06-28 15:35:00,HOLDINGS_UPDATED,"{'CASH': -42990443, 'JPM': 513}"
2019-06-28 15:36:00,BID_DEPTH,"[(99887, 466)]"
2019-06-28 15:36:00,ASK_DEPTH,"[(99970, 433)]"
2019-06-28 15:36:00,IMBALANCE,"[466, 433]"
2019-06-28 15:36:00,HOLDINGS_UPDATED,"{'CASH': -43890173, 'JPM': 522}"
2019-06-28 15:37:00,BID_DEPTH,"[(99887, 173)]"
2019-06-28 15:37:00,ASK_DEPTH,"[(99982, 133)]"
2019-06-28 15:37:00,IMBALANCE,"[173, 133]"
2019-06-28 15:37:00,HOLDINGS_UPDATED,"{'CASH': -44790011, 'JPM': 531}"
2019-06-28 15:38:00,BID_DEPTH,"[(99834, 192)]"
2019-06-28 15:38:00,ASK_DEPTH,"[(99981, 152)]"
2019-06-28 15:38:00,IMBALANCE,"[192, 152]"
2019-06-28 15:38:00,HOLDINGS_UPDATED,"{'CASH': -45689840, 'JPM': 540}"
2019-06-28 15:39:00,BID_DEPTH,"[(99768, 386)]"
2019-06-28 15:39:00,ASK_DEPTH,"[(99816, 353)]"
2019-06-28 15:39:00,IMBALANCE,"[386, 353]"
2019-06-28 15:39:00,HOLDINGS_UPDATED,"{'CASH': -46588184, 'JPM': 549}"
2019-06-28 15:40:00,BID_DEPTH,"[(99637, 192)]"
2019-06-28 15:40:00,ASK_DEPTH,"[(99768, 152)]"
2019-06-28 15:40:00,IMBALANCE,"[192, 152]"
2019-06-28 15:40:00,HOLDINGS_UPDATED,"{'CASH': -47486096, 'JPM': 558}"
2019-06-28 15:41:00,BID_DEPTH,"[(99696, 466)]"
2019-06-28 15:41:00,ASK_DEPTH,"[(99768, 333)]"
2019-06-28 15:41:00,IMBALANCE,"[466, 333]"
2019-06-28 15:41:00,HOLDINGS_UPDATED,"{'CASH': -48384008, 'JPM': 567}"
2019-06-28 15:42:00,BID_DEPTH,"[(99806, 466)]"
2019-06-28 15:42:00,ASK_DEPTH,"[(99981, 433)]"
2019-06-28 15:42:00,IMBALANCE,"[466, 433]"
2019-06-28 15:42:00,HOLDINGS_UPDATED,"{'CASH': -49283837, 'JPM': 576}"
2019-06-28 15:43:00,BID_DEPTH,"[(99806, 224)]"
2019-06-28 15:43:00,ASK_DEPTH,"[(99981, 98)]"
2019-06-28 15:43:00,IMBALANCE,"[224, 98]"
2019-06-28 15:43:00,HOLDINGS_UPDATED,"{'CASH': -50183666, 'JPM': 585}"
2019-06-28 15:44:00,BID_DEPTH,"[(99768, 173)]"
2019-06-28 15:44:00,ASK_DEPTH,"[(99813, 233)]"
2019-06-28 15:44:00,IMBALANCE,"[173, 233]"
2019-06-28 15:44:00,HOLDINGS_UPDATED,"{'CASH': -51081983, 'JPM': 594}"
2019-06-28 15:45:00,BID_DEPTH,"[(99768, 283)]"
2019-06-28 15:45:00,ASK_DEPTH,"[(99813, 250)]"
2019-06-28 15:45:00,IMBALANCE,"[283, 250]"
2019-06-28 15:45:00,HOLDINGS_UPDATED,"{'CASH': -51980300, 'JPM': 603}"
2019-06-28 15:46:00,BID_DEPTH,"[(99813, 426)]"
2019-06-28 15:46:00,ASK_DEPTH,"[(99981, 466)]"
2019-06-28 15:46:00,IMBALANCE,"[426, 466]"
2019-06-28 15:46:00,HOLDINGS_UPDATED,"{'CASH': -51081983, 'JPM': 594}"
2019-06-28 15:47:00,BID_DEPTH,"[(99813, 333)]"
2019-06-28 15:47:00,ASK_DEPTH,"[(99981, 466)]"
2019-06-28 15:47:00,IMBALANCE,"[333, 466]"
2019-06-28 15:47:00,HOLDINGS_UPDATED,"{'CASH': -50183666, 'JPM': 585}"
2019-06-28 15:48:00,BID_DEPTH,"[(100242, 334)]"
2019-06-28 15:48:00,ASK_DEPTH,"[(100262, 466)]"
2019-06-28 15:48:00,IMBALANCE,"[334, 466]"
2019-06-28 15:48:00,HOLDINGS_UPDATED,"{'CASH': -49281488, 'JPM': 576}"
2019-06-28 15:49:00,BID_DEPTH,"[(100242, 133)]"
2019-06-28 15:49:00,ASK_DEPTH,"[(100262, 173)]"
2019-06-28 15:49:00,IMBALANCE,"[133, 173]"
2019-06-28 15:49:00,HOLDINGS_UPDATED,"{'CASH': -48379310, 'JPM': 567}"
2019-06-28 15:50:00,BID_DEPTH,"[(100224, 243)]"
2019-06-28 15:50:00,ASK_DEPTH,"[(100262, 283)]"
2019-06-28 15:50:00,IMBALANCE,"[243, 283]"
2019-06-28 15:50:00,HOLDINGS_UPDATED,"{'CASH': -47477294, 'JPM': 558}"
2019-06-28 15:51:00,BID_DEPTH,"[(99656, 243)]"
2019-06-28 15:51:00,ASK_DEPTH,"[(100224, 193)]"
2019-06-28 15:51:00,IMBALANCE,"[243, 193]"
2019-06-28 15:51:00,HOLDINGS_UPDATED,"{'CASH': -46580390, 'JPM': 549}"
2019-06-28 15:52:00,BID_DEPTH,"[(99637, 184)]"
2019-06-28 15:52:00,ASK_DEPTH,"[(99656, 224)]"
2019-06-28 15:52:00,IMBALANCE,"[184, 224]"
2019-06-28 15:52:00,HOLDINGS_UPDATED,"{'CASH': -45683657, 'JPM': 540}"
2019-06-28 15:53:00,BID_DEPTH,"[(99620, 133)]"
2019-06-28 15:53:00,ASK_DEPTH,"[(99656, 173)]"
2019-06-28 15:53:00,IMBALANCE,"[133, 173]"
2019-06-28 15:53:00,HOLDINGS_UPDATED,"{'CASH': -44787077, 'JPM': 531}"
2019-06-28 15:54:00,BID_DEPTH,"[(99503, 426)]"
2019-06-28 15:54:00,ASK_DEPTH,"[(99620, 386)]"
2019-06-28 15:54:00,IMBALANCE,"[426, 386]"
2019-06-28 15:54:00,HOLDINGS_UPDATED,"{'CASH': -43891550, 'JPM': 522}"
2019-06-28 15:55:00,BID_DEPTH,"[(99432, 184)]"
2019-06-28 15:55:00,ASK_DEPTH,"[(99620, 144)]"
2019-06-28 15:55:00,IMBALANCE,"[184, 144]"
2019-06-28 15:55:00,HOLDINGS_UPDATED,"{'CASH': -42996662, 'JPM': 513}"
2019-06-28 15:56:00,BID_DEPTH,"[(98855, 334)]"
2019-06-28 15:56:00,ASK_DEPTH,"[(99620, 386)]"
2019-06-28 15:56:00,IMBALANCE,"[334, 386]"
2019-06-28 15:56:00,HOLDINGS_UPDATED,"{'CASH': -42106967, 'JPM': 504}"
2019-06-28 15:57:00,BID_DEPTH,"[(98778, 133)]"
2019-06-28 15:57:00,ASK_DEPTH,"[(99620, 93)]"
2019-06-28 15:57:00,IMBALANCE,"[133, 93]"
2019-06-28 15:57:00,HOLDINGS_UPDATED,"{'CASH': -41217965, 'JPM': 495}"
2019-06-28 15:58:00,BID_DEPTH,"[(98334, 60)]"
2019-06-28 15:58:00,ASK_DEPTH,"[(98763, 192)]"
2019-06-28 15:58:00,IMBALANCE,"[60, 192]"
2019-06-28 15:58:00,HOLDINGS_UPDATED,"{'CASH': -40332959, 'JPM': 486}"
2019-06-28 15:59:00,BID_DEPTH,"[(98763, 60)]"
2019-06-28 15:59:00,ASK_DEPTH,"[(98778, 112)]"
2019-06-28 15:59:00,IMBALANCE,"[60, 112]"
2019-06-28 15:59:00,HOLDINGS_UPDATED,"{'CASH': -39444092, 'JPM': 477}"
2019-06-28 16:00:00,BID_DEPTH,"[(98437, 184)]"
2019-06-28 16:00:00,ASK_DEPTH,"[(99089, 224)]"
2019-06-28 16:00:00,IMBALANCE,"[184, 224]"
2019-06-28 16:00:00,HOLDINGS_UPDATED,"{'CASH': -38558159, 'JPM': 468}"
2019-06-28 16:01:00,BID_DEPTH,"[(98437, 131)]"
2019-06-28 16:01:00,ASK_DEPTH,"[(99089, 224)]"
2019-06-28 16:01:00,IMBALANCE,"[131, 224]"
2019-06-28 16:01:00,MKT_CLOSED,
2019-06-28 16:01:00,FINAL_HOLDINGS,"{ JPM: 468, CASH: -38558159 }"
2019-06-28 16:01:00,FINAL_CASH_POSITION,-38558159
2019-06-28 16:01:00,MARK_TO_MARKET,468 JPM @ 98437 == 46068516
2019-06-28 16:01:00,MARKED_TO_MARKET,7510357
2019-06-28 16:01:00,ENDING_CASH,7510357
