EventTime,EventType,Event
,AGENT_TYPE,MomentumAgent
,STARTING_CASH,10000000
2019-06-28 09:30:00,HOLDINGS_UPDATED,{'CASH': 10000000}
2019-06-28 09:31:00,BID_DEPTH,"[(100031, 538)]"
2019-06-28 09:31:00,ASK_DEPTH,"[(100033, 538)]"
2019-06-28 09:31:00,IMBALANCE,"[538, 538]"
2019-06-28 09:32:00,BID_DEPTH,"[(100030, 249)]"
2019-06-28 09:32:00,ASK_DEPTH,"[(100031, 449)]"
2019-06-28 09:32:00,IMBALANCE,"[249, 449]"
2019-06-28 09:33:00,BID_DEPTH,"[(100030, 249)]"
2019-06-28 09:33:00,ASK_DEPTH,"[(100031, 449)]"
2019-06-28 09:33:00,IMBALANCE,"[249, 449]"
2019-06-28 09:34:00,BID_DEPTH,"[(100030, 538)]"
2019-06-28 09:34:00,ASK_DEPTH,"[(100031, 638)]"
2019-06-28 09:34:00,IMBALANCE,"[538, 638]"
2019-06-28 09:35:00,BID_DEPTH,"[(100030, 249)]"
2019-06-28 09:35:00,ASK_DEPTH,"[(100035, 249)]"
2019-06-28 09:35:00,IMBALANCE,"[249, 249]"
2019-06-28 09:36:00,BID_DEPTH,"[(100035, 188)]"
2019-06-28 09:36:00,ASK_DEPTH,"[(100045, 188)]"
2019-06-28 09:36:00,IMBALANCE,"[188, 188]"
2019-06-28 09:37:00,BID_DEPTH,"[(100045, 638)]"
2019-06-28 09:37:00,ASK_DEPTH,"[(100060, 538)]"
2019-06-28 09:37:00,IMBALANCE,"[638, 538]"
2019-06-28 09:38:00,BID_DEPTH,"[(100054, 188)]"
2019-06-28 09:38:00,ASK_DEPTH,"[(100073, 188)]"
2019-06-28 09:38:00,IMBALANCE,"[188, 188]"
2019-06-28 09:39:00,BID_DEPTH,"[(100054, 188)]"
2019-06-28 09:39:00,ASK_DEPTH,"[(100083, 188)]"
2019-06-28 09:39:00,IMBALANCE,"[188, 188]"
2019-06-28 09:40:00,BID_DEPTH,"[(100045, 249)]"
2019-06-28 09:40:00,ASK_DEPTH,"[(100049, 249)]"
2019-06-28 09:40:00,IMBALANCE,"[249, 249]"
2019-06-28 09:41:00,BID_DEPTH,"[(100045, 319)]"
2019-06-28 09:41:00,ASK_DEPTH,"[(100049, 319)]"
2019-06-28 09:41:00,IMBALANCE,"[319, 319]"
2019-06-28 09:42:00,BID_DEPTH,"[(100046, 188)]"
2019-06-28 09:42:00,ASK_DEPTH,"[(100049, 188)]"
2019-06-28 09:42:00,IMBALANCE,"[188, 188]"
2019-06-28 09:43:00,BID_DEPTH,"[(100046, 288)]"
2019-06-28 09:43:00,ASK_DEPTH,"[(100049, 188)]"
2019-06-28 09:43:00,IMBALANCE,"[288, 188]"
2019-06-28 09:44:00,BID_DEPTH,"[(100030, 249)]"
2019-06-28 09:44:00,ASK_DEPTH,"[(100047, 249)]"
2019-06-28 09:44:00,IMBALANCE,"[249, 249]"
2019-06-28 09:45:00,BID_DEPTH,"[(100030, 249)]"
2019-06-28 09:45:00,ASK_DEPTH,"[(100049, 249)]"
2019-06-28 09:45:00,IMBALANCE,"[249, 249]"
2019-06-28 09:46:00,BID_DEPTH,"[(100030, 188)]"
2019-06-28 09:46:00,ASK_DEPTH,"[(100041, 188)]"
2019-06-28 09:46:00,IMBALANCE,"[188, 188]"
2019-06-28 09:47:00,BID_DEPTH,"[(100030, 538)]"
2019-06-28 09:47:00,ASK_DEPTH,"[(100064, 538)]"
2019-06-28 09:47:00,IMBALANCE,"[538, 538]"
2019-06-28 09:48:00,BID_DEPTH,"[(100064, 210)]"
2019-06-28 09:48:00,ASK_DEPTH,"[(100100, 310)]"
2019-06-28 09:48:00,IMBALANCE,"[210, 310]"
2019-06-28 09:49:00,BID_DEPTH,"[(100083, 419)]"
2019-06-28 09:49:00,ASK_DEPTH,"[(100100, 319)]"
2019-06-28 09:49:00,IMBALANCE,"[419, 319]"
2019-06-28 09:50:00,BID_DEPTH,"[(100083, 519)]"
2019-06-28 09:50:00,ASK_DEPTH,"[(100100, 319)]"
2019-06-28 09:50:00,IMBALANCE,"[519, 319]"
2019-06-28 09:51:00,BID_DEPTH,"[(100083, 519)]"
2019-06-28 09:51:00,ASK_DEPTH,"[(100105, 319)]"
2019-06-28 09:51:00,IMBALANCE,"[519, 319]"
2019-06-28 09:52:00,BID_DEPTH,"[(100105, 188)]"
2019-06-28 09:52:00,ASK_DEPTH,"[(100115, 188)]"
2019-06-28 09:52:00,IMBALANCE,"[188, 188]"
2019-06-28 09:53:00,BID_DEPTH,"[(100105, 188)]"
2019-06-28 09:53:00,ASK_DEPTH,"[(100197, 188)]"
2019-06-28 09:53:00,IMBALANCE,"[188, 188]"
2019-06-28 09:54:00,BID_DEPTH,"[(100115, 188)]"
2019-06-28 09:54:00,ASK_DEPTH,"[(100392, 188)]"
2019-06-28 09:54:00,IMBALANCE,"[188, 188]"
2019-06-28 09:55:00,BID_DEPTH,"[(100264, 210)]"
2019-06-28 09:55:00,ASK_DEPTH,"[(100529, 210)]"
2019-06-28 09:55:00,IMBALANCE,"[210, 210]"
2019-06-28 09:56:00,BID_DEPTH,"[(100264, 188)]"
2019-06-28 09:56:00,ASK_DEPTH,"[(100439, 188)]"
2019-06-28 09:56:00,IMBALANCE,"[188, 188]"
2019-06-28 09:57:00,BID_DEPTH,"[(100392, 249)]"
2019-06-28 09:57:00,ASK_DEPTH,"[(100439, 249)]"
2019-06-28 09:57:00,IMBALANCE,"[249, 249]"
2019-06-28 09:58:00,BID_DEPTH,"[(100392, 188)]"
2019-06-28 09:58:00,ASK_DEPTH,"[(100529, 188)]"
2019-06-28 09:58:00,IMBALANCE,"[188, 188]"
2019-06-28 09:59:00,BID_DEPTH,"[(100377, 188)]"
2019-06-28 09:59:00,ASK_DEPTH,"[(100438, 288)]"
2019-06-28 09:59:00,IMBALANCE,"[188, 288]"
2019-06-28 10:00:00,BID_DEPTH,"[(100393, 538)]"
2019-06-28 10:00:00,ASK_DEPTH,"[(100438, 638)]"
2019-06-28 10:00:00,IMBALANCE,"[538, 638]"
2019-06-28 10:01:00,BID_DEPTH,"[(100377, 188)]"
2019-06-28 10:01:00,ASK_DEPTH,"[(100438, 288)]"
2019-06-28 10:01:00,IMBALANCE,"[188, 288]"
2019-06-28 10:02:00,BID_DEPTH,"[(100266, 188)]"
2019-06-28 10:02:00,ASK_DEPTH,"[(100438, 288)]"
2019-06-28 10:02:00,IMBALANCE,"[188, 288]"
2019-06-28 10:03:00,BID_DEPTH,"[(100266, 538)]"
2019-06-28 10:03:00,ASK_DEPTH,"[(100438, 638)]"
2019-06-28 10:03:00,IMBALANCE,"[538, 638]"
2019-06-28 10:04:00,BID_DEPTH,"[(100264, 249)]"
2019-06-28 10:04:00,ASK_DEPTH,"[(100393, 249)]"
2019-06-28 10:04:00,IMBALANCE,"[249, 249]"
2019-06-28 10:05:00,BID_DEPTH,"[(100105, 188)]"
2019-06-28 10:05:00,ASK_DEPTH,"[(100264, 300)]"
2019-06-28 10:05:00,IMBALANCE,"[188, 300]"
2019-06-28 10:06:00,BID_DEPTH,"[(100101, 249)]"
2019-06-28 10:06:00,ASK_DEPTH,"[(100264, 361)]"
2019-06-28 10:06:00,IMBALANCE,"[249, 361]"
2019-06-28 10:07:00,BID_DEPTH,"[(100101, 538)]"
2019-06-28 10:07:00,ASK_DEPTH,"[(100264, 650)]"
2019-06-28 10:07:00,IMBALANCE,"[538, 650]"
2019-06-28 10:08:00,BID_DEPTH,"[(99962, 249)]"
2019-06-28 10:08:00,ASK_DEPTH,"[(100264, 361)]"
2019-06-28 10:08:00,IMBALANCE,"[249, 361]"
2019-06-28 10:09:00,BID_DEPTH,"[(99935, 210)]"
2019-06-28 10:09:00,ASK_DEPTH,"[(100264, 322)]"
2019-06-28 10:09:00,IMBALANCE,"[210, 322]"
2019-06-28 10:10:00,BID_DEPTH,"[(99935, 188)]"
2019-06-28 10:10:00,ASK_DEPTH,"[(99960, 188)]"
2019-06-28 10:10:00,IMBALANCE,"[188, 188]"
2019-06-28 10:11:00,BID_DEPTH,"[(99914, 249)]"
2019-06-28 10:11:00,ASK_DEPTH,"[(99936, 249)]"
2019-06-28 10:11:00,IMBALANCE,"[249, 249]"
2019-06-28 10:12:00,BID_DEPTH,"[(99912, 538)]"
2019-06-28 10:12:00,ASK_DEPTH,"[(99935, 538)]"
2019-06-28 10:12:00,IMBALANCE,"[538, 538]"
2019-06-28 10:13:00,BID_DEPTH,"[(99905, 538)]"
2019-06-28 10:13:00,ASK_DEPTH,"[(99935, 538)]"
2019-06-28 10:13:00,IMBALANCE,"[538, 538]"
2019-06-28 10:14:00,BID_DEPTH,"[(99698, 538)]"
2019-06-28 10:14:00,ASK_DEPTH,"[(99935, 538)]"
2019-06-28 10:14:00,IMBALANCE,"[538, 538]"
2019-06-28 10:15:00,BID_DEPTH,"[(99698, 188)]"
2019-06-28 10:15:00,ASK_DEPTH,"[(99935, 188)]"
2019-06-28 10:15:00,IMBALANCE,"[188, 188]"
2019-06-28 10:16:00,BID_DEPTH,"[(99935, 310)]"
2019-06-28 10:16:00,ASK_DEPTH,"[(100264, 310)]"
2019-06-28 10:16:00,IMBALANCE,"[310, 310]"
2019-06-28 10:17:00,BID_DEPTH,"[(99935, 638)]"
2019-06-28 10:17:00,ASK_DEPTH,"[(100264, 638)]"
2019-06-28 10:17:00,IMBALANCE,"[638, 638]"
2019-06-28 10:18:00,BID_DEPTH,"[(99935, 210)]"
2019-06-28 10:18:00,ASK_DEPTH,"[(100264, 310)]"
2019-06-28 10:18:00,IMBALANCE,"[210, 310]"
2019-06-28 10:19:00,BID_DEPTH,"[(99906, 319)]"
2019-06-28 10:19:00,ASK_DEPTH,"[(100264, 419)]"
2019-06-28 10:19:00,IMBALANCE,"[319, 419]"
2019-06-28 10:20:00,BID_DEPTH,"[(99641, 188)]"
2019-06-28 10:20:00,ASK_DEPTH,"[(99906, 188)]"
2019-06-28 10:20:00,IMBALANCE,"[188, 188]"
2019-06-28 10:21:00,BID_DEPTH,"[(99641, 273)]"
2019-06-28 10:21:00,ASK_DEPTH,"[(99906, 319)]"
2019-06-28 10:21:00,IMBALANCE,"[273, 319]"
2019-06-28 10:21:00,HOLDINGS_UPDATED,"{'CASH': 10896769, 'JPM': -9}"
2019-06-28 10:22:00,BID_DEPTH,"[(99547, 164)]"
2019-06-28 10:22:00,ASK_DEPTH,"[(99640, 210)]"
2019-06-28 10:22:00,IMBALANCE,"[164, 210]"
2019-06-28 10:22:00,HOLDINGS_UPDATED,"{'CASH': 11792692, 'JPM': -18}"
2019-06-28 10:23:00,BID_DEPTH,"[(99041, 164)]"
2019-06-28 10:23:00,ASK_DEPTH,"[(99640, 210)]"
2019-06-28 10:23:00,IMBALANCE,"[164, 210]"
2019-06-28 10:23:00,HOLDINGS_UPDATED,"{'CASH': 12684061, 'JPM': -27}"
2019-06-28 10:24:00,BID_DEPTH,"[(98940, 164)]"
2019-06-28 10:24:00,ASK_DEPTH,"[(99076, 210)]"
2019-06-28 10:24:00,IMBALANCE,"[164, 210]"
2019-06-28 10:24:00,HOLDINGS_UPDATED,"{'CASH': 13574521, 'JPM': -36}"
2019-06-28 10:25:00,BID_DEPTH,"[(98880, 142)]"
2019-06-28 10:25:00,ASK_DEPTH,"[(98940, 188)]"
2019-06-28 10:25:00,IMBALANCE,"[142, 188]"
2019-06-28 10:25:00,HOLDINGS_UPDATED,"{'CASH': 14464441, 'JPM': -45}"
2019-06-28 10:26:00,BID_DEPTH,"[(98794, 203)]"
2019-06-28 10:26:00,ASK_DEPTH,"[(98940, 249)]"
2019-06-28 10:26:00,IMBALANCE,"[203, 249]"
2019-06-28 10:26:00,HOLDINGS_UPDATED,"{'CASH': 15353587, 'JPM': -54}"
2019-06-28 10:27:00,BID_DEPTH,"[(98795, 303)]"
2019-06-28 10:27:00,ASK_DEPTH,"[(99076, 249)]"
2019-06-28 10:27:00,IMBALANCE,"[303, 249]"
2019-06-28 10:27:00,HOLDINGS_UPDATED,"{'CASH': 16242742, 'JPM': -63}"
2019-06-28 10:28:00,BID_DEPTH,"[(98795, 147)]"
2019-06-28 10:28:00,ASK_DEPTH,"[(99076, 210)]"
2019-06-28 10:28:00,IMBALANCE,"[147, 210]"
2019-06-28 10:28:00,HOLDINGS_UPDATED,"{'CASH': 17131897, 'JPM': -72}"
2019-06-28 10:29:00,BID_DEPTH,"[(98773, 273)]"
2019-06-28 10:29:00,ASK_DEPTH,"[(98998, 319)]"
2019-06-28 10:29:00,IMBALANCE,"[273, 319]"
2019-06-28 10:29:00,HOLDINGS_UPDATED,"{'CASH': 18020854, 'JPM': -81}"
2019-06-28 10:30:00,BID_DEPTH,"[(98462, 142)]"
2019-06-28 10:30:00,ASK_DEPTH,"[(98998, 188)]"
2019-06-28 10:30:00,IMBALANCE,"[142, 188]"
2019-06-28 10:30:00,HOLDINGS_UPDATED,"{'CASH': 18907012, 'JPM': -90}"
2019-06-28 10:31:00,BID_DEPTH,"[(98630, 164)]"
2019-06-28 10:31:00,ASK_DEPTH,"[(98796, 210)]"
2019-06-28 10:31:00,IMBALANCE,"[164, 210]"
2019-06-28 10:31:00,HOLDINGS_UPDATED,"{'CASH': 19794682, 'JPM': -99}"
2019-06-28 10:32:00,BID_DEPTH,"[(98516, 492)]"
2019-06-28 10:32:00,ASK_DEPTH,"[(98845, 538)]"
2019-06-28 10:32:00,IMBALANCE,"[492, 538]"
2019-06-28 10:32:00,HOLDINGS_UPDATED,"{'CASH': 20681326, 'JPM': -108}"
2019-06-28 10:33:00,BID_DEPTH,"[(98710, 273)]"
2019-06-28 10:33:00,ASK_DEPTH,"[(98845, 319)]"
2019-06-28 10:33:00,IMBALANCE,"[273, 319]"
2019-06-28 10:33:00,HOLDINGS_UPDATED,"{'CASH': 21569716, 'JPM': -117}"
2019-06-28 10:34:00,BID_DEPTH,"[(98710, 492)]"
2019-06-28 10:34:00,ASK_DEPTH,"[(98845, 538)]"
2019-06-28 10:34:00,IMBALANCE,"[492, 538]"
2019-06-28 10:34:00,HOLDINGS_UPDATED,"{'CASH': 22458106, 'JPM': -126}"
2019-06-28 10:35:00,BID_DEPTH,"[(98533, 273)]"
2019-06-28 10:35:00,ASK_DEPTH,"[(98845, 319)]"
2019-06-28 10:35:00,IMBALANCE,"[273, 319]"
2019-06-28 10:35:00,HOLDINGS_UPDATED,"{'CASH': 23344903, 'JPM': -135}"
2019-06-28 10:36:00,BID_DEPTH,"[(98873, 176)]"
2019-06-28 10:36:00,ASK_DEPTH,"[(98962, 210)]"
2019-06-28 10:36:00,IMBALANCE,"[176, 210]"
2019-06-28 10:36:00,HOLDINGS_UPDATED,"{'CASH': 24234760, 'JPM': -144}"
2019-06-28 10:37:00,BID_DEPTH,"[(98850, 164)]"
2019-06-28 10:37:00,ASK_DEPTH,"[(98945, 161)]"
2019-06-28 10:37:00,IMBALANCE,"[164, 161]"
2019-06-28 10:37:00,HOLDINGS_UPDATED,"{'CASH': 25124410, 'JPM': -153}"
2019-06-28 10:38:00,BID_DEPTH,"[(98820, 164)]"
2019-06-28 10:38:00,ASK_DEPTH,"[(98850, 310)]"
2019-06-28 10:38:00,IMBALANCE,"[164, 310]"
2019-06-28 10:38:00,HOLDINGS_UPDATED,"{'CASH': 26013790, 'JPM': -162}"
2019-06-28 10:39:00,BID_DEPTH,"[(98850, 203)]"
2019-06-28 10:39:00,ASK_DEPTH,"[(98981, 249)]"
2019-06-28 10:39:00,IMBALANCE,"[203, 249]"
2019-06-28 10:39:00,HOLDINGS_UPDATED,"{'CASH': 26903440, 'JPM': -171}"
2019-06-28 10:40:00,BID_DEPTH,"[(98981, 164)]"
2019-06-28 10:40:00,ASK_DEPTH,"[(99241, 210)]"
2019-06-28 10:40:00,IMBALANCE,"[164, 210]"
2019-06-28 10:40:00,HOLDINGS_UPDATED,"{'CASH': 27794269, 'JPM': -180}"
2019-06-28 10:41:00,BID_DEPTH,"[(98981, 164)]"
2019-06-28 10:41:00,ASK_DEPTH,"[(99339, 210)]"
2019-06-28 10:41:00,IMBALANCE,"[164, 210]"
2019-06-28 10:41:00,HOLDINGS_UPDATED,"{'CASH': 28685098, 'JPM': -189}"
2019-06-28 10:42:00,BID_DEPTH,"[(98760, 164)]"
2019-06-28 10:42:00,ASK_DEPTH,"[(98981, 210)]"
2019-06-28 10:42:00,IMBALANCE,"[164, 210]"
2019-06-28 10:42:00,HOLDINGS_UPDATED,"{'CASH': 29573938, 'JPM': -198}"
2019-06-28 10:43:00,BID_DEPTH,"[(98849, 142)]"
2019-06-28 10:43:00,ASK_DEPTH,"[(99127, 188)]"
2019-06-28 10:43:00,IMBALANCE,"[142, 188]"
2019-06-28 10:43:00,HOLDINGS_UPDATED,"{'CASH': 30463579, 'JPM': -207}"
2019-06-28 10:44:00,BID_DEPTH,"[(98892, 273)]"
2019-06-28 10:44:00,ASK_DEPTH,"[(99339, 319)]"
2019-06-28 10:44:00,IMBALANCE,"[273, 319]"
2019-06-28 10:44:00,HOLDINGS_UPDATED,"{'CASH': 31353607, 'JPM': -216}"
2019-06-28 10:45:00,BID_DEPTH,"[(98847, 164)]"
2019-06-28 10:45:00,ASK_DEPTH,"[(98967, 210)]"
2019-06-28 10:45:00,IMBALANCE,"[164, 210]"
2019-06-28 10:45:00,HOLDINGS_UPDATED,"{'CASH': 32243230, 'JPM': -225}"
2019-06-28 10:46:00,BID_DEPTH,"[(98847, 164)]"
2019-06-28 10:46:00,ASK_DEPTH,"[(98967, 210)]"
2019-06-28 10:46:00,IMBALANCE,"[164, 210]"
2019-06-28 10:46:00,HOLDINGS_UPDATED,"{'CASH': 33132853, 'JPM': -234}"
2019-06-28 10:47:00,BID_DEPTH,"[(98846, 203)]"
2019-06-28 10:47:00,ASK_DEPTH,"[(98919, 249)]"
2019-06-28 10:47:00,IMBALANCE,"[203, 249]"
2019-06-28 10:47:00,HOLDINGS_UPDATED,"{'CASH': 34022467, 'JPM': -243}"
2019-06-28 10:48:00,BID_DEPTH,"[(98920, 373)]"
2019-06-28 10:48:00,ASK_DEPTH,"[(99069, 319)]"
2019-06-28 10:48:00,IMBALANCE,"[373, 319]"
2019-06-28 10:48:00,HOLDINGS_UPDATED,"{'CASH': 34912747, 'JPM': -252}"
2019-06-28 10:49:00,BID_DEPTH,"[(98920, 147)]"
2019-06-28 10:49:00,ASK_DEPTH,"[(99069, 210)]"
2019-06-28 10:49:00,IMBALANCE,"[147, 210]"
2019-06-28 10:49:00,HOLDINGS_UPDATED,"{'CASH': 35803027, 'JPM': -261}"
2019-06-28 10:50:00,BID_DEPTH,"[(98919, 242)]"
2019-06-28 10:50:00,ASK_DEPTH,"[(99069, 188)]"
2019-06-28 10:50:00,IMBALANCE,"[242, 188]"
2019-06-28 10:50:00,HOLDINGS_UPDATED,"{'CASH': 36693298, 'JPM': -270}"
2019-06-28 10:51:00,BID_DEPTH,"[(99069, 185)]"
2019-06-28 10:51:00,ASK_DEPTH,"[(99076, 319)]"
2019-06-28 10:51:00,IMBALANCE,"[185, 319]"
2019-06-28 10:51:00,HOLDINGS_UPDATED,"{'CASH': 37584919, 'JPM': -279}"
2019-06-28 10:52:00,BID_DEPTH,"[(98919, 347)]"
2019-06-28 10:52:00,ASK_DEPTH,"[(99076, 210)]"
2019-06-28 10:52:00,IMBALANCE,"[347, 210]"
2019-06-28 10:52:00,HOLDINGS_UPDATED,"{'CASH': 38475190, 'JPM': -288}"
2019-06-28 10:53:00,BID_DEPTH,"[(98920, 164)]"
2019-06-28 10:53:00,ASK_DEPTH,"[(99116, 210)]"
2019-06-28 10:53:00,IMBALANCE,"[164, 210]"
2019-06-28 10:53:00,HOLDINGS_UPDATED,"{'CASH': 39365470, 'JPM': -297}"
2019-06-28 10:54:00,BID_DEPTH,"[(99000, 273)]"
2019-06-28 10:54:00,ASK_DEPTH,"[(99083, 319)]"
2019-06-28 10:54:00,IMBALANCE,"[273, 319]"
2019-06-28 10:54:00,HOLDINGS_UPDATED,"{'CASH': 40256470, 'JPM': -306}"
2019-06-28 10:55:00,BID_DEPTH,"[(99000, 492)]"
2019-06-28 10:55:00,ASK_DEPTH,"[(99083, 538)]"
2019-06-28 10:55:00,IMBALANCE,"[492, 538]"
2019-06-28 10:55:00,HOLDINGS_UPDATED,"{'CASH': 41147470, 'JPM': -315}"
2019-06-28 10:56:00,BID_DEPTH,"[(98999, 142)]"
2019-06-28 10:56:00,ASK_DEPTH,"[(99116, 188)]"
2019-06-28 10:56:00,IMBALANCE,"[142, 188]"
2019-06-28 10:56:00,HOLDINGS_UPDATED,"{'CASH': 42038461, 'JPM': -324}"
2019-06-28 10:57:00,BID_DEPTH,"[(98919, 308)]"
2019-06-28 10:57:00,ASK_DEPTH,"[(98992, 188)]"
2019-06-28 10:57:00,IMBALANCE,"[308, 188]"
2019-06-28 10:57:00,HOLDINGS_UPDATED,"{'CASH': 42928732, 'JPM': -333}"
2019-06-28 10:58:00,BID_DEPTH,"[(98920, 492)]"
2019-06-28 10:58:00,ASK_DEPTH,"[(99116, 538)]"
2019-06-28 10:58:00,IMBALANCE,"[492, 538]"
2019-06-28 10:58:00,HOLDINGS_UPDATED,"{'CASH': 43819012, 'JPM': -342}"
2019-06-28 10:59:00,BID_DEPTH,"[(99079, 142)]"
2019-06-28 10:59:00,ASK_DEPTH,"[(99117, 188)]"
2019-06-28 10:59:00,IMBALANCE,"[142, 188]"
2019-06-28 10:59:00,HOLDINGS_UPDATED,"{'CASH': 44710723, 'JPM': -351}"
2019-06-28 11:00:00,BID_DEPTH,"[(99079, 164)]"
2019-06-28 11:00:00,ASK_DEPTH,"[(99117, 210)]"
2019-06-28 11:00:00,IMBALANCE,"[164, 210]"
2019-06-28 11:00:00,HOLDINGS_UPDATED,"{'CASH': 45602434, 'JPM': -360}"
2019-06-28 11:01:00,BID_DEPTH,"[(99079, 142)]"
2019-06-28 11:01:00,ASK_DEPTH,"[(99117, 188)]"
2019-06-28 11:01:00,IMBALANCE,"[142, 188]"
2019-06-28 11:01:00,HOLDINGS_UPDATED,"{'CASH': 46494145, 'JPM': -369}"
2019-06-28 11:02:00,BID_DEPTH,"[(98919, 222)]"
2019-06-28 11:02:00,ASK_DEPTH,"[(99216, 319)]"
2019-06-28 11:02:00,IMBALANCE,"[222, 319]"
2019-06-28 11:02:00,HOLDINGS_UPDATED,"{'CASH': 46790902, 'JPM': -372}"
2019-06-28 11:02:00,HOLDINGS_UPDATED,"{'CASH': 47384416, 'JPM': -378}"
2019-06-28 11:03:00,BID_DEPTH,"[(99216, 273)]"
2019-06-28 11:03:00,ASK_DEPTH,"[(99271, 319)]"
2019-06-28 11:03:00,IMBALANCE,"[273, 319]"
2019-06-28 11:03:00,HOLDINGS_UPDATED,"{'CASH': 48277360, 'JPM': -387}"
2019-06-28 11:04:00,BID_DEPTH,"[(99271, 76)]"
2019-06-28 11:04:00,ASK_DEPTH,"[(99371, 210)]"
2019-06-28 11:04:00,IMBALANCE,"[76, 210]"
2019-06-28 11:04:00,HOLDINGS_UPDATED,"{'CASH': 49170799, 'JPM': -396}"
2019-06-28 11:05:00,BID_DEPTH,"[(99271, 203)]"
2019-06-28 11:05:00,ASK_DEPTH,"[(99371, 249)]"
2019-06-28 11:05:00,IMBALANCE,"[203, 249]"
2019-06-28 11:05:00,HOLDINGS_UPDATED,"{'CASH': 50064238, 'JPM': -405}"
2019-06-28 11:06:00,BID_DEPTH,"[(98859, 203)]"
2019-06-28 11:06:00,ASK_DEPTH,"[(99578, 249)]"
2019-06-28 11:06:00,IMBALANCE,"[203, 249]"
2019-06-28 11:06:00,HOLDINGS_UPDATED,"{'CASH': 50953969, 'JPM': -414}"
2019-06-28 11:07:00,BID_DEPTH,"[(98840, 319)]"
2019-06-28 11:07:00,ASK_DEPTH,"[(99578, 273)]"
2019-06-28 11:07:00,IMBALANCE,"[319, 273]"
2019-06-28 11:07:00,HOLDINGS_UPDATED,"{'CASH': 50057767, 'JPM': -405}"
2019-06-28 11:08:00,BID_DEPTH,"[(98840, 210)]"
2019-06-28 11:08:00,ASK_DEPTH,"[(99647, 164)]"
2019-06-28 11:08:00,IMBALANCE,"[210, 164]"
2019-06-28 11:08:00,HOLDINGS_UPDATED,"{'CASH': 49160944, 'JPM': -396}"
2019-06-28 11:09:00,BID_DEPTH,"[(99647, 226)]"
2019-06-28 11:09:00,ASK_DEPTH,"[(99707, 273)]"
2019-06-28 11:09:00,IMBALANCE,"[226, 273]"
2019-06-28 11:09:00,HOLDINGS_UPDATED,"{'CASH': 48263581, 'JPM': -387}"
2019-06-28 11:10:00,BID_DEPTH,"[(99647, 226)]"
2019-06-28 11:10:00,ASK_DEPTH,"[(99718, 273)]"
2019-06-28 11:10:00,IMBALANCE,"[226, 273]"
2019-06-28 11:10:00,HOLDINGS_UPDATED,"{'CASH': 47366119, 'JPM': -378}"
2019-06-28 11:11:00,BID_DEPTH,"[(99604, 249)]"
2019-06-28 11:11:00,ASK_DEPTH,"[(99647, 108)]"
2019-06-28 11:11:00,IMBALANCE,"[249, 108]"
2019-06-28 11:11:00,HOLDINGS_UPDATED,"{'CASH': 46469296, 'JPM': -369}"
2019-06-28 11:12:00,BID_DEPTH,"[(99539, 188)]"
2019-06-28 11:12:00,ASK_DEPTH,"[(99647, 142)]"
2019-06-28 11:12:00,IMBALANCE,"[188, 142]"
2019-06-28 11:12:00,HOLDINGS_UPDATED,"{'CASH': 45572473, 'JPM': -360}"
2019-06-28 11:13:00,BID_DEPTH,"[(99539, 538)]"
2019-06-28 11:13:00,ASK_DEPTH,"[(99723, 492)]"
2019-06-28 11:13:00,IMBALANCE,"[538, 492]"
2019-06-28 11:13:00,HOLDINGS_UPDATED,"{'CASH': 44674966, 'JPM': -351}"
2019-06-28 11:14:00,BID_DEPTH,"[(99539, 210)]"
2019-06-28 11:14:00,ASK_DEPTH,"[(99723, 364)]"
2019-06-28 11:14:00,IMBALANCE,"[210, 364]"
2019-06-28 11:14:00,HOLDINGS_UPDATED,"{'CASH': 43777459, 'JPM': -342}"
2019-06-28 11:15:00,BID_DEPTH,"[(99602, 319)]"
2019-06-28 11:15:00,ASK_DEPTH,"[(99723, 256)]"
2019-06-28 11:15:00,IMBALANCE,"[319, 256]"
2019-06-28 11:15:00,HOLDINGS_UPDATED,"{'CASH': 42879952, 'JPM': -333}"
2019-06-28 11:16:00,BID_DEPTH,"[(99602, 188)]"
2019-06-28 11:16:00,ASK_DEPTH,"[(99723, 142)]"
2019-06-28 11:16:00,IMBALANCE,"[188, 142]"
2019-06-28 11:16:00,HOLDINGS_UPDATED,"{'CASH': 41982445, 'JPM': -324}"
2019-06-28 11:17:00,BID_DEPTH,"[(99602, 210)]"
2019-06-28 11:17:00,ASK_DEPTH,"[(99794, 164)]"
2019-06-28 11:17:00,IMBALANCE,"[210, 164]"
2019-06-28 11:17:00,HOLDINGS_UPDATED,"{'CASH': 41084299, 'JPM': -315}"
2019-06-28 11:18:00,BID_DEPTH,"[(99602, 249)]"
2019-06-28 11:18:00,ASK_DEPTH,"[(99992, 203)]"
2019-06-28 11:18:00,IMBALANCE,"[249, 203]"
2019-06-28 11:18:00,HOLDINGS_UPDATED,"{'CASH': 40184371, 'JPM': -306}"
2019-06-28 11:19:00,BID_DEPTH,"[(99992, 188)]"
2019-06-28 11:19:00,ASK_DEPTH,"[(100513, 142)]"
2019-06-28 11:19:00,IMBALANCE,"[188, 142]"
2019-06-28 11:19:00,HOLDINGS_UPDATED,"{'CASH': 39279754, 'JPM': -297}"
2019-06-28 11:20:00,BID_DEPTH,"[(100542, 319)]"
2019-06-28 11:20:00,ASK_DEPTH,"[(100648, 273)]"
2019-06-28 11:20:00,IMBALANCE,"[319, 273]"
2019-06-28 11:20:00,HOLDINGS_UPDATED,"{'CASH': 38373922, 'JPM': -288}"
2019-06-28 11:21:00,BID_DEPTH,"[(100542, 319)]"
2019-06-28 11:21:00,ASK_DEPTH,"[(100782, 273)]"
2019-06-28 11:21:00,IMBALANCE,"[319, 273]"
2019-06-28 11:21:00,HOLDINGS_UPDATED,"{'CASH': 37466884, 'JPM': -279}"
2019-06-28 11:22:00,BID_DEPTH,"[(99992, 249)]"
2019-06-28 11:22:00,ASK_DEPTH,"[(100830, 203)]"
2019-06-28 11:22:00,IMBALANCE,"[249, 203]"
2019-06-28 11:22:00,HOLDINGS_UPDATED,"{'CASH': 36559414, 'JPM': -270}"
2019-06-28 11:23:00,BID_DEPTH,"[(100479, 249)]"
2019-06-28 11:23:00,ASK_DEPTH,"[(100526, 203)]"
2019-06-28 11:23:00,IMBALANCE,"[249, 203]"
2019-06-28 11:23:00,HOLDINGS_UPDATED,"{'CASH': 35654680, 'JPM': -261}"
2019-06-28 11:24:00,BID_DEPTH,"[(100479, 538)]"
2019-06-28 11:24:00,ASK_DEPTH,"[(100590, 492)]"
2019-06-28 11:24:00,IMBALANCE,"[538, 492]"
2019-06-28 11:24:00,HOLDINGS_UPDATED,"{'CASH': 34749370, 'JPM': -252}"
2019-06-28 11:25:00,BID_DEPTH,"[(100153, 319)]"
2019-06-28 11:25:00,ASK_DEPTH,"[(100590, 273)]"
2019-06-28 11:25:00,IMBALANCE,"[319, 273]"
2019-06-28 11:25:00,HOLDINGS_UPDATED,"{'CASH': 33844060, 'JPM': -243}"
2019-06-28 11:26:00,BID_DEPTH,"[(100153, 538)]"
2019-06-28 11:26:00,ASK_DEPTH,"[(100590, 492)]"
2019-06-28 11:26:00,IMBALANCE,"[538, 492]"
2019-06-28 11:26:00,HOLDINGS_UPDATED,"{'CASH': 32938750, 'JPM': -234}"
2019-06-28 11:27:00,BID_DEPTH,"[(100592, 188)]"
2019-06-28 11:27:00,ASK_DEPTH,"[(100830, 242)]"
2019-06-28 11:27:00,IMBALANCE,"[188, 242]"
2019-06-28 11:27:00,HOLDINGS_UPDATED,"{'CASH': 32031280, 'JPM': -225}"
2019-06-28 11:28:00,BID_DEPTH,"[(100153, 538)]"
2019-06-28 11:28:00,ASK_DEPTH,"[(100830, 475)]"
2019-06-28 11:28:00,IMBALANCE,"[538, 475]"
2019-06-28 11:28:00,HOLDINGS_UPDATED,"{'CASH': 31123810, 'JPM': -216}"
2019-06-28 11:29:00,BID_DEPTH,"[(100130, 188)]"
2019-06-28 11:29:00,ASK_DEPTH,"[(100830, 142)]"
2019-06-28 11:29:00,IMBALANCE,"[188, 142]"
2019-06-28 11:29:00,HOLDINGS_UPDATED,"{'CASH': 30216340, 'JPM': -207}"
2019-06-28 11:30:00,BID_DEPTH,"[(100075, 249)]"
2019-06-28 11:30:00,ASK_DEPTH,"[(100506, 203)]"
2019-06-28 11:30:00,IMBALANCE,"[249, 203]"
2019-06-28 11:30:00,HOLDINGS_UPDATED,"{'CASH': 29311786, 'JPM': -198}"
2019-06-28 11:31:00,BID_DEPTH,"[(100075, 188)]"
2019-06-28 11:31:00,ASK_DEPTH,"[(100363, 142)]"
2019-06-28 11:31:00,IMBALANCE,"[188, 142]"
2019-06-28 11:31:00,HOLDINGS_UPDATED,"{'CASH': 28408519, 'JPM': -189}"
2019-06-28 11:32:00,BID_DEPTH,"[(100265, 249)]"
2019-06-28 11:32:00,ASK_DEPTH,"[(100477, 203)]"
2019-06-28 11:32:00,IMBALANCE,"[249, 203]"
2019-06-28 11:32:00,HOLDINGS_UPDATED,"{'CASH': 27504226, 'JPM': -180}"
2019-06-28 11:33:00,BID_DEPTH,"[(100376, 538)]"
2019-06-28 11:33:00,ASK_DEPTH,"[(100623, 492)]"
2019-06-28 11:33:00,IMBALANCE,"[538, 492]"
2019-06-28 11:33:00,HOLDINGS_UPDATED,"{'CASH': 26598619, 'JPM': -171}"
2019-06-28 11:34:00,BID_DEPTH,"[(100623, 188)]"
2019-06-28 11:34:00,ASK_DEPTH,"[(100698, 142)]"
2019-06-28 11:34:00,IMBALANCE,"[188, 142]"
2019-06-28 11:34:00,HOLDINGS_UPDATED,"{'CASH': 25692337, 'JPM': -162}"
2019-06-28 11:35:00,BID_DEPTH,"[(100758, 210)]"
2019-06-28 11:35:00,ASK_DEPTH,"[(100760, 164)]"
2019-06-28 11:35:00,IMBALANCE,"[210, 164]"
2019-06-28 11:35:00,HOLDINGS_UPDATED,"{'CASH': 24785497, 'JPM': -153}"
2019-06-28 11:36:00,BID_DEPTH,"[(100698, 319)]"
2019-06-28 11:36:00,ASK_DEPTH,"[(100830, 273)]"
2019-06-28 11:36:00,IMBALANCE,"[319, 273]"
2019-06-28 11:36:00,HOLDINGS_UPDATED,"{'CASH': 23878027, 'JPM': -144}"
2019-06-28 11:37:00,BID_DEPTH,"[(100698, 188)]"
2019-06-28 11:37:00,ASK_DEPTH,"[(100896, 142)]"
2019-06-28 11:37:00,IMBALANCE,"[188, 142]"
2019-06-28 11:37:00,HOLDINGS_UPDATED,"{'CASH': 22969963, 'JPM': -135}"
2019-06-28 11:38:00,BID_DEPTH,"[(101327, 249)]"
2019-06-28 11:38:00,ASK_DEPTH,"[(101442, 203)]"
2019-06-28 11:38:00,IMBALANCE,"[249, 203]"
2019-06-28 11:38:00,HOLDINGS_UPDATED,"{'CASH': 22056985, 'JPM': -126}"
2019-06-28 11:39:00,BID_DEPTH,"[(101327, 319)]"
2019-06-28 11:39:00,ASK_DEPTH,"[(101442, 273)]"
2019-06-28 11:39:00,IMBALANCE,"[319, 273]"
2019-06-28 11:39:00,HOLDINGS_UPDATED,"{'CASH': 21144007, 'JPM': -117}"
2019-06-28 11:40:00,BID_DEPTH,"[(100698, 210)]"
2019-06-28 11:40:00,ASK_DEPTH,"[(101442, 164)]"
2019-06-28 11:40:00,IMBALANCE,"[210, 164]"
2019-06-28 11:40:00,HOLDINGS_UPDATED,"{'CASH': 20231029, 'JPM': -108}"
2019-06-28 11:41:00,BID_DEPTH,"[(100623, 319)]"
2019-06-28 11:41:00,ASK_DEPTH,"[(101441, 273)]"
2019-06-28 11:41:00,IMBALANCE,"[319, 273]"
2019-06-28 11:41:00,HOLDINGS_UPDATED,"{'CASH': 19318060, 'JPM': -99}"
2019-06-28 11:42:00,BID_DEPTH,"[(100499, 538)]"
2019-06-28 11:42:00,ASK_DEPTH,"[(101441, 492)]"
2019-06-28 11:42:00,IMBALANCE,"[538, 492]"
2019-06-28 11:42:00,HOLDINGS_UPDATED,"{'CASH': 18405091, 'JPM': -90}"
2019-06-28 11:43:00,BID_DEPTH,"[(100326, 538)]"
2019-06-28 11:43:00,ASK_DEPTH,"[(101442, 492)]"
2019-06-28 11:43:00,IMBALANCE,"[538, 492]"
2019-06-28 11:43:00,HOLDINGS_UPDATED,"{'CASH': 17492113, 'JPM': -81}"
2019-06-28 11:44:00,BID_DEPTH,"[(99900, 100)]"
2019-06-28 11:44:00,ASK_DEPTH,[]
2019-06-28 11:44:00,IMBALANCE,"[100, 0]"
2019-06-28 11:45:00,BID_DEPTH,"[(99497, 100)]"
2019-06-28 11:45:00,ASK_DEPTH,[]
2019-06-28 11:45:00,IMBALANCE,"[100, 0]"
2019-06-28 11:46:00,BID_DEPTH,"[(99497, 538)]"
2019-06-28 11:46:00,ASK_DEPTH,"[(99833, 492)]"
2019-06-28 11:46:00,IMBALANCE,"[538, 492]"
2019-06-28 11:46:00,HOLDINGS_UPDATED,"{'CASH': 16593616, 'JPM': -72}"
2019-06-28 11:47:00,BID_DEPTH,"[(99497, 188)]"
2019-06-28 11:47:00,ASK_DEPTH,"[(99602, 142)]"
2019-06-28 11:47:00,IMBALANCE,"[188, 142]"
2019-06-28 11:47:00,HOLDINGS_UPDATED,"{'CASH': 15697198, 'JPM': -63}"
2019-06-28 11:48:00,BID_DEPTH,"[(99497, 319)]"
2019-06-28 11:48:00,ASK_DEPTH,"[(99833, 273)]"
2019-06-28 11:48:00,IMBALANCE,"[319, 273]"
2019-06-28 11:48:00,HOLDINGS_UPDATED,"{'CASH': 14798701, 'JPM': -54}"
2019-06-28 11:49:00,BID_DEPTH,"[(99833, 538)]"
2019-06-28 11:49:00,ASK_DEPTH,"[(100566, 492)]"
2019-06-28 11:49:00,IMBALANCE,"[538, 492]"
2019-06-28 11:49:00,HOLDINGS_UPDATED,"{'CASH': 13893607, 'JPM': -45}"
2019-06-28 11:50:00,BID_DEPTH,"[(100566, 319)]"
2019-06-28 11:50:00,ASK_DEPTH,"[(100924, 273)]"
2019-06-28 11:50:00,IMBALANCE,"[319, 273]"
2019-06-28 11:50:00,HOLDINGS_UPDATED,"{'CASH': 12985291, 'JPM': -36}"
2019-06-28 11:51:00,BID_DEPTH,"[(100566, 249)]"
2019-06-28 11:51:00,ASK_DEPTH,"[(101584, 203)]"
2019-06-28 11:51:00,IMBALANCE,"[249, 203]"
2019-06-28 11:51:00,HOLDINGS_UPDATED,"{'CASH': 12071035, 'JPM': -27}"
2019-06-28 11:52:00,BID_DEPTH,"[(100566, 538)]"
2019-06-28 11:52:00,ASK_DEPTH,"[(101584, 592)]"
2019-06-28 11:52:00,IMBALANCE,"[538, 592]"
2019-06-28 11:52:00,HOLDINGS_UPDATED,"{'CASH': 11156779, 'JPM': -18}"
2019-06-28 11:53:00,BID_DEPTH,"[(100566, 249)]"
2019-06-28 11:53:00,ASK_DEPTH,"[(101584, 386)]"
2019-06-28 11:53:00,IMBALANCE,"[249, 386]"
2019-06-28 11:53:00,HOLDINGS_UPDATED,"{'CASH': 10242523, 'JPM': -9}"
2019-06-28 11:54:00,BID_DEPTH,"[(100566, 210)]"
2019-06-28 11:54:00,ASK_DEPTH,"[(101584, 230)]"
2019-06-28 11:54:00,IMBALANCE,"[210, 230]"
2019-06-28 11:54:00,HOLDINGS_UPDATED,{'CASH': 9328267}
2019-06-28 11:55:00,BID_DEPTH,"[(99497, 188)]"
2019-06-28 11:55:00,ASK_DEPTH,"[(101584, 191)]"
2019-06-28 11:55:00,IMBALANCE,"[188, 191]"
2019-06-28 11:55:00,HOLDINGS_UPDATED,"{'CASH': 9023515, 'JPM': 3}"
2019-06-28 11:55:00,HOLDINGS_UPDATED,"{'CASH': 8414011, 'JPM': 9}"
2019-06-28 11:56:00,BID_DEPTH,"[(99497, 319)]"
2019-06-28 11:56:00,ASK_DEPTH,"[(101584, 205)]"
2019-06-28 11:56:00,IMBALANCE,"[319, 205]"
2019-06-28 11:56:00,HOLDINGS_UPDATED,"{'CASH': 7499755, 'JPM': 18}"
2019-06-28 11:57:00,BID_DEPTH,"[(99497, 538)]"
2019-06-28 11:57:00,ASK_DEPTH,"[(101756, 492)]"
2019-06-28 11:57:00,IMBALANCE,"[538, 492]"
2019-06-28 11:57:00,HOLDINGS_UPDATED,"{'CASH': 6583951, 'JPM': 27}"
2019-06-28 11:58:00,BID_DEPTH,"[(99481, 210)]"
2019-06-28 11:58:00,ASK_DEPTH,"[(101755, 164)]"
2019-06-28 11:58:00,IMBALANCE,"[210, 164]"
2019-06-28 11:58:00,HOLDINGS_UPDATED,"{'CASH': 5668156, 'JPM': 36}"
2019-06-28 11:59:00,BID_DEPTH,"[(99358, 188)]"
2019-06-28 11:59:00,ASK_DEPTH,"[(101755, 142)]"
2019-06-28 11:59:00,IMBALANCE,"[188, 142]"
2019-06-28 11:59:00,HOLDINGS_UPDATED,"{'CASH': 4752361, 'JPM': 45}"
2019-06-28 12:00:00,BID_DEPTH,"[(99345, 310)]"
2019-06-28 12:00:00,ASK_DEPTH,"[(99425, 164)]"
2019-06-28 12:00:00,IMBALANCE,"[310, 164]"
2019-06-28 12:00:00,HOLDINGS_UPDATED,"{'CASH': 3857536, 'JPM': 54}"
2019-06-28 12:01:00,BID_DEPTH,"[(99345, 310)]"
2019-06-28 12:01:00,ASK_DEPTH,"[(99540, 164)]"
2019-06-28 12:01:00,IMBALANCE,"[310, 164]"
2019-06-28 12:01:00,HOLDINGS_UPDATED,"{'CASH': 2961676, 'JPM': 63}"
2019-06-28 12:02:00,BID_DEPTH,"[(99499, 319)]"
2019-06-28 12:02:00,ASK_DEPTH,"[(101756, 273)]"
2019-06-28 12:02:00,IMBALANCE,"[319, 273]"
2019-06-28 12:02:00,HOLDINGS_UPDATED,"{'CASH': 2045872, 'JPM': 72}"
2019-06-28 12:03:00,BID_DEPTH,"[(100082, 319)]"
2019-06-28 12:03:00,ASK_DEPTH,"[(100721, 273)]"
2019-06-28 12:03:00,IMBALANCE,"[319, 273]"
2019-06-28 12:03:00,HOLDINGS_UPDATED,"{'CASH': 1139383, 'JPM': 81}"
2019-06-28 12:04:00,BID_DEPTH,"[(100082, 273)]"
2019-06-28 12:04:00,ASK_DEPTH,"[(100434, 319)]"
2019-06-28 12:04:00,IMBALANCE,"[273, 319]"
2019-06-28 12:04:00,HOLDINGS_UPDATED,"{'CASH': 2040121, 'JPM': 72}"
2019-06-28 12:05:00,BID_DEPTH,"[(100293, 273)]"
2019-06-28 12:05:00,ASK_DEPTH,"[(100434, 319)]"
2019-06-28 12:05:00,IMBALANCE,"[273, 319]"
2019-06-28 12:05:00,HOLDINGS_UPDATED,"{'CASH': 2942758, 'JPM': 63}"
2019-06-28 12:06:00,BID_DEPTH,"[(100082, 142)]"
2019-06-28 12:06:00,ASK_DEPTH,"[(100293, 188)]"
2019-06-28 12:06:00,IMBALANCE,"[142, 188]"
2019-06-28 12:06:00,HOLDINGS_UPDATED,"{'CASH': 3843496, 'JPM': 54}"
2019-06-28 12:07:00,BID_DEPTH,"[(99499, 199)]"
2019-06-28 12:07:00,ASK_DEPTH,"[(99707, 249)]"
2019-06-28 12:07:00,IMBALANCE,"[199, 249]"
2019-06-28 12:07:00,HOLDINGS_UPDATED,"{'CASH': 4738987, 'JPM': 45}"
2019-06-28 12:08:00,BID_DEPTH,"[(99499, 273)]"
2019-06-28 12:08:00,ASK_DEPTH,"[(100082, 348)]"
2019-06-28 12:08:00,IMBALANCE,"[273, 348]"
2019-06-28 12:08:00,HOLDINGS_UPDATED,"{'CASH': 5634478, 'JPM': 36}"
2019-06-28 12:09:00,BID_DEPTH,"[(100082, 492)]"
2019-06-28 12:09:00,ASK_DEPTH,"[(100293, 538)]"
2019-06-28 12:09:00,IMBALANCE,"[492, 538]"
2019-06-28 12:09:00,HOLDINGS_UPDATED,"{'CASH': 6535216, 'JPM': 27}"
2019-06-28 12:10:00,BID_DEPTH,"[(99345, 164)]"
2019-06-28 12:10:00,ASK_DEPTH,"[(100293, 206)]"
2019-06-28 12:10:00,IMBALANCE,"[164, 206]"
2019-06-28 12:10:00,HOLDINGS_UPDATED,"{'CASH': 7429321, 'JPM': 18}"
2019-06-28 12:11:00,BID_DEPTH,"[(99298, 164)]"
2019-06-28 12:11:00,ASK_DEPTH,"[(101160, 210)]"
2019-06-28 12:11:00,IMBALANCE,"[164, 210]"
2019-06-28 12:11:00,HOLDINGS_UPDATED,"{'CASH': 8323003, 'JPM': 9}"
2019-06-28 12:12:00,BID_DEPTH,"[(101158, 164)]"
2019-06-28 12:12:00,ASK_DEPTH,"[(101160, 210)]"
2019-06-28 12:12:00,IMBALANCE,"[164, 210]"
2019-06-28 12:12:00,HOLDINGS_UPDATED,{'CASH': 9233425}
2019-06-28 12:13:00,BID_DEPTH,"[(101158, 273)]"
2019-06-28 12:13:00,ASK_DEPTH,"[(101270, 319)]"
2019-06-28 12:13:00,IMBALANCE,"[273, 319]"
2019-06-28 12:13:00,HOLDINGS_UPDATED,"{'CASH': 10143847, 'JPM': -9}"
2019-06-28 12:14:00,BID_DEPTH,"[(101158, 492)]"
2019-06-28 12:14:00,ASK_DEPTH,"[(101270, 538)]"
2019-06-28 12:14:00,IMBALANCE,"[492, 538]"
2019-06-28 12:14:00,HOLDINGS_UPDATED,"{'CASH': 11054269, 'JPM': -18}"
2019-06-28 12:15:00,BID_DEPTH,"[(101592, 273)]"
2019-06-28 12:15:00,ASK_DEPTH,"[(101729, 319)]"
2019-06-28 12:15:00,IMBALANCE,"[273, 319]"
2019-06-28 12:15:00,HOLDINGS_UPDATED,"{'CASH': 11968597, 'JPM': -27}"
2019-06-28 12:16:00,BID_DEPTH,"[(101455, 492)]"
2019-06-28 12:16:00,ASK_DEPTH,"[(101729, 538)]"
2019-06-28 12:16:00,IMBALANCE,"[492, 538]"
2019-06-28 12:16:00,HOLDINGS_UPDATED,"{'CASH': 12881692, 'JPM': -36}"
2019-06-28 12:17:00,BID_DEPTH,"[(101417, 203)]"
2019-06-28 12:17:00,ASK_DEPTH,"[(101729, 249)]"
2019-06-28 12:17:00,IMBALANCE,"[203, 249]"
2019-06-28 12:17:00,HOLDINGS_UPDATED,"{'CASH': 13794445, 'JPM': -45}"
2019-06-28 12:18:00,BID_DEPTH,"[(101151, 203)]"
2019-06-28 12:18:00,ASK_DEPTH,"[(101419, 249)]"
2019-06-28 12:18:00,IMBALANCE,"[203, 249]"
2019-06-28 12:18:00,HOLDINGS_UPDATED,"{'CASH': 14704804, 'JPM': -54}"
2019-06-28 12:19:00,BID_DEPTH,"[(101441, 492)]"
2019-06-28 12:19:00,ASK_DEPTH,"[(101573, 538)]"
2019-06-28 12:19:00,IMBALANCE,"[492, 538]"
2019-06-28 12:19:00,HOLDINGS_UPDATED,"{'CASH': 15617773, 'JPM': -63}"
2019-06-28 12:20:00,BID_DEPTH,"[(101428, 538)]"
2019-06-28 12:20:00,ASK_DEPTH,"[(101747, 492)]"
2019-06-28 12:20:00,IMBALANCE,"[538, 492]"
2019-06-28 12:20:00,HOLDINGS_UPDATED,"{'CASH': 14702050, 'JPM': -54}"
2019-06-28 12:21:00,BID_DEPTH,"[(101428, 249)]"
2019-06-28 12:21:00,ASK_DEPTH,"[(101762, 203)]"
2019-06-28 12:21:00,IMBALANCE,"[249, 203]"
2019-06-28 12:21:00,HOLDINGS_UPDATED,"{'CASH': 13786192, 'JPM': -45}"
2019-06-28 12:22:00,BID_DEPTH,"[(101612, 538)]"
2019-06-28 12:22:00,ASK_DEPTH,"[(101620, 492)]"
2019-06-28 12:22:00,IMBALANCE,"[538, 492]"
2019-06-28 12:22:00,HOLDINGS_UPDATED,"{'CASH': 12871612, 'JPM': -36}"
2019-06-28 12:23:00,BID_DEPTH,"[(101612, 210)]"
2019-06-28 12:23:00,ASK_DEPTH,"[(101620, 164)]"
2019-06-28 12:23:00,IMBALANCE,"[210, 164]"
2019-06-28 12:23:00,HOLDINGS_UPDATED,"{'CASH': 11957032, 'JPM': -27}"
2019-06-28 12:24:00,BID_DEPTH,"[(101428, 319)]"
2019-06-28 12:24:00,ASK_DEPTH,"[(101620, 373)]"
2019-06-28 12:24:00,IMBALANCE,"[319, 373]"
2019-06-28 12:24:00,HOLDINGS_UPDATED,"{'CASH': 11042452, 'JPM': -18}"
2019-06-28 12:25:00,BID_DEPTH,"[(101428, 188)]"
2019-06-28 12:25:00,ASK_DEPTH,"[(101620, 225)]"
2019-06-28 12:25:00,IMBALANCE,"[188, 225]"
2019-06-28 12:25:00,HOLDINGS_UPDATED,"{'CASH': 10127872, 'JPM': -9}"
2019-06-28 12:26:00,BID_DEPTH,"[(101428, 210)]"
2019-06-28 12:26:00,ASK_DEPTH,"[(101620, 164)]"
2019-06-28 12:26:00,IMBALANCE,"[210, 164]"
2019-06-28 12:26:00,HOLDINGS_UPDATED,{'CASH': 9213292}
2019-06-28 12:27:00,BID_DEPTH,"[(101428, 319)]"
2019-06-28 12:27:00,ASK_DEPTH,"[(101620, 373)]"
2019-06-28 12:27:00,IMBALANCE,"[319, 373]"
2019-06-28 12:27:00,HOLDINGS_UPDATED,"{'CASH': 8298712, 'JPM': 9}"
2019-06-28 12:28:00,BID_DEPTH,"[(101148, 319)]"
2019-06-28 12:28:00,ASK_DEPTH,"[(101619, 273)]"
2019-06-28 12:28:00,IMBALANCE,"[319, 273]"
2019-06-28 12:28:00,HOLDINGS_UPDATED,"{'CASH': 7384141, 'JPM': 18}"
2019-06-28 12:29:00,BID_DEPTH,"[(101030, 538)]"
2019-06-28 12:29:00,ASK_DEPTH,"[(101620, 675)]"
2019-06-28 12:29:00,IMBALANCE,"[538, 675]"
2019-06-28 12:29:00,HOLDINGS_UPDATED,"{'CASH': 6469561, 'JPM': 27}"
2019-06-28 12:30:00,BID_DEPTH,"[(101030, 210)]"
2019-06-28 12:30:00,ASK_DEPTH,"[(101620, 330)]"
2019-06-28 12:30:00,IMBALANCE,"[210, 330]"
2019-06-28 12:30:00,HOLDINGS_UPDATED,"{'CASH': 5554981, 'JPM': 36}"
2019-06-28 12:31:00,BID_DEPTH,"[(100833, 319)]"
2019-06-28 12:31:00,ASK_DEPTH,"[(101620, 322)]"
2019-06-28 12:31:00,IMBALANCE,"[319, 322]"
2019-06-28 12:31:00,HOLDINGS_UPDATED,"{'CASH': 5250121, 'JPM': 39}"
2019-06-28 12:31:00,HOLDINGS_UPDATED,"{'CASH': 4640401, 'JPM': 45}"
2019-06-28 12:32:00,BID_DEPTH,"[(100246, 319)]"
2019-06-28 12:32:00,ASK_DEPTH,"[(101620, 305)]"
2019-06-28 12:32:00,IMBALANCE,"[319, 305]"
2019-06-28 12:32:00,HOLDINGS_UPDATED,"{'CASH': 3725821, 'JPM': 54}"
2019-06-28 12:33:00,BID_DEPTH,"[(100119, 188)]"
2019-06-28 12:33:00,ASK_DEPTH,"[(101620, 57)]"
2019-06-28 12:33:00,IMBALANCE,"[188, 57]"
2019-06-28 12:33:00,HOLDINGS_UPDATED,"{'CASH': 2811241, 'JPM': 63}"
2019-06-28 12:34:00,BID_DEPTH,"[(100119, 538)]"
2019-06-28 12:34:00,ASK_DEPTH,"[(101755, 484)]"
2019-06-28 12:34:00,IMBALANCE,"[538, 484]"
2019-06-28 12:34:00,HOLDINGS_UPDATED,"{'CASH': 1895446, 'JPM': 72}"
2019-06-28 12:35:00,BID_DEPTH,"[(100062, 538)]"
2019-06-28 12:35:00,ASK_DEPTH,"[(101779, 492)]"
2019-06-28 12:35:00,IMBALANCE,"[538, 492]"
2019-06-28 12:35:00,HOLDINGS_UPDATED,"{'CASH': 979435, 'JPM': 81}"
2019-06-28 12:36:00,BID_DEPTH,"[(99758, 210)]"
2019-06-28 12:36:00,ASK_DEPTH,"[(100022, 164)]"
2019-06-28 12:36:00,IMBALANCE,"[210, 164]"
2019-06-28 12:36:00,HOLDINGS_UPDATED,"{'CASH': 79237, 'JPM': 90}"
2019-06-28 12:37:00,BID_DEPTH,"[(99641, 188)]"
2019-06-28 12:37:00,ASK_DEPTH,"[(100022, 142)]"
2019-06-28 12:37:00,IMBALANCE,"[188, 142]"
2019-06-28 12:37:00,HOLDINGS_UPDATED,"{'CASH': -820961, 'JPM': 99}"
2019-06-28 12:38:00,BID_DEPTH,"[(99641, 319)]"
2019-06-28 12:38:00,ASK_DEPTH,"[(99660, 273)]"
2019-06-28 12:38:00,IMBALANCE,"[319, 273]"
2019-06-28 12:38:00,HOLDINGS_UPDATED,"{'CASH': -1717901, 'JPM': 108}"
2019-06-28 12:39:00,BID_DEPTH,"[(99660, 319)]"
2019-06-28 12:39:00,ASK_DEPTH,"[(99790, 273)]"
2019-06-28 12:39:00,IMBALANCE,"[319, 273]"
2019-06-28 12:39:00,HOLDINGS_UPDATED,"{'CASH': -2616011, 'JPM': 117}"
2019-06-28 12:40:00,BID_DEPTH,"[(99660, 210)]"
2019-06-28 12:40:00,ASK_DEPTH,"[(99847, 164)]"
2019-06-28 12:40:00,IMBALANCE,"[210, 164]"
2019-06-28 12:40:00,HOLDINGS_UPDATED,"{'CASH': -3514634, 'JPM': 126}"
2019-06-28 12:41:00,BID_DEPTH,"[(99660, 249)]"
2019-06-28 12:41:00,ASK_DEPTH,"[(100022, 203)]"
2019-06-28 12:41:00,IMBALANCE,"[249, 203]"
2019-06-28 12:41:00,HOLDINGS_UPDATED,"{'CASH': -4414832, 'JPM': 135}"
2019-06-28 12:42:00,BID_DEPTH,"[(99660, 538)]"
2019-06-28 12:42:00,ASK_DEPTH,"[(99828, 492)]"
2019-06-28 12:42:00,IMBALANCE,"[538, 492]"
2019-06-28 12:42:00,HOLDINGS_UPDATED,"{'CASH': -5313284, 'JPM': 144}"
2019-06-28 12:43:00,BID_DEPTH,"[(99731, 273)]"
2019-06-28 12:43:00,ASK_DEPTH,"[(100022, 319)]"
2019-06-28 12:43:00,IMBALANCE,"[273, 319]"
2019-06-28 12:43:00,HOLDINGS_UPDATED,"{'CASH': -4415705, 'JPM': 135}"
2019-06-28 12:44:00,BID_DEPTH,"[(99936, 273)]"
2019-06-28 12:44:00,ASK_DEPTH,"[(100022, 415)]"
2019-06-28 12:44:00,IMBALANCE,"[273, 415]"
2019-06-28 12:44:00,HOLDINGS_UPDATED,"{'CASH': -3516281, 'JPM': 126}"
2019-06-28 12:45:00,BID_DEPTH,"[(99767, 142)]"
2019-06-28 12:45:00,ASK_DEPTH,"[(99879, 188)]"
2019-06-28 12:45:00,IMBALANCE,"[142, 188]"
2019-06-28 12:45:00,HOLDINGS_UPDATED,"{'CASH': -2618378, 'JPM': 117}"
2019-06-28 12:46:00,BID_DEPTH,"[(99767, 203)]"
2019-06-28 12:46:00,ASK_DEPTH,"[(99879, 245)]"
2019-06-28 12:46:00,IMBALANCE,"[203, 245]"
2019-06-28 12:46:00,HOLDINGS_UPDATED,"{'CASH': -1720475, 'JPM': 108}"
2019-06-28 12:47:00,BID_DEPTH,"[(99737, 492)]"
2019-06-28 12:47:00,ASK_DEPTH,"[(100022, 630)]"
2019-06-28 12:47:00,IMBALANCE,"[492, 630]"
2019-06-28 12:47:00,HOLDINGS_UPDATED,"{'CASH': -822842, 'JPM': 99}"
2019-06-28 12:48:00,BID_DEPTH,"[(99737, 492)]"
2019-06-28 12:48:00,ASK_DEPTH,"[(100022, 526)]"
2019-06-28 12:48:00,IMBALANCE,"[492, 526]"
2019-06-28 12:48:00,HOLDINGS_UPDATED,"{'CASH': 74791, 'JPM': 90}"
2019-06-28 12:49:00,BID_DEPTH,"[(100175, 273)]"
2019-06-28 12:49:00,ASK_DEPTH,"[(100835, 319)]"
2019-06-28 12:49:00,IMBALANCE,"[273, 319]"
2019-06-28 12:49:00,HOLDINGS_UPDATED,"{'CASH': 976366, 'JPM': 81}"
2019-06-28 12:50:00,BID_DEPTH,"[(100191, 273)]"
2019-06-28 12:50:00,ASK_DEPTH,"[(100439, 319)]"
2019-06-28 12:50:00,IMBALANCE,"[273, 319]"
2019-06-28 12:50:00,HOLDINGS_UPDATED,"{'CASH': 1878085, 'JPM': 72}"
2019-06-28 12:51:00,BID_DEPTH,"[(100191, 164)]"
2019-06-28 12:51:00,ASK_DEPTH,"[(100364, 210)]"
2019-06-28 12:51:00,IMBALANCE,"[164, 210]"
2019-06-28 12:51:00,HOLDINGS_UPDATED,"{'CASH': 2779804, 'JPM': 63}"
2019-06-28 12:52:00,BID_DEPTH,"[(99731, 164)]"
2019-06-28 12:52:00,ASK_DEPTH,"[(100364, 306)]"
2019-06-28 12:52:00,IMBALANCE,"[164, 306]"
2019-06-28 12:52:00,HOLDINGS_UPDATED,"{'CASH': 3677383, 'JPM': 54}"
2019-06-28 12:53:00,BID_DEPTH,"[(99989, 492)]"
2019-06-28 12:53:00,ASK_DEPTH,"[(100347, 538)]"
2019-06-28 12:53:00,IMBALANCE,"[492, 538]"
2019-06-28 12:53:00,HOLDINGS_UPDATED,"{'CASH': 4577284, 'JPM': 45}"
2019-06-28 12:54:00,BID_DEPTH,"[(99879, 273)]"
2019-06-28 12:54:00,ASK_DEPTH,"[(100364, 411)]"
2019-06-28 12:54:00,IMBALANCE,"[273, 411]"
2019-06-28 12:54:00,HOLDINGS_UPDATED,"{'CASH': 5476195, 'JPM': 36}"
2019-06-28 12:55:00,BID_DEPTH,"[(99879, 164)]"
2019-06-28 12:55:00,ASK_DEPTH,"[(100364, 198)]"
2019-06-28 12:55:00,IMBALANCE,"[164, 198]"
2019-06-28 12:55:00,HOLDINGS_UPDATED,"{'CASH': 6375106, 'JPM': 27}"
2019-06-28 12:56:00,BID_DEPTH,"[(100299, 273)]"
2019-06-28 12:56:00,ASK_DEPTH,"[(100348, 319)]"
2019-06-28 12:56:00,IMBALANCE,"[273, 319]"
2019-06-28 12:56:00,HOLDINGS_UPDATED,"{'CASH': 7277797, 'JPM': 18}"
2019-06-28 12:57:00,BID_DEPTH,"[(100187, 203)]"
2019-06-28 12:57:00,ASK_DEPTH,"[(100348, 249)]"
2019-06-28 12:57:00,IMBALANCE,"[203, 249]"
2019-06-28 12:57:00,HOLDINGS_UPDATED,"{'CASH': 8179480, 'JPM': 9}"
2019-06-28 12:58:00,BID_DEPTH,"[(99871, 164)]"
2019-06-28 12:58:00,ASK_DEPTH,"[(99915, 210)]"
2019-06-28 12:58:00,IMBALANCE,"[164, 210]"
2019-06-28 12:58:00,HOLDINGS_UPDATED,{'CASH': 9078319}
2019-06-28 12:59:00,BID_DEPTH,"[(100039, 142)]"
2019-06-28 12:59:00,ASK_DEPTH,"[(100238, 188)]"
2019-06-28 12:59:00,IMBALANCE,"[142, 188]"
2019-06-28 12:59:00,HOLDINGS_UPDATED,"{'CASH': 9978670, 'JPM': -9}"
2019-06-28 13:00:00,BID_DEPTH,"[(99915, 264)]"
2019-06-28 13:00:00,ASK_DEPTH,"[(100238, 206)]"
2019-06-28 13:00:00,IMBALANCE,"[264, 206]"
2019-06-28 13:00:00,HOLDINGS_UPDATED,"{'CASH': 10877905, 'JPM': -18}"
2019-06-28 13:01:00,BID_DEPTH,"[(99915, 147)]"
2019-06-28 13:01:00,ASK_DEPTH,"[(100341, 210)]"
2019-06-28 13:01:00,IMBALANCE,"[147, 210]"
2019-06-28 13:01:00,HOLDINGS_UPDATED,"{'CASH': 11777140, 'JPM': -27}"
2019-06-28 13:02:00,BID_DEPTH,"[(100102, 142)]"
2019-06-28 13:02:00,ASK_DEPTH,"[(100347, 288)]"
2019-06-28 13:02:00,IMBALANCE,"[142, 288]"
2019-06-28 13:02:00,HOLDINGS_UPDATED,"{'CASH': 12678058, 'JPM': -36}"
2019-06-28 13:03:00,BID_DEPTH,"[(100102, 264)]"
2019-06-28 13:03:00,ASK_DEPTH,"[(100347, 310)]"
2019-06-28 13:03:00,IMBALANCE,"[264, 310]"
2019-06-28 13:03:00,HOLDINGS_UPDATED,"{'CASH': 13578976, 'JPM': -45}"
2019-06-28 13:04:00,BID_DEPTH,"[(100103, 142)]"
2019-06-28 13:04:00,ASK_DEPTH,"[(100347, 188)]"
2019-06-28 13:04:00,IMBALANCE,"[142, 188]"
2019-06-28 13:04:00,HOLDINGS_UPDATED,"{'CASH': 14479903, 'JPM': -54}"
2019-06-28 13:05:00,BID_DEPTH,"[(100103, 203)]"
2019-06-28 13:05:00,ASK_DEPTH,"[(100347, 249)]"
2019-06-28 13:05:00,IMBALANCE,"[203, 249]"
2019-06-28 13:05:00,HOLDINGS_UPDATED,"{'CASH': 15380830, 'JPM': -63}"
2019-06-28 13:06:00,BID_DEPTH,"[(100103, 164)]"
2019-06-28 13:06:00,ASK_DEPTH,"[(100348, 206)]"
2019-06-28 13:06:00,IMBALANCE,"[164, 206]"
2019-06-28 13:06:00,HOLDINGS_UPDATED,"{'CASH': 16281757, 'JPM': -72}"
2019-06-28 13:07:00,BID_DEPTH,"[(100102, 475)]"
2019-06-28 13:07:00,ASK_DEPTH,"[(100348, 534)]"
2019-06-28 13:07:00,IMBALANCE,"[475, 534]"
2019-06-28 13:07:00,HOLDINGS_UPDATED,"{'CASH': 17182675, 'JPM': -81}"
2019-06-28 13:08:00,BID_DEPTH,"[(100348, 508)]"
2019-06-28 13:08:00,ASK_DEPTH,"[(100361, 538)]"
2019-06-28 13:08:00,IMBALANCE,"[508, 538]"
2019-06-28 13:08:00,HOLDINGS_UPDATED,"{'CASH': 18085807, 'JPM': -90}"
2019-06-28 13:09:00,BID_DEPTH,"[(100361, 142)]"
2019-06-28 13:09:00,ASK_DEPTH,"[(100439, 284)]"
2019-06-28 13:09:00,IMBALANCE,"[142, 284]"
2019-06-28 13:09:00,HOLDINGS_UPDATED,"{'CASH': 18989056, 'JPM': -99}"
2019-06-28 13:10:00,BID_DEPTH,"[(100348, 203)]"
2019-06-28 13:10:00,ASK_DEPTH,"[(100835, 245)]"
2019-06-28 13:10:00,IMBALANCE,"[203, 245]"
2019-06-28 13:10:00,HOLDINGS_UPDATED,"{'CASH': 19892188, 'JPM': -108}"
2019-06-28 13:11:00,BID_DEPTH,"[(100835, 80)]"
2019-06-28 13:11:00,ASK_DEPTH,"[(100899, 210)]"
2019-06-28 13:11:00,IMBALANCE,"[80, 210]"
2019-06-28 13:11:00,HOLDINGS_UPDATED,"{'CASH': 20799703, 'JPM': -117}"
2019-06-28 13:12:00,BID_DEPTH,"[(100836, 203)]"
2019-06-28 13:12:00,ASK_DEPTH,"[(101044, 249)]"
2019-06-28 13:12:00,IMBALANCE,"[203, 249]"
2019-06-28 13:12:00,HOLDINGS_UPDATED,"{'CASH': 21707227, 'JPM': -126}"
2019-06-28 13:13:00,BID_DEPTH,"[(100881, 273)]"
2019-06-28 13:13:00,ASK_DEPTH,"[(101087, 319)]"
2019-06-28 13:13:00,IMBALANCE,"[273, 319]"
2019-06-28 13:13:00,HOLDINGS_UPDATED,"{'CASH': 22615156, 'JPM': -135}"
2019-06-28 13:14:00,BID_DEPTH,"[(101045, 273)]"
2019-06-28 13:14:00,ASK_DEPTH,"[(101119, 319)]"
2019-06-28 13:14:00,IMBALANCE,"[273, 319]"
2019-06-28 13:14:00,HOLDINGS_UPDATED,"{'CASH': 23524561, 'JPM': -144}"
2019-06-28 13:15:00,BID_DEPTH,"[(100836, 288)]"
2019-06-28 13:15:00,ASK_DEPTH,"[(101127, 142)]"
2019-06-28 13:15:00,IMBALANCE,"[288, 142]"
2019-06-28 13:15:00,HOLDINGS_UPDATED,"{'CASH': 22614418, 'JPM': -135}"
2019-06-28 13:16:00,BID_DEPTH,"[(100952, 210)]"
2019-06-28 13:16:00,ASK_DEPTH,"[(101142, 164)]"
2019-06-28 13:16:00,IMBALANCE,"[210, 164]"
2019-06-28 13:16:00,HOLDINGS_UPDATED,"{'CASH': 21704140, 'JPM': -126}"
2019-06-28 13:17:00,BID_DEPTH,"[(100836, 345)]"
2019-06-28 13:17:00,ASK_DEPTH,"[(100952, 203)]"
2019-06-28 13:17:00,IMBALANCE,"[345, 203]"
2019-06-28 13:17:00,HOLDINGS_UPDATED,"{'CASH': 20795572, 'JPM': -117}"
2019-06-28 13:18:00,BID_DEPTH,"[(100836, 341)]"
2019-06-28 13:18:00,ASK_DEPTH,"[(100952, 203)]"
2019-06-28 13:18:00,IMBALANCE,"[341, 203]"
2019-06-28 13:18:00,HOLDINGS_UPDATED,"{'CASH': 19887004, 'JPM': -108}"
2019-06-28 13:19:00,BID_DEPTH,"[(100836, 526)]"
2019-06-28 13:19:00,ASK_DEPTH,"[(101073, 492)]"
2019-06-28 13:19:00,IMBALANCE,"[526, 492]"
2019-06-28 13:19:00,HOLDINGS_UPDATED,"{'CASH': 18977347, 'JPM': -99}"
2019-06-28 13:20:00,BID_DEPTH,"[(100835, 538)]"
2019-06-28 13:20:00,ASK_DEPTH,"[(101073, 492)]"
2019-06-28 13:20:00,IMBALANCE,"[538, 492]"
2019-06-28 13:20:00,HOLDINGS_UPDATED,"{'CASH': 18067690, 'JPM': -90}"
2019-06-28 13:21:00,BID_DEPTH,"[(100348, 210)]"
2019-06-28 13:21:00,ASK_DEPTH,"[(101267, 164)]"
2019-06-28 13:21:00,IMBALANCE,"[210, 164]"
2019-06-28 13:21:00,HOLDINGS_UPDATED,"{'CASH': 17156287, 'JPM': -81}"
2019-06-28 13:22:00,BID_DEPTH,"[(99712, 249)]"
2019-06-28 13:22:00,ASK_DEPTH,"[(100348, 219)]"
2019-06-28 13:22:00,IMBALANCE,"[249, 219]"
2019-06-28 13:22:00,HOLDINGS_UPDATED,"{'CASH': 16253155, 'JPM': -72}"
2019-06-28 13:23:00,BID_DEPTH,"[(99487, 210)]"
2019-06-28 13:23:00,ASK_DEPTH,"[(101633, 164)]"
2019-06-28 13:23:00,IMBALANCE,"[210, 164]"
2019-06-28 13:23:00,HOLDINGS_UPDATED,"{'CASH': 15338458, 'JPM': -63}"
2019-06-28 13:24:00,BID_DEPTH,"[(100213, 100)]"
2019-06-28 13:24:00,ASK_DEPTH,[]
2019-06-28 13:24:00,IMBALANCE,"[100, 0]"
2019-06-28 13:25:00,BID_DEPTH,"[(100199, 538)]"
2019-06-28 13:25:00,ASK_DEPTH,"[(100216, 492)]"
2019-06-28 13:25:00,IMBALANCE,"[538, 492]"
2019-06-28 13:25:00,HOLDINGS_UPDATED,"{'CASH': 14436514, 'JPM': -54}"
2019-06-28 13:26:00,BID_DEPTH,"[(100002, 249)]"
2019-06-28 13:26:00,ASK_DEPTH,"[(100199, 203)]"
2019-06-28 13:26:00,IMBALANCE,"[249, 203]"
2019-06-28 13:26:00,HOLDINGS_UPDATED,"{'CASH': 13534723, 'JPM': -45}"
2019-06-28 13:27:00,BID_DEPTH,"[(99487, 345)]"
2019-06-28 13:27:00,ASK_DEPTH,"[(100002, 203)]"
2019-06-28 13:27:00,IMBALANCE,"[345, 203]"
2019-06-28 13:27:00,HOLDINGS_UPDATED,"{'CASH': 12634705, 'JPM': -36}"
2019-06-28 13:28:00,BID_DEPTH,"[(99487, 196)]"
2019-06-28 13:28:00,ASK_DEPTH,[]
2019-06-28 13:28:00,IMBALANCE,"[196, 0]"
2019-06-28 13:29:00,BID_DEPTH,"[(99346, 210)]"
2019-06-28 13:29:00,ASK_DEPTH,"[(99487, 68)]"
2019-06-28 13:29:00,IMBALANCE,"[210, 68]"
2019-06-28 13:29:00,HOLDINGS_UPDATED,"{'CASH': 11739322, 'JPM': -27}"
2019-06-28 13:30:00,BID_DEPTH,"[(99272, 319)]"
2019-06-28 13:30:00,ASK_DEPTH,"[(99487, 260)]"
2019-06-28 13:30:00,IMBALANCE,"[319, 260]"
2019-06-28 13:30:00,HOLDINGS_UPDATED,"{'CASH': 10843939, 'JPM': -18}"
2019-06-28 13:31:00,BID_DEPTH,"[(99272, 319)]"
2019-06-28 13:31:00,ASK_DEPTH,"[(100002, 269)]"
2019-06-28 13:31:00,IMBALANCE,"[319, 269]"
2019-06-28 13:31:00,HOLDINGS_UPDATED,"{'CASH': 9943921, 'JPM': -9}"
2019-06-28 13:32:00,BID_DEPTH,"[(99668, 319)]"
2019-06-28 13:32:00,ASK_DEPTH,"[(99744, 273)]"
2019-06-28 13:32:00,IMBALANCE,"[319, 273]"
2019-06-28 13:32:00,HOLDINGS_UPDATED,{'CASH': 9046225}
2019-06-28 13:33:00,BID_DEPTH,"[(99247, 210)]"
2019-06-28 13:33:00,ASK_DEPTH,"[(99668, 164)]"
2019-06-28 13:33:00,IMBALANCE,"[210, 164]"
2019-06-28 13:33:00,HOLDINGS_UPDATED,"{'CASH': 8149213, 'JPM': 9}"
2019-06-28 13:34:00,BID_DEPTH,"[(99187, 188)]"
2019-06-28 13:34:00,ASK_DEPTH,"[(99862, 142)]"
2019-06-28 13:34:00,IMBALANCE,"[188, 142]"
2019-06-28 13:34:00,HOLDINGS_UPDATED,"{'CASH': 7250455, 'JPM': 18}"
2019-06-28 13:35:00,BID_DEPTH,"[(99200, 210)]"
2019-06-28 13:35:00,ASK_DEPTH,"[(99862, 264)]"
2019-06-28 13:35:00,IMBALANCE,"[210, 264]"
2019-06-28 13:35:00,HOLDINGS_UPDATED,"{'CASH': 6351697, 'JPM': 27}"
2019-06-28 13:36:00,BID_DEPTH,"[(99128, 273)]"
2019-06-28 13:36:00,ASK_DEPTH,"[(99862, 298)]"
2019-06-28 13:36:00,IMBALANCE,"[273, 298]"
2019-06-28 13:36:00,HOLDINGS_UPDATED,"{'CASH': 7243849, 'JPM': 18}"
2019-06-28 13:37:00,BID_DEPTH,"[(99128, 203)]"
2019-06-28 13:37:00,ASK_DEPTH,"[(99492, 249)]"
2019-06-28 13:37:00,IMBALANCE,"[203, 249]"
2019-06-28 13:37:00,HOLDINGS_UPDATED,"{'CASH': 8136001, 'JPM': 9}"
2019-06-28 13:38:00,BID_DEPTH,"[(99492, 219)]"
2019-06-28 13:38:00,ASK_DEPTH,"[(99862, 224)]"
2019-06-28 13:38:00,IMBALANCE,"[219, 224]"
2019-06-28 13:38:00,HOLDINGS_UPDATED,{'CASH': 9031429}
2019-06-28 13:39:00,BID_DEPTH,"[(99263, 203)]"
2019-06-28 13:39:00,ASK_DEPTH,"[(99862, 420)]"
2019-06-28 13:39:00,IMBALANCE,"[203, 420]"
2019-06-28 13:39:00,HOLDINGS_UPDATED,"{'CASH': 9924796, 'JPM': -9}"
2019-06-28 13:40:00,BID_DEPTH,"[(99263, 142)]"
2019-06-28 13:40:00,ASK_DEPTH,"[(99862, 288)]"
2019-06-28 13:40:00,IMBALANCE,"[142, 288]"
2019-06-28 13:40:00,HOLDINGS_UPDATED,"{'CASH': 10818163, 'JPM': -18}"
2019-06-28 13:41:00,BID_DEPTH,"[(99062, 273)]"
2019-06-28 13:41:00,ASK_DEPTH,"[(99862, 315)]"
2019-06-28 13:41:00,IMBALANCE,"[273, 315]"
2019-06-28 13:41:00,HOLDINGS_UPDATED,"{'CASH': 11709721, 'JPM': -27}"
2019-06-28 13:42:00,BID_DEPTH,"[(99587, 492)]"
2019-06-28 13:42:00,ASK_DEPTH,"[(99862, 530)]"
2019-06-28 13:42:00,IMBALANCE,"[492, 530]"
2019-06-28 13:42:00,HOLDINGS_UPDATED,"{'CASH': 12606004, 'JPM': -36}"
2019-06-28 13:43:00,BID_DEPTH,"[(99366, 203)]"
2019-06-28 13:43:00,ASK_DEPTH,"[(99862, 241)]"
2019-06-28 13:43:00,IMBALANCE,"[203, 241]"
2019-06-28 13:43:00,HOLDINGS_UPDATED,"{'CASH': 13500298, 'JPM': -45}"
2019-06-28 13:44:00,BID_DEPTH,"[(99779, 164)]"
2019-06-28 13:44:00,ASK_DEPTH,"[(99810, 210)]"
2019-06-28 13:44:00,IMBALANCE,"[164, 210]"
2019-06-28 13:44:00,HOLDINGS_UPDATED,"{'CASH': 14398309, 'JPM': -54}"
2019-06-28 13:45:00,BID_DEPTH,"[(99637, 203)]"
2019-06-28 13:45:00,ASK_DEPTH,"[(99810, 249)]"
2019-06-28 13:45:00,IMBALANCE,"[203, 249]"
2019-06-28 13:45:00,HOLDINGS_UPDATED,"{'CASH': 15295042, 'JPM': -63}"
2019-06-28 13:46:00,BID_DEPTH,"[(99620, 492)]"
2019-06-28 13:46:00,ASK_DEPTH,"[(99810, 538)]"
2019-06-28 13:46:00,IMBALANCE,"[492, 538]"
2019-06-28 13:46:00,HOLDINGS_UPDATED,"{'CASH': 16191622, 'JPM': -72}"
2019-06-28 13:47:00,BID_DEPTH,"[(99041, 203)]"
2019-06-28 13:47:00,ASK_DEPTH,"[(99810, 249)]"
2019-06-28 13:47:00,IMBALANCE,"[203, 249]"
2019-06-28 13:47:00,HOLDINGS_UPDATED,"{'CASH': 17082991, 'JPM': -81}"
2019-06-28 13:48:00,BID_DEPTH,"[(98938, 203)]"
2019-06-28 13:48:00,ASK_DEPTH,"[(99125, 249)]"
2019-06-28 13:48:00,IMBALANCE,"[203, 249]"
2019-06-28 13:48:00,HOLDINGS_UPDATED,"{'CASH': 17973433, 'JPM': -90}"
2019-06-28 13:49:00,BID_DEPTH,"[(98938, 303)]"
2019-06-28 13:49:00,ASK_DEPTH,"[(99125, 249)]"
2019-06-28 13:49:00,IMBALANCE,"[303, 249]"
2019-06-28 13:49:00,HOLDINGS_UPDATED,"{'CASH': 18863875, 'JPM': -99}"
2019-06-28 13:50:00,BID_DEPTH,"[(98868, 492)]"
2019-06-28 13:50:00,ASK_DEPTH,"[(99125, 538)]"
2019-06-28 13:50:00,IMBALANCE,"[492, 538]"
2019-06-28 13:50:00,HOLDINGS_UPDATED,"{'CASH': 19753687, 'JPM': -108}"
2019-06-28 13:51:00,BID_DEPTH,"[(98731, 492)]"
2019-06-28 13:51:00,ASK_DEPTH,"[(98868, 538)]"
2019-06-28 13:51:00,IMBALANCE,"[492, 538]"
2019-06-28 13:51:00,HOLDINGS_UPDATED,"{'CASH': 20642266, 'JPM': -117}"
2019-06-28 13:52:00,BID_DEPTH,[]
2019-06-28 13:52:00,ASK_DEPTH,"[(98868, 100)]"
2019-06-28 13:52:00,IMBALANCE,"[0, 100]"
2019-06-28 13:53:00,BID_DEPTH,[]
2019-06-28 13:53:00,ASK_DEPTH,"[(98365, 100)]"
2019-06-28 13:53:00,IMBALANCE,"[0, 100]"
2019-06-28 13:54:00,BID_DEPTH,"[(97786, 273)]"
2019-06-28 13:54:00,ASK_DEPTH,"[(98365, 319)]"
2019-06-28 13:54:00,IMBALANCE,"[273, 319]"
2019-06-28 13:54:00,HOLDINGS_UPDATED,"{'CASH': 21522340, 'JPM': -126}"
2019-06-28 13:55:00,BID_DEPTH,"[(97787, 403)]"
2019-06-28 13:55:00,ASK_DEPTH,"[(98511, 249)]"
2019-06-28 13:55:00,IMBALANCE,"[403, 249]"
2019-06-28 13:55:00,HOLDINGS_UPDATED,"{'CASH': 22402423, 'JPM': -135}"
2019-06-28 13:56:00,BID_DEPTH,"[(98424, 492)]"
2019-06-28 13:56:00,ASK_DEPTH,"[(98511, 538)]"
2019-06-28 13:56:00,IMBALANCE,"[492, 538]"
2019-06-28 13:56:00,HOLDINGS_UPDATED,"{'CASH': 23288239, 'JPM': -144}"
2019-06-28 13:57:00,BID_DEPTH,"[(98655, 142)]"
2019-06-28 13:57:00,ASK_DEPTH,"[(98703, 188)]"
2019-06-28 13:57:00,IMBALANCE,"[142, 188]"
2019-06-28 13:57:00,HOLDINGS_UPDATED,"{'CASH': 24176134, 'JPM': -153}"
2019-06-28 13:58:00,BID_DEPTH,"[(97787, 675)]"
2019-06-28 13:58:00,ASK_DEPTH,"[(98703, 538)]"
2019-06-28 13:58:00,IMBALANCE,"[675, 538]"
2019-06-28 13:58:00,HOLDINGS_UPDATED,"{'CASH': 25056217, 'JPM': -162}"
2019-06-28 13:59:00,BID_DEPTH,"[(97787, 230)]"
2019-06-28 13:59:00,ASK_DEPTH,"[(98719, 210)]"
2019-06-28 13:59:00,IMBALANCE,"[230, 210]"
2019-06-28 13:59:00,HOLDINGS_UPDATED,"{'CASH': 25936300, 'JPM': -171}"
2019-06-28 14:00:00,BID_DEPTH,"[(98675, 492)]"
2019-06-28 14:00:00,ASK_DEPTH,"[(98721, 538)]"
2019-06-28 14:00:00,IMBALANCE,"[492, 538]"
2019-06-28 14:00:00,HOLDINGS_UPDATED,"{'CASH': 26824375, 'JPM': -180}"
2019-06-28 14:01:00,BID_DEPTH,"[(98675, 142)]"
2019-06-28 14:01:00,ASK_DEPTH,"[(98730, 188)]"
2019-06-28 14:01:00,IMBALANCE,"[142, 188]"
2019-06-28 14:01:00,HOLDINGS_UPDATED,"{'CASH': 27712450, 'JPM': -189}"
2019-06-28 14:02:00,BID_DEPTH,"[(98675, 303)]"
2019-06-28 14:02:00,ASK_DEPTH,"[(98730, 249)]"
2019-06-28 14:02:00,IMBALANCE,"[303, 249]"
2019-06-28 14:02:00,HOLDINGS_UPDATED,"{'CASH': 28600525, 'JPM': -198}"
2019-06-28 14:03:00,BID_DEPTH,"[(98675, 456)]"
2019-06-28 14:03:00,ASK_DEPTH,"[(98730, 319)]"
2019-06-28 14:03:00,IMBALANCE,"[456, 319]"
2019-06-28 14:03:00,HOLDINGS_UPDATED,"{'CASH': 29488600, 'JPM': -207}"
2019-06-28 14:04:00,BID_DEPTH,"[(98675, 658)]"
2019-06-28 14:04:00,ASK_DEPTH,"[(98767, 538)]"
2019-06-28 14:04:00,IMBALANCE,"[658, 538]"
2019-06-28 14:04:00,HOLDINGS_UPDATED,"{'CASH': 30376675, 'JPM': -216}"
2019-06-28 14:05:00,BID_DEPTH,"[(98675, 641)]"
2019-06-28 14:05:00,ASK_DEPTH,"[(98818, 538)]"
2019-06-28 14:05:00,IMBALANCE,"[641, 538]"
2019-06-28 14:05:00,HOLDINGS_UPDATED,"{'CASH': 30672700, 'JPM': -219}"
2019-06-28 14:05:00,HOLDINGS_UPDATED,"{'CASH': 31264750, 'JPM': -225}"
2019-06-28 14:06:00,BID_DEPTH,"[(98675, 524)]"
2019-06-28 14:06:00,ASK_DEPTH,"[(98874, 538)]"
2019-06-28 14:06:00,IMBALANCE,"[524, 538]"
2019-06-28 14:06:00,HOLDINGS_UPDATED,"{'CASH': 32152825, 'JPM': -234}"
2019-06-28 14:07:00,BID_DEPTH,"[(99113, 404)]"
2019-06-28 14:07:00,ASK_DEPTH,"[(99116, 538)]"
2019-06-28 14:07:00,IMBALANCE,"[404, 538]"
2019-06-28 14:07:00,HOLDINGS_UPDATED,"{'CASH': 33044842, 'JPM': -243}"
2019-06-28 14:08:00,BID_DEPTH,"[(99113, 203)]"
2019-06-28 14:08:00,ASK_DEPTH,"[(99163, 249)]"
2019-06-28 14:08:00,IMBALANCE,"[203, 249]"
2019-06-28 14:08:00,HOLDINGS_UPDATED,"{'CASH': 33936859, 'JPM': -252}"
2019-06-28 14:09:00,BID_DEPTH,"[(99113, 164)]"
2019-06-28 14:09:00,ASK_DEPTH,"[(99325, 210)]"
2019-06-28 14:09:00,IMBALANCE,"[164, 210]"
2019-06-28 14:09:00,HOLDINGS_UPDATED,"{'CASH': 34828876, 'JPM': -261}"
2019-06-28 14:10:00,BID_DEPTH,"[(99113, 273)]"
2019-06-28 14:10:00,ASK_DEPTH,"[(99463, 319)]"
2019-06-28 14:10:00,IMBALANCE,"[273, 319]"
2019-06-28 14:10:00,HOLDINGS_UPDATED,"{'CASH': 35720893, 'JPM': -270}"
2019-06-28 14:11:00,BID_DEPTH,"[(99113, 273)]"
2019-06-28 14:11:00,ASK_DEPTH,"[(99684, 319)]"
2019-06-28 14:11:00,IMBALANCE,"[273, 319]"
2019-06-28 14:11:00,HOLDINGS_UPDATED,"{'CASH': 36612910, 'JPM': -279}"
2019-06-28 14:12:00,BID_DEPTH,"[(99113, 142)]"
2019-06-28 14:12:00,ASK_DEPTH,"[(99714, 188)]"
2019-06-28 14:12:00,IMBALANCE,"[142, 188]"
2019-06-28 14:12:00,HOLDINGS_UPDATED,"{'CASH': 37504927, 'JPM': -288}"
2019-06-28 14:13:00,BID_DEPTH,"[(99113, 273)]"
2019-06-28 14:13:00,ASK_DEPTH,"[(99743, 319)]"
2019-06-28 14:13:00,IMBALANCE,"[273, 319]"
2019-06-28 14:13:00,HOLDINGS_UPDATED,"{'CASH': 38396944, 'JPM': -297}"
2019-06-28 14:14:00,BID_DEPTH,"[(99113, 273)]"
2019-06-28 14:14:00,ASK_DEPTH,"[(99439, 319)]"
2019-06-28 14:14:00,IMBALANCE,"[273, 319]"
2019-06-28 14:14:00,HOLDINGS_UPDATED,"{'CASH': 39288961, 'JPM': -306}"
2019-06-28 14:15:00,BID_DEPTH,"[(99113, 142)]"
2019-06-28 14:15:00,ASK_DEPTH,"[(99482, 188)]"
2019-06-28 14:15:00,IMBALANCE,"[142, 188]"
2019-06-28 14:15:00,HOLDINGS_UPDATED,"{'CASH': 40180978, 'JPM': -315}"
2019-06-28 14:16:00,BID_DEPTH,"[(98676, 492)]"
2019-06-28 14:16:00,ASK_DEPTH,"[(99482, 538)]"
2019-06-28 14:16:00,IMBALANCE,"[492, 538]"
2019-06-28 14:16:00,HOLDINGS_UPDATED,"{'CASH': 41069062, 'JPM': -324}"
2019-06-28 14:17:00,BID_DEPTH,"[(99482, 273)]"
2019-06-28 14:17:00,ASK_DEPTH,"[(99795, 319)]"
2019-06-28 14:17:00,IMBALANCE,"[273, 319]"
2019-06-28 14:17:00,HOLDINGS_UPDATED,"{'CASH': 41964400, 'JPM': -333}"
2019-06-28 14:18:00,BID_DEPTH,"[(98675, 79)]"
2019-06-28 14:18:00,ASK_DEPTH,"[(99482, 210)]"
2019-06-28 14:18:00,IMBALANCE,"[79, 210]"
2019-06-28 14:18:00,HOLDINGS_UPDATED,"{'CASH': 42852475, 'JPM': -342}"
2019-06-28 14:19:00,BID_DEPTH,"[(98675, 592)]"
2019-06-28 14:19:00,ASK_DEPTH,"[(99584, 538)]"
2019-06-28 14:19:00,IMBALANCE,"[592, 538]"
2019-06-28 14:19:00,HOLDINGS_UPDATED,"{'CASH': 43740550, 'JPM': -351}"
2019-06-28 14:20:00,BID_DEPTH,"[(98675, 125)]"
2019-06-28 14:20:00,ASK_DEPTH,"[(99584, 188)]"
2019-06-28 14:20:00,IMBALANCE,"[125, 188]"
2019-06-28 14:20:00,HOLDINGS_UPDATED,"{'CASH': 44628625, 'JPM': -360}"
2019-06-28 14:21:00,BID_DEPTH,"[(99577, 273)]"
2019-06-28 14:21:00,ASK_DEPTH,"[(99672, 319)]"
2019-06-28 14:21:00,IMBALANCE,"[273, 319]"
2019-06-28 14:21:00,HOLDINGS_UPDATED,"{'CASH': 45524818, 'JPM': -369}"
2019-06-28 14:22:00,BID_DEPTH,"[(99421, 249)]"
2019-06-28 14:22:00,ASK_DEPTH,"[(99672, 203)]"
2019-06-28 14:22:00,IMBALANCE,"[249, 203]"
2019-06-28 14:22:00,HOLDINGS_UPDATED,"{'CASH': 44627770, 'JPM': -360}"
2019-06-28 14:23:00,BID_DEPTH,"[(99672, 249)]"
2019-06-28 14:23:00,ASK_DEPTH,"[(99758, 203)]"
2019-06-28 14:23:00,IMBALANCE,"[249, 203]"
2019-06-28 14:23:00,HOLDINGS_UPDATED,"{'CASH': 43729948, 'JPM': -351}"
2019-06-28 14:24:00,BID_DEPTH,"[(99421, 538)]"
2019-06-28 14:24:00,ASK_DEPTH,"[(99758, 492)]"
2019-06-28 14:24:00,IMBALANCE,"[538, 492]"
2019-06-28 14:24:00,HOLDINGS_UPDATED,"{'CASH': 42832126, 'JPM': -342}"
2019-06-28 14:25:00,BID_DEPTH,"[(99447, 538)]"
2019-06-28 14:25:00,ASK_DEPTH,"[(99779, 492)]"
2019-06-28 14:25:00,IMBALANCE,"[538, 492]"
2019-06-28 14:25:00,HOLDINGS_UPDATED,"{'CASH': 41934115, 'JPM': -333}"
2019-06-28 14:26:00,BID_DEPTH,"[(99791, 210)]"
2019-06-28 14:26:00,ASK_DEPTH,"[(99821, 164)]"
2019-06-28 14:26:00,IMBALANCE,"[210, 164]"
2019-06-28 14:26:00,HOLDINGS_UPDATED,"{'CASH': 41035726, 'JPM': -324}"
2019-06-28 14:27:00,BID_DEPTH,"[(99791, 184)]"
2019-06-28 14:27:00,ASK_DEPTH,"[(99875, 142)]"
2019-06-28 14:27:00,IMBALANCE,"[184, 142]"
2019-06-28 14:27:00,HOLDINGS_UPDATED,"{'CASH': 40136851, 'JPM': -315}"
2019-06-28 14:28:00,BID_DEPTH,"[(99791, 202)]"
2019-06-28 14:28:00,ASK_DEPTH,"[(100050, 164)]"
2019-06-28 14:28:00,IMBALANCE,"[202, 164]"
2019-06-28 14:28:00,HOLDINGS_UPDATED,"{'CASH': 39236401, 'JPM': -306}"
2019-06-28 14:29:00,BID_DEPTH,"[(99791, 526)]"
2019-06-28 14:29:00,ASK_DEPTH,"[(100118, 492)]"
2019-06-28 14:29:00,IMBALANCE,"[526, 492]"
2019-06-28 14:29:00,HOLDINGS_UPDATED,"{'CASH': 38335339, 'JPM': -297}"
2019-06-28 14:30:00,BID_DEPTH,"[(100149, 210)]"
2019-06-28 14:30:00,ASK_DEPTH,"[(100222, 164)]"
2019-06-28 14:30:00,IMBALANCE,"[210, 164]"
2019-06-28 14:30:00,HOLDINGS_UPDATED,"{'CASH': 37433341, 'JPM': -288}"
2019-06-28 14:31:00,BID_DEPTH,"[(100149, 245)]"
2019-06-28 14:31:00,ASK_DEPTH,"[(100284, 203)]"
2019-06-28 14:31:00,IMBALANCE,"[245, 203]"
2019-06-28 14:31:00,HOLDINGS_UPDATED,"{'CASH': 36530785, 'JPM': -279}"
2019-06-28 14:32:00,BID_DEPTH,"[(100272, 188)]"
2019-06-28 14:32:00,ASK_DEPTH,"[(100284, 142)]"
2019-06-28 14:32:00,IMBALANCE,"[188, 142]"
2019-06-28 14:32:00,HOLDINGS_UPDATED,"{'CASH': 35628229, 'JPM': -270}"
2019-06-28 14:33:00,BID_DEPTH,"[(100251, 319)]"
2019-06-28 14:33:00,ASK_DEPTH,"[(100370, 273)]"
2019-06-28 14:33:00,IMBALANCE,"[319, 273]"
2019-06-28 14:33:00,HOLDINGS_UPDATED,"{'CASH': 34724899, 'JPM': -261}"
2019-06-28 14:34:00,BID_DEPTH,"[(99972, 188)]"
2019-06-28 14:34:00,ASK_DEPTH,"[(100251, 142)]"
2019-06-28 14:34:00,IMBALANCE,"[188, 142]"
2019-06-28 14:34:00,HOLDINGS_UPDATED,"{'CASH': 33822640, 'JPM': -252}"
2019-06-28 14:35:00,BID_DEPTH,"[(99791, 522)]"
2019-06-28 14:35:00,ASK_DEPTH,"[(99972, 592)]"
2019-06-28 14:35:00,IMBALANCE,"[522, 592]"
2019-06-28 14:35:00,HOLDINGS_UPDATED,"{'CASH': 32922892, 'JPM': -243}"
2019-06-28 14:36:00,BID_DEPTH,"[(99781, 249)]"
2019-06-28 14:36:00,ASK_DEPTH,"[(99791, 303)]"
2019-06-28 14:36:00,IMBALANCE,"[249, 303]"
2019-06-28 14:36:00,HOLDINGS_UPDATED,"{'CASH': 32024773, 'JPM': -234}"
2019-06-28 14:37:00,BID_DEPTH,"[(99781, 184)]"
2019-06-28 14:37:00,ASK_DEPTH,"[(99791, 125)]"
2019-06-28 14:37:00,IMBALANCE,"[184, 125]"
2019-06-28 14:37:00,HOLDINGS_UPDATED,"{'CASH': 31126654, 'JPM': -225}"
2019-06-28 14:38:00,BID_DEPTH,"[(99781, 530)]"
2019-06-28 14:38:00,ASK_DEPTH,"[(99791, 492)]"
2019-06-28 14:38:00,IMBALANCE,"[530, 492]"
2019-06-28 14:38:00,HOLDINGS_UPDATED,"{'CASH': 30228535, 'JPM': -216}"
2019-06-28 14:39:00,BID_DEPTH,"[(99683, 538)]"
2019-06-28 14:39:00,ASK_DEPTH,"[(99781, 555)]"
2019-06-28 14:39:00,IMBALANCE,"[538, 555]"
2019-06-28 14:39:00,HOLDINGS_UPDATED,"{'CASH': 29330506, 'JPM': -207}"
2019-06-28 14:40:00,BID_DEPTH,"[(98449, 188)]"
2019-06-28 14:40:00,ASK_DEPTH,"[(99781, 88)]"
2019-06-28 14:40:00,IMBALANCE,"[188, 88]"
2019-06-28 14:40:00,HOLDINGS_UPDATED,"{'CASH': 28432477, 'JPM': -198}"
2019-06-28 14:41:00,BID_DEPTH,"[(98449, 249)]"
2019-06-28 14:41:00,ASK_DEPTH,"[(98674, 203)]"
2019-06-28 14:41:00,IMBALANCE,"[249, 203]"
2019-06-28 14:41:00,HOLDINGS_UPDATED,"{'CASH': 27544411, 'JPM': -189}"
2019-06-28 14:42:00,BID_DEPTH,"[(98449, 249)]"
2019-06-28 14:42:00,ASK_DEPTH,"[(98995, 203)]"
2019-06-28 14:42:00,IMBALANCE,"[249, 203]"
2019-06-28 14:42:00,HOLDINGS_UPDATED,"{'CASH': 26653456, 'JPM': -180}"
2019-06-28 14:43:00,BID_DEPTH,"[(98449, 319)]"
2019-06-28 14:43:00,ASK_DEPTH,"[(98995, 273)]"
2019-06-28 14:43:00,IMBALANCE,"[319, 273]"
2019-06-28 14:43:00,HOLDINGS_UPDATED,"{'CASH': 25762501, 'JPM': -171}"
2019-06-28 14:44:00,BID_DEPTH,"[(98591, 210)]"
2019-06-28 14:44:00,ASK_DEPTH,"[(98679, 164)]"
2019-06-28 14:44:00,IMBALANCE,"[210, 164]"
2019-06-28 14:44:00,HOLDINGS_UPDATED,"{'CASH': 24874390, 'JPM': -162}"
2019-06-28 14:45:00,BID_DEPTH,"[(98679, 210)]"
2019-06-28 14:45:00,ASK_DEPTH,"[(99029, 164)]"
2019-06-28 14:45:00,IMBALANCE,"[210, 164]"
2019-06-28 14:45:00,HOLDINGS_UPDATED,"{'CASH': 23983129, 'JPM': -153}"
2019-06-28 14:46:00,BID_DEPTH,"[(99029, 249)]"
2019-06-28 14:46:00,ASK_DEPTH,"[(99479, 203)]"
2019-06-28 14:46:00,IMBALANCE,"[249, 203]"
2019-06-28 14:46:00,HOLDINGS_UPDATED,"{'CASH': 23087818, 'JPM': -144}"
2019-06-28 14:47:00,BID_DEPTH,"[(99573, 188)]"
2019-06-28 14:47:00,ASK_DEPTH,"[(99781, 142)]"
2019-06-28 14:47:00,IMBALANCE,"[188, 142]"
2019-06-28 14:47:00,HOLDINGS_UPDATED,"{'CASH': 22189789, 'JPM': -135}"
2019-06-28 14:48:00,BID_DEPTH,"[(99479, 288)]"
2019-06-28 14:48:00,ASK_DEPTH,"[(99792, 142)]"
2019-06-28 14:48:00,IMBALANCE,"[288, 142]"
2019-06-28 14:48:00,HOLDINGS_UPDATED,"{'CASH': 21291661, 'JPM': -126}"
2019-06-28 14:49:00,BID_DEPTH,"[(99299, 210)]"
2019-06-28 14:49:00,ASK_DEPTH,"[(99792, 164)]"
2019-06-28 14:49:00,IMBALANCE,"[210, 164]"
2019-06-28 14:49:00,HOLDINGS_UPDATED,"{'CASH': 20393533, 'JPM': -117}"
2019-06-28 14:50:00,BID_DEPTH,"[(99231, 210)]"
2019-06-28 14:50:00,ASK_DEPTH,"[(99364, 164)]"
2019-06-28 14:50:00,IMBALANCE,"[210, 164]"
2019-06-28 14:50:00,HOLDINGS_UPDATED,"{'CASH': 19499257, 'JPM': -108}"
2019-06-28 14:51:00,BID_DEPTH,"[(99297, 188)]"
2019-06-28 14:51:00,ASK_DEPTH,"[(99364, 142)]"
2019-06-28 14:51:00,IMBALANCE,"[188, 142]"
2019-06-28 14:51:00,HOLDINGS_UPDATED,"{'CASH': 18604981, 'JPM': -99}"
2019-06-28 14:52:00,BID_DEPTH,"[(99983, 319)]"
2019-06-28 14:52:00,ASK_DEPTH,"[(100403, 273)]"
2019-06-28 14:52:00,IMBALANCE,"[319, 273]"
2019-06-28 14:52:00,HOLDINGS_UPDATED,"{'CASH': 17701354, 'JPM': -90}"
2019-06-28 14:53:00,BID_DEPTH,"[(99983, 199)]"
2019-06-28 14:53:00,ASK_DEPTH,"[(100967, 249)]"
2019-06-28 14:53:00,IMBALANCE,"[199, 249]"
2019-06-28 14:53:00,HOLDINGS_UPDATED,"{'CASH': 18601201, 'JPM': -99}"
2019-06-28 14:54:00,BID_DEPTH,"[(100735, 142)]"
2019-06-28 14:54:00,ASK_DEPTH,"[(100939, 188)]"
2019-06-28 14:54:00,IMBALANCE,"[142, 188]"
2019-06-28 14:54:00,HOLDINGS_UPDATED,"{'CASH': 19507816, 'JPM': -108}"
2019-06-28 14:55:00,BID_DEPTH,"[(99628, 492)]"
2019-06-28 14:55:00,ASK_DEPTH,"[(99768, 538)]"
2019-06-28 14:55:00,IMBALANCE,"[492, 538]"
2019-06-28 14:55:00,HOLDINGS_UPDATED,"{'CASH': 20404468, 'JPM': -117}"
2019-06-28 14:56:00,BID_DEPTH,"[(99628, 303)]"
2019-06-28 14:56:00,ASK_DEPTH,"[(99768, 249)]"
2019-06-28 14:56:00,IMBALANCE,"[303, 249]"
2019-06-28 14:56:00,HOLDINGS_UPDATED,"{'CASH': 21301120, 'JPM': -126}"
2019-06-28 14:57:00,BID_DEPTH,"[(99225, 203)]"
2019-06-28 14:57:00,ASK_DEPTH,"[(99628, 249)]"
2019-06-28 14:57:00,IMBALANCE,"[203, 249]"
2019-06-28 14:57:00,HOLDINGS_UPDATED,"{'CASH': 22194145, 'JPM': -135}"
2019-06-28 14:58:00,BID_DEPTH,"[(99181, 273)]"
2019-06-28 14:58:00,ASK_DEPTH,"[(99628, 319)]"
2019-06-28 14:58:00,IMBALANCE,"[273, 319]"
2019-06-28 14:58:00,HOLDINGS_UPDATED,"{'CASH': 23086774, 'JPM': -144}"
2019-06-28 14:59:00,BID_DEPTH,"[(99136, 203)]"
2019-06-28 14:59:00,ASK_DEPTH,"[(99181, 349)]"
2019-06-28 14:59:00,IMBALANCE,"[203, 349]"
2019-06-28 14:59:00,HOLDINGS_UPDATED,"{'CASH': 23978998, 'JPM': -153}"
2019-06-28 15:00:00,BID_DEPTH,"[(98997, 492)]"
2019-06-28 15:00:00,ASK_DEPTH,"[(99180, 538)]"
2019-06-28 15:00:00,IMBALANCE,"[492, 538]"
2019-06-28 15:00:00,HOLDINGS_UPDATED,"{'CASH': 24869971, 'JPM': -162}"
2019-06-28 15:01:00,BID_DEPTH,"[(98980, 203)]"
2019-06-28 15:01:00,ASK_DEPTH,"[(99181, 249)]"
2019-06-28 15:01:00,IMBALANCE,"[203, 249]"
2019-06-28 15:01:00,HOLDINGS_UPDATED,"{'CASH': 25760791, 'JPM': -171}"
2019-06-28 15:02:00,BID_DEPTH,"[(98735, 273)]"
2019-06-28 15:02:00,ASK_DEPTH,"[(99224, 319)]"
2019-06-28 15:02:00,IMBALANCE,"[273, 319]"
2019-06-28 15:02:00,HOLDINGS_UPDATED,"{'CASH': 26649406, 'JPM': -180}"
2019-06-28 15:03:00,BID_DEPTH,"[(99224, 224)]"
2019-06-28 15:03:00,ASK_DEPTH,"[(99346, 319)]"
2019-06-28 15:03:00,IMBALANCE,"[224, 319]"
2019-06-28 15:03:00,HOLDINGS_UPDATED,"{'CASH': 27145526, 'JPM': -185}"
2019-06-28 15:03:00,HOLDINGS_UPDATED,"{'CASH': 27542422, 'JPM': -189}"
2019-06-28 15:04:00,BID_DEPTH,"[(99224, 492)]"
2019-06-28 15:04:00,ASK_DEPTH,"[(99280, 538)]"
2019-06-28 15:04:00,IMBALANCE,"[492, 538]"
2019-06-28 15:04:00,HOLDINGS_UPDATED,"{'CASH': 28435438, 'JPM': -198}"
2019-06-28 15:05:00,BID_DEPTH,"[(98735, 164)]"
2019-06-28 15:05:00,ASK_DEPTH,"[(99280, 406)]"
2019-06-28 15:05:00,IMBALANCE,"[164, 406]"
2019-06-28 15:05:00,HOLDINGS_UPDATED,"{'CASH': 29324053, 'JPM': -207}"
2019-06-28 15:06:00,BID_DEPTH,"[(98477, 142)]"
2019-06-28 15:06:00,ASK_DEPTH,"[(99280, 380)]"
2019-06-28 15:06:00,IMBALANCE,"[142, 380]"
2019-06-28 15:06:00,HOLDINGS_UPDATED,"{'CASH': 30210346, 'JPM': -216}"
2019-06-28 15:07:00,BID_DEPTH,"[(98503, 203)]"
2019-06-28 15:07:00,ASK_DEPTH,"[(99280, 437)]"
2019-06-28 15:07:00,IMBALANCE,"[203, 437]"
2019-06-28 15:07:00,HOLDINGS_UPDATED,"{'CASH': 31096873, 'JPM': -225}"
2019-06-28 15:08:00,BID_DEPTH,"[(98532, 164)]"
2019-06-28 15:08:00,ASK_DEPTH,"[(99280, 310)]"
2019-06-28 15:08:00,IMBALANCE,"[164, 310]"
2019-06-28 15:08:00,HOLDINGS_UPDATED,"{'CASH': 31983661, 'JPM': -234}"
2019-06-28 15:09:00,BID_DEPTH,"[(99204, 492)]"
2019-06-28 15:09:00,ASK_DEPTH,"[(99308, 538)]"
2019-06-28 15:09:00,IMBALANCE,"[492, 538]"
2019-06-28 15:09:00,HOLDINGS_UPDATED,"{'CASH': 32876497, 'JPM': -243}"
2019-06-28 15:10:00,BID_DEPTH,"[(99077, 273)]"
2019-06-28 15:10:00,ASK_DEPTH,"[(99423, 319)]"
2019-06-28 15:10:00,IMBALANCE,"[273, 319]"
2019-06-28 15:10:00,HOLDINGS_UPDATED,"{'CASH': 33768190, 'JPM': -252}"
2019-06-28 15:11:00,BID_DEPTH,"[(99052, 203)]"
2019-06-28 15:11:00,ASK_DEPTH,"[(99238, 249)]"
2019-06-28 15:11:00,IMBALANCE,"[203, 249]"
2019-06-28 15:11:00,HOLDINGS_UPDATED,"{'CASH': 34659658, 'JPM': -261}"
2019-06-28 15:12:00,BID_DEPTH,"[(98503, 164)]"
2019-06-28 15:12:00,ASK_DEPTH,"[(99423, 210)]"
2019-06-28 15:12:00,IMBALANCE,"[164, 210]"
2019-06-28 15:12:00,HOLDINGS_UPDATED,"{'CASH': 35546185, 'JPM': -270}"
2019-06-28 15:13:00,BID_DEPTH,"[(99063, 492)]"
2019-06-28 15:13:00,ASK_DEPTH,"[(99423, 538)]"
2019-06-28 15:13:00,IMBALANCE,"[492, 538]"
2019-06-28 15:13:00,HOLDINGS_UPDATED,"{'CASH': 36437752, 'JPM': -279}"
2019-06-28 15:14:00,BID_DEPTH,"[(98925, 203)]"
2019-06-28 15:14:00,ASK_DEPTH,"[(99423, 249)]"
2019-06-28 15:14:00,IMBALANCE,"[203, 249]"
2019-06-28 15:14:00,HOLDINGS_UPDATED,"{'CASH': 37328077, 'JPM': -288}"
2019-06-28 15:15:00,BID_DEPTH,"[(98925, 142)]"
2019-06-28 15:15:00,ASK_DEPTH,"[(99635, 188)]"
2019-06-28 15:15:00,IMBALANCE,"[142, 188]"
2019-06-28 15:15:00,HOLDINGS_UPDATED,"{'CASH': 38218402, 'JPM': -297}"
2019-06-28 15:16:00,BID_DEPTH,"[(99635, 273)]"
2019-06-28 15:16:00,ASK_DEPTH,"[(99696, 319)]"
2019-06-28 15:16:00,IMBALANCE,"[273, 319]"
2019-06-28 15:16:00,HOLDINGS_UPDATED,"{'CASH': 39115117, 'JPM': -306}"
2019-06-28 15:17:00,BID_DEPTH,"[(98925, 164)]"
2019-06-28 15:17:00,ASK_DEPTH,"[(99696, 210)]"
2019-06-28 15:17:00,IMBALANCE,"[164, 210]"
2019-06-28 15:17:00,HOLDINGS_UPDATED,"{'CASH': 40005442, 'JPM': -315}"
2019-06-28 15:18:00,BID_DEPTH,[]
2019-06-28 15:18:00,ASK_DEPTH,"[(99696, 100)]"
2019-06-28 15:18:00,IMBALANCE,"[0, 100]"
2019-06-28 15:19:00,BID_DEPTH,"[(98925, 264)]"
2019-06-28 15:19:00,ASK_DEPTH,"[(99733, 210)]"
2019-06-28 15:19:00,IMBALANCE,"[264, 210]"
2019-06-28 15:19:00,HOLDINGS_UPDATED,"{'CASH': 40895767, 'JPM': -324}"
2019-06-28 15:20:00,BID_DEPTH,"[(98925, 225)]"
2019-06-28 15:20:00,ASK_DEPTH,"[(99661, 188)]"
2019-06-28 15:20:00,IMBALANCE,"[225, 188]"
2019-06-28 15:20:00,HOLDINGS_UPDATED,"{'CASH': 41786092, 'JPM': -333}"
2019-06-28 15:21:00,BID_DEPTH,"[(99473, 203)]"
2019-06-28 15:21:00,ASK_DEPTH,"[(99539, 249)]"
2019-06-28 15:21:00,IMBALANCE,"[203, 249]"
2019-06-28 15:21:00,HOLDINGS_UPDATED,"{'CASH': 42681349, 'JPM': -342}"
2019-06-28 15:22:00,BID_DEPTH,"[(99360, 273)]"
2019-06-28 15:22:00,ASK_DEPTH,"[(99603, 319)]"
2019-06-28 15:22:00,IMBALANCE,"[273, 319]"
2019-06-28 15:22:00,HOLDINGS_UPDATED,"{'CASH': 43575589, 'JPM': -351}"
2019-06-28 15:23:00,BID_DEPTH,"[(99360, 242)]"
2019-06-28 15:23:00,ASK_DEPTH,"[(99603, 188)]"
2019-06-28 15:23:00,IMBALANCE,"[242, 188]"
2019-06-28 15:23:00,HOLDINGS_UPDATED,"{'CASH': 44469829, 'JPM': -360}"
2019-06-28 15:24:00,BID_DEPTH,"[(99360, 356)]"
2019-06-28 15:24:00,ASK_DEPTH,"[(99425, 319)]"
2019-06-28 15:24:00,IMBALANCE,"[356, 319]"
2019-06-28 15:24:00,HOLDINGS_UPDATED,"{'CASH': 45364069, 'JPM': -369}"
2019-06-28 15:25:00,BID_DEPTH,"[(99360, 230)]"
2019-06-28 15:25:00,ASK_DEPTH,"[(99425, 210)]"
2019-06-28 15:25:00,IMBALANCE,"[230, 210]"
2019-06-28 15:25:00,HOLDINGS_UPDATED,"{'CASH': 46258309, 'JPM': -378}"
2019-06-28 15:26:00,BID_DEPTH,"[(99360, 222)]"
2019-06-28 15:26:00,ASK_DEPTH,"[(99620, 319)]"
2019-06-28 15:26:00,IMBALANCE,"[222, 319]"
2019-06-28 15:26:00,HOLDINGS_UPDATED,"{'CASH': 46556389, 'JPM': -381}"
2019-06-28 15:26:00,HOLDINGS_UPDATED,"{'CASH': 47152549, 'JPM': -387}"
2019-06-28 15:27:00,BID_DEPTH,"[(99198, 273)]"
2019-06-28 15:27:00,ASK_DEPTH,"[(99450, 307)]"
2019-06-28 15:27:00,IMBALANCE,"[273, 307]"
2019-06-28 15:27:00,HOLDINGS_UPDATED,"{'CASH': 48045331, 'JPM': -396}"
2019-06-28 15:28:00,BID_DEPTH,"[(98946, 203)]"
2019-06-28 15:28:00,ASK_DEPTH,"[(99620, 249)]"
2019-06-28 15:28:00,IMBALANCE,"[203, 249]"
2019-06-28 15:28:00,HOLDINGS_UPDATED,"{'CASH': 48935845, 'JPM': -405}"
2019-06-28 15:29:00,BID_DEPTH,"[(98925, 385)]"
2019-06-28 15:29:00,ASK_DEPTH,"[(99709, 273)]"
2019-06-28 15:29:00,IMBALANCE,"[385, 273]"
2019-06-28 15:29:00,HOLDINGS_UPDATED,"{'CASH': 48038464, 'JPM': -396}"
2019-06-28 15:30:00,BID_DEPTH,"[(99709, 188)]"
2019-06-28 15:30:00,ASK_DEPTH,"[(99841, 142)]"
2019-06-28 15:30:00,IMBALANCE,"[188, 142]"
2019-06-28 15:30:00,HOLDINGS_UPDATED,"{'CASH': 47139895, 'JPM': -387}"
2019-06-28 15:31:00,BID_DEPTH,"[(99709, 345)]"
2019-06-28 15:31:00,ASK_DEPTH,"[(100386, 203)]"
2019-06-28 15:31:00,IMBALANCE,"[345, 203]"
2019-06-28 15:31:00,HOLDINGS_UPDATED,"{'CASH': 46236421, 'JPM': -378}"
2019-06-28 15:32:00,BID_DEPTH,"[(99710, 319)]"
2019-06-28 15:32:00,ASK_DEPTH,"[(101841, 273)]"
2019-06-28 15:32:00,IMBALANCE,"[319, 273]"
2019-06-28 15:32:00,HOLDINGS_UPDATED,"{'CASH': 45319852, 'JPM': -369}"
2019-06-28 15:33:00,BID_DEPTH,"[(102006, 249)]"
2019-06-28 15:33:00,ASK_DEPTH,"[(102832, 203)]"
2019-06-28 15:33:00,IMBALANCE,"[249, 203]"
2019-06-28 15:33:00,HOLDINGS_UPDATED,"{'CASH': 44394364, 'JPM': -360}"
2019-06-28 15:34:00,BID_DEPTH,"[(101783, 249)]"
2019-06-28 15:34:00,ASK_DEPTH,"[(102006, 207)]"
2019-06-28 15:34:00,IMBALANCE,"[249, 207]"
2019-06-28 15:34:00,HOLDINGS_UPDATED,"{'CASH': 43476310, 'JPM': -351}"
2019-06-28 15:35:00,BID_DEPTH,"[(101783, 284)]"
2019-06-28 15:35:00,ASK_DEPTH,"[(102006, 142)]"
2019-06-28 15:35:00,IMBALANCE,"[284, 142]"
2019-06-28 15:35:00,HOLDINGS_UPDATED,"{'CASH': 42558256, 'JPM': -342}"
2019-06-28 15:36:00,BID_DEPTH,"[(101888, 538)]"
2019-06-28 15:36:00,ASK_DEPTH,"[(102006, 492)]"
2019-06-28 15:36:00,IMBALANCE,"[538, 492]"
2019-06-28 15:36:00,HOLDINGS_UPDATED,"{'CASH': 41640202, 'JPM': -333}"
2019-06-28 15:37:00,BID_DEPTH,"[(101783, 302)]"
2019-06-28 15:37:00,ASK_DEPTH,"[(101888, 164)]"
2019-06-28 15:37:00,IMBALANCE,"[302, 164]"
2019-06-28 15:37:00,HOLDINGS_UPDATED,"{'CASH': 40723210, 'JPM': -324}"
2019-06-28 15:38:00,BID_DEPTH,"[(101783, 198)]"
2019-06-28 15:38:00,ASK_DEPTH,"[(101832, 164)]"
2019-06-28 15:38:00,IMBALANCE,"[198, 164]"
2019-06-28 15:38:00,HOLDINGS_UPDATED,"{'CASH': 39806722, 'JPM': -315}"
2019-06-28 15:39:00,BID_DEPTH,"[(99710, 634)]"
2019-06-28 15:39:00,ASK_DEPTH,"[(101899, 492)]"
2019-06-28 15:39:00,IMBALANCE,"[634, 492]"
2019-06-28 15:39:00,HOLDINGS_UPDATED,"{'CASH': 38889631, 'JPM': -306}"
2019-06-28 15:40:00,BID_DEPTH,"[(100904, 319)]"
2019-06-28 15:40:00,ASK_DEPTH,"[(101013, 273)]"
2019-06-28 15:40:00,IMBALANCE,"[319, 273]"
2019-06-28 15:40:00,HOLDINGS_UPDATED,"{'CASH': 37980514, 'JPM': -297}"
2019-06-28 15:41:00,BID_DEPTH,"[(100904, 534)]"
2019-06-28 15:41:00,ASK_DEPTH,"[(101196, 492)]"
2019-06-28 15:41:00,IMBALANCE,"[534, 492]"
2019-06-28 15:41:00,HOLDINGS_UPDATED,"{'CASH': 37069750, 'JPM': -288}"
2019-06-28 15:42:00,BID_DEPTH,"[(100904, 280)]"
2019-06-28 15:42:00,ASK_DEPTH,"[(102012, 142)]"
2019-06-28 15:42:00,IMBALANCE,"[280, 142]"
2019-06-28 15:42:00,HOLDINGS_UPDATED,"{'CASH': 36151642, 'JPM': -279}"
2019-06-28 15:43:00,BID_DEPTH,"[(100904, 276)]"
2019-06-28 15:43:00,ASK_DEPTH,"[(101049, 142)]"
2019-06-28 15:43:00,IMBALANCE,"[276, 142]"
2019-06-28 15:43:00,HOLDINGS_UPDATED,"{'CASH': 35242201, 'JPM': -270}"
2019-06-28 15:44:00,BID_DEPTH,"[(100904, 522)]"
2019-06-28 15:44:00,ASK_DEPTH,"[(101049, 692)]"
2019-06-28 15:44:00,IMBALANCE,"[522, 692]"
2019-06-28 15:44:00,HOLDINGS_UPDATED,"{'CASH': 34332760, 'JPM': -261}"
2019-06-28 15:45:00,BID_DEPTH,"[(100905, 249)]"
2019-06-28 15:45:00,ASK_DEPTH,"[(101049, 186)]"
2019-06-28 15:45:00,IMBALANCE,"[249, 186]"
2019-06-28 15:45:00,HOLDINGS_UPDATED,"{'CASH': 33423319, 'JPM': -252}"
2019-06-28 15:46:00,BID_DEPTH,"[(100933, 249)]"
2019-06-28 15:46:00,ASK_DEPTH,"[(101048, 203)]"
2019-06-28 15:46:00,IMBALANCE,"[249, 203]"
2019-06-28 15:46:00,HOLDINGS_UPDATED,"{'CASH': 32513887, 'JPM': -243}"
2019-06-28 15:47:00,BID_DEPTH,"[(100933, 206)]"
2019-06-28 15:47:00,ASK_DEPTH,"[(101049, 164)]"
2019-06-28 15:47:00,IMBALANCE,"[206, 164]"
2019-06-28 15:47:00,HOLDINGS_UPDATED,"{'CASH': 31604446, 'JPM': -234}"
2019-06-28 15:48:00,BID_DEPTH,"[(100905, 534)]"
2019-06-28 15:48:00,ASK_DEPTH,"[(100964, 492)]"
2019-06-28 15:48:00,IMBALANCE,"[534, 492]"
2019-06-28 15:48:00,HOLDINGS_UPDATED,"{'CASH': 30695770, 'JPM': -225}"
2019-06-28 15:49:00,BID_DEPTH,"[(100905, 241)]"
2019-06-28 15:49:00,ASK_DEPTH,"[(101061, 203)]"
2019-06-28 15:49:00,IMBALANCE,"[241, 203]"
2019-06-28 15:49:00,HOLDINGS_UPDATED,"{'CASH': 29786221, 'JPM': -216}"
2019-06-28 15:50:00,BID_DEPTH,"[(100854, 188)]"
2019-06-28 15:50:00,ASK_DEPTH,"[(100904, 242)]"
2019-06-28 15:50:00,IMBALANCE,"[188, 242]"
2019-06-28 15:50:00,HOLDINGS_UPDATED,"{'CASH': 28878085, 'JPM': -207}"
2019-06-28 15:51:00,BID_DEPTH,"[(100854, 184)]"
2019-06-28 15:51:00,ASK_DEPTH,"[(101075, 142)]"
2019-06-28 15:51:00,IMBALANCE,"[184, 142]"
2019-06-28 15:51:00,HOLDINGS_UPDATED,"{'CASH': 27968410, 'JPM': -198}"
2019-06-28 15:52:00,BID_DEPTH,"[(100854, 180)]"
2019-06-28 15:52:00,ASK_DEPTH,"[(101025, 142)]"
2019-06-28 15:52:00,IMBALANCE,"[180, 142]"
2019-06-28 15:52:00,HOLDINGS_UPDATED,"{'CASH': 27059185, 'JPM': -189}"
2019-06-28 15:53:00,BID_DEPTH,"[(100854, 237)]"
2019-06-28 15:53:00,ASK_DEPTH,"[(101025, 303)]"
2019-06-28 15:53:00,IMBALANCE,"[237, 303]"
2019-06-28 15:53:00,HOLDINGS_UPDATED,"{'CASH': 26149960, 'JPM': -180}"
2019-06-28 15:54:00,BID_DEPTH,"[(100996, 188)]"
2019-06-28 15:54:00,ASK_DEPTH,"[(101208, 142)]"
2019-06-28 15:54:00,IMBALANCE,"[188, 142]"
2019-06-28 15:54:00,HOLDINGS_UPDATED,"{'CASH': 25239088, 'JPM': -171}"
2019-06-28 15:55:00,BID_DEPTH,"[(100996, 206)]"
2019-06-28 15:55:00,ASK_DEPTH,"[(101208, 264)]"
2019-06-28 15:55:00,IMBALANCE,"[206, 264]"
2019-06-28 15:55:00,HOLDINGS_UPDATED,"{'CASH': 24328216, 'JPM': -162}"
2019-06-28 15:56:00,BID_DEPTH,"[(100854, 303)]"
2019-06-28 15:56:00,ASK_DEPTH,"[(101208, 256)]"
2019-06-28 15:56:00,IMBALANCE,"[303, 256]"
2019-06-28 15:56:00,HOLDINGS_UPDATED,"{'CASH': 23417344, 'JPM': -153}"
2019-06-28 15:57:00,BID_DEPTH,"[(100845, 319)]"
2019-06-28 15:57:00,ASK_DEPTH,"[(101228, 273)]"
2019-06-28 15:57:00,IMBALANCE,"[319, 273]"
2019-06-28 15:57:00,HOLDINGS_UPDATED,"{'CASH': 22506292, 'JPM': -144}"
2019-06-28 15:58:00,BID_DEPTH,"[(100754, 319)]"
2019-06-28 15:58:00,ASK_DEPTH,"[(101245, 273)]"
2019-06-28 15:58:00,IMBALANCE,"[319, 273]"
2019-06-28 15:58:00,HOLDINGS_UPDATED,"{'CASH': 21595087, 'JPM': -135}"
2019-06-28 15:59:00,BID_DEPTH,"[(100754, 188)]"
2019-06-28 15:59:00,ASK_DEPTH,"[(101245, 142)]"
2019-06-28 15:59:00,IMBALANCE,"[188, 142]"
2019-06-28 15:59:00,HOLDINGS_UPDATED,"{'CASH': 20683882, 'JPM': -126}"
2019-06-28 16:00:00,BID_DEPTH,"[(100720, 319)]"
2019-06-28 16:00:00,ASK_DEPTH,"[(102147, 273)]"
2019-06-28 16:00:00,IMBALANCE,"[319, 273]"
2019-06-28 16:00:00,HOLDINGS_UPDATED,"{'CASH': 19764559, 'JPM': -117}"
2019-06-28 16:01:00,BID_DEPTH,"[(100720, 319)]"
2019-06-28 16:01:00,ASK_DEPTH,"[(102147, 202)]"
2019-06-28 16:01:00,IMBALANCE,"[319, 202]"
2019-06-28 16:01:00,MKT_CLOSED,
2019-06-28 16:01:00,FINAL_HOLDINGS,"{ JPM: -117, CASH: 19764559 }"
2019-06-28 16:01:00,FINAL_CASH_POSITION,19764559
2019-06-28 16:01:00,MARK_TO_MARKET,-117 JPM @ 102147 == -11951199
2019-06-28 16:01:00,MARKED_TO_MARKET,7813360
2019-06-28 16:01:00,ENDING_CASH,7813360
