EventTime,EventType,Event
,AGENT_TYPE,MomentumAgent
,STARTING_CASH,10000000
2019-06-28 09:30:00,HOLDINGS_UPDATED,{'CASH': 10000000}
2019-06-28 09:31:00,BID_DEPTH,"[(99958, 287)]"
2019-06-28 09:31:00,ASK_DEPTH,"[(100010, 187)]"
2019-06-28 09:31:00,IMBALANCE,"[287, 187]"
2019-06-28 09:32:00,BID_DEPTH,"[(99959, 164)]"
2019-06-28 09:32:00,ASK_DEPTH,"[(100010, 164)]"
2019-06-28 09:32:00,IMBALANCE,"[164, 164]"
2019-06-28 09:33:00,BID_DEPTH,"[(99958, 457)]"
2019-06-28 09:33:00,ASK_DEPTH,"[(100010, 357)]"
2019-06-28 09:33:00,IMBALANCE,"[457, 357]"
2019-06-28 09:34:00,BID_DEPTH,"[(99958, 328)]"
2019-06-28 09:34:00,ASK_DEPTH,"[(100010, 228)]"
2019-06-28 09:34:00,IMBALANCE,"[328, 228]"
2019-06-28 09:35:00,BID_DEPTH,"[(99958, 251)]"
2019-06-28 09:35:00,ASK_DEPTH,"[(100005, 251)]"
2019-06-28 09:35:00,IMBALANCE,"[251, 251]"
2019-06-28 09:36:00,BID_DEPTH,"[(99958, 357)]"
2019-06-28 09:36:00,ASK_DEPTH,"[(100005, 457)]"
2019-06-28 09:36:00,IMBALANCE,"[357, 457]"
2019-06-28 09:37:00,BID_DEPTH,"[(99957, 428)]"
2019-06-28 09:37:00,ASK_DEPTH,"[(100005, 228)]"
2019-06-28 09:37:00,IMBALANCE,"[428, 228]"
2019-06-28 09:38:00,BID_DEPTH,"[(99998, 164)]"
2019-06-28 09:38:00,ASK_DEPTH,"[(100010, 164)]"
2019-06-28 09:38:00,IMBALANCE,"[164, 164]"
2019-06-28 09:39:00,BID_DEPTH,"[(99957, 457)]"
2019-06-28 09:39:00,ASK_DEPTH,"[(100021, 357)]"
2019-06-28 09:39:00,IMBALANCE,"[457, 357]"
2019-06-28 09:40:00,BID_DEPTH,"[(100000, 164)]"
2019-06-28 09:40:00,ASK_DEPTH,"[(100021, 164)]"
2019-06-28 09:40:00,IMBALANCE,"[164, 164]"
2019-06-28 09:41:00,BID_DEPTH,"[(99957, 264)]"
2019-06-28 09:41:00,ASK_DEPTH,"[(100000, 164)]"
2019-06-28 09:41:00,IMBALANCE,"[264, 164]"
2019-06-28 09:42:00,BID_DEPTH,"[(99957, 328)]"
2019-06-28 09:42:00,ASK_DEPTH,"[(100000, 328)]"
2019-06-28 09:42:00,IMBALANCE,"[328, 328]"
2019-06-28 09:43:00,BID_DEPTH,"[(99956, 357)]"
2019-06-28 09:43:00,ASK_DEPTH,"[(100000, 457)]"
2019-06-28 09:43:00,IMBALANCE,"[357, 457]"
2019-06-28 09:44:00,BID_DEPTH,"[(99946, 287)]"
2019-06-28 09:44:00,ASK_DEPTH,"[(100000, 287)]"
2019-06-28 09:44:00,IMBALANCE,"[287, 287]"
2019-06-28 09:45:00,BID_DEPTH,"[(99946, 251)]"
2019-06-28 09:45:00,ASK_DEPTH,"[(100000, 251)]"
2019-06-28 09:45:00,IMBALANCE,"[251, 251]"
2019-06-28 09:46:00,BID_DEPTH,"[(99936, 164)]"
2019-06-28 09:46:00,ASK_DEPTH,"[(100000, 264)]"
2019-06-28 09:46:00,IMBALANCE,"[164, 264]"
2019-06-28 09:47:00,BID_DEPTH,"[(99936, 164)]"
2019-06-28 09:47:00,ASK_DEPTH,"[(99985, 164)]"
2019-06-28 09:47:00,IMBALANCE,"[164, 164]"
2019-06-28 09:48:00,BID_DEPTH,"[(99957, 187)]"
2019-06-28 09:48:00,ASK_DEPTH,"[(99985, 187)]"
2019-06-28 09:48:00,IMBALANCE,"[187, 187]"
2019-06-28 09:49:00,BID_DEPTH,"[(99958, 151)]"
2019-06-28 09:49:00,ASK_DEPTH,"[(100025, 151)]"
2019-06-28 09:49:00,IMBALANCE,"[151, 151]"
2019-06-28 09:50:00,BID_DEPTH,"[(100000, 228)]"
2019-06-28 09:50:00,ASK_DEPTH,"[(100035, 228)]"
2019-06-28 09:50:00,IMBALANCE,"[228, 228]"
2019-06-28 09:51:00,BID_DEPTH,"[(100000, 187)]"
2019-06-28 09:51:00,ASK_DEPTH,"[(100037, 187)]"
2019-06-28 09:51:00,IMBALANCE,"[187, 187]"
2019-06-28 09:52:00,BID_DEPTH,"[(100000, 164)]"
2019-06-28 09:52:00,ASK_DEPTH,"[(100056, 164)]"
2019-06-28 09:52:00,IMBALANCE,"[164, 164]"
2019-06-28 09:53:00,BID_DEPTH,"[(100037, 228)]"
2019-06-28 09:53:00,ASK_DEPTH,"[(100110, 228)]"
2019-06-28 09:53:00,IMBALANCE,"[228, 228]"
2019-06-28 09:54:00,BID_DEPTH,"[(100225, 151)]"
2019-06-28 09:54:00,ASK_DEPTH,"[(100377, 151)]"
2019-06-28 09:54:00,IMBALANCE,"[151, 151]"
2019-06-28 09:55:00,BID_DEPTH,"[(100225, 151)]"
2019-06-28 09:55:00,ASK_DEPTH,"[(100342, 151)]"
2019-06-28 09:55:00,IMBALANCE,"[151, 151]"
2019-06-28 09:56:00,BID_DEPTH,"[(100316, 151)]"
2019-06-28 09:56:00,ASK_DEPTH,"[(100333, 151)]"
2019-06-28 09:56:00,IMBALANCE,"[151, 151]"
2019-06-28 09:57:00,BID_DEPTH,"[(100320, 164)]"
2019-06-28 09:57:00,ASK_DEPTH,"[(100342, 164)]"
2019-06-28 09:57:00,IMBALANCE,"[164, 164]"
2019-06-28 09:58:00,BID_DEPTH,"[(100320, 357)]"
2019-06-28 09:58:00,ASK_DEPTH,"[(100352, 357)]"
2019-06-28 09:58:00,IMBALANCE,"[357, 357]"
2019-06-28 09:59:00,BID_DEPTH,"[(100317, 328)]"
2019-06-28 09:59:00,ASK_DEPTH,"[(100352, 228)]"
2019-06-28 09:59:00,IMBALANCE,"[328, 228]"
2019-06-28 10:00:00,BID_DEPTH,"[(100317, 164)]"
2019-06-28 10:00:00,ASK_DEPTH,"[(100352, 164)]"
2019-06-28 10:00:00,IMBALANCE,"[164, 164]"
2019-06-28 10:01:00,BID_DEPTH,"[(100316, 151)]"
2019-06-28 10:01:00,ASK_DEPTH,"[(100350, 151)]"
2019-06-28 10:01:00,IMBALANCE,"[151, 151]"
2019-06-28 10:02:00,BID_DEPTH,"[(100216, 357)]"
2019-06-28 10:02:00,ASK_DEPTH,"[(100317, 357)]"
2019-06-28 10:02:00,IMBALANCE,"[357, 357]"
2019-06-28 10:03:00,BID_DEPTH,"[(100163, 357)]"
2019-06-28 10:03:00,ASK_DEPTH,"[(100317, 357)]"
2019-06-28 10:03:00,IMBALANCE,"[357, 357]"
2019-06-28 10:04:00,BID_DEPTH,"[(100080, 164)]"
2019-06-28 10:04:00,ASK_DEPTH,"[(100216, 264)]"
2019-06-28 10:04:00,IMBALANCE,"[164, 264]"
2019-06-28 10:05:00,BID_DEPTH,"[(100111, 164)]"
2019-06-28 10:05:00,ASK_DEPTH,"[(100216, 264)]"
2019-06-28 10:05:00,IMBALANCE,"[164, 264]"
2019-06-28 10:06:00,BID_DEPTH,"[(100111, 228)]"
2019-06-28 10:06:00,ASK_DEPTH,"[(100216, 328)]"
2019-06-28 10:06:00,IMBALANCE,"[228, 328]"
2019-06-28 10:07:00,BID_DEPTH,"[(100075, 164)]"
2019-06-28 10:07:00,ASK_DEPTH,"[(100111, 164)]"
2019-06-28 10:07:00,IMBALANCE,"[164, 164]"
2019-06-28 10:08:00,BID_DEPTH,"[(100075, 187)]"
2019-06-28 10:08:00,ASK_DEPTH,"[(100111, 187)]"
2019-06-28 10:08:00,IMBALANCE,"[187, 187]"
2019-06-28 10:09:00,BID_DEPTH,"[(100072, 151)]"
2019-06-28 10:09:00,ASK_DEPTH,"[(100111, 151)]"
2019-06-28 10:09:00,IMBALANCE,"[151, 151]"
2019-06-28 10:10:00,BID_DEPTH,"[(100072, 228)]"
2019-06-28 10:10:00,ASK_DEPTH,"[(100111, 228)]"
2019-06-28 10:10:00,IMBALANCE,"[228, 228]"
2019-06-28 10:11:00,BID_DEPTH,"[(100072, 228)]"
2019-06-28 10:11:00,ASK_DEPTH,"[(100080, 428)]"
2019-06-28 10:11:00,IMBALANCE,"[228, 428]"
2019-06-28 10:12:00,BID_DEPTH,"[(100073, 357)]"
2019-06-28 10:12:00,ASK_DEPTH,"[(100075, 357)]"
2019-06-28 10:12:00,IMBALANCE,"[357, 357]"
2019-06-28 10:13:00,BID_DEPTH,"[(100073, 151)]"
2019-06-28 10:13:00,ASK_DEPTH,"[(100080, 351)]"
2019-06-28 10:13:00,IMBALANCE,"[151, 351]"
2019-06-28 10:14:00,BID_DEPTH,"[(100044, 151)]"
2019-06-28 10:14:00,ASK_DEPTH,"[(100080, 251)]"
2019-06-28 10:14:00,IMBALANCE,"[151, 251]"
2019-06-28 10:15:00,BID_DEPTH,"[(100074, 187)]"
2019-06-28 10:15:00,ASK_DEPTH,"[(100080, 287)]"
2019-06-28 10:15:00,IMBALANCE,"[187, 287]"
2019-06-28 10:16:00,BID_DEPTH,"[(100044, 151)]"
2019-06-28 10:16:00,ASK_DEPTH,"[(100080, 251)]"
2019-06-28 10:16:00,IMBALANCE,"[151, 251]"
2019-06-28 10:17:00,BID_DEPTH,"[(100041, 187)]"
2019-06-28 10:17:00,ASK_DEPTH,"[(100080, 287)]"
2019-06-28 10:17:00,IMBALANCE,"[187, 287]"
2019-06-28 10:18:00,BID_DEPTH,"[(100055, 164)]"
2019-06-28 10:18:00,ASK_DEPTH,"[(100080, 264)]"
2019-06-28 10:18:00,IMBALANCE,"[164, 264]"
2019-06-28 10:19:00,BID_DEPTH,"[(100055, 357)]"
2019-06-28 10:19:00,ASK_DEPTH,"[(100063, 357)]"
2019-06-28 10:19:00,IMBALANCE,"[357, 357]"
2019-06-28 10:20:00,BID_DEPTH,"[(100062, 100)]"
2019-06-28 10:20:00,ASK_DEPTH,"[(100066, 164)]"
2019-06-28 10:20:00,IMBALANCE,"[100, 164]"
2019-06-28 10:21:00,BID_DEPTH,"[(100062, 293)]"
2019-06-28 10:21:00,ASK_DEPTH,"[(100074, 407)]"
2019-06-28 10:21:00,IMBALANCE,"[293, 407]"
2019-06-28 10:21:00,HOLDINGS_UPDATED,"{'CASH': 9399556, 'JPM': 6}"
2019-06-28 10:22:00,BID_DEPTH,"[(100062, 164)]"
2019-06-28 10:22:00,ASK_DEPTH,"[(100147, 178)]"
2019-06-28 10:22:00,IMBALANCE,"[164, 178]"
2019-06-28 10:22:00,HOLDINGS_UPDATED,"{'CASH': 8798674, 'JPM': 12}"
2019-06-28 10:23:00,BID_DEPTH,"[(100062, 50)]"
2019-06-28 10:23:00,ASK_DEPTH,"[(100222, 164)]"
2019-06-28 10:23:00,IMBALANCE,"[50, 164]"
2019-06-28 10:23:00,HOLDINGS_UPDATED,"{'CASH': 9399046, 'JPM': 6}"
2019-06-28 10:24:00,BID_DEPTH,"[(100055, 161)]"
2019-06-28 10:24:00,ASK_DEPTH,"[(100222, 228)]"
2019-06-28 10:24:00,IMBALANCE,"[161, 228]"
2019-06-28 10:24:00,HOLDINGS_UPDATED,{'CASH': 9999376}
2019-06-28 10:25:00,BID_DEPTH,"[(100140, 178)]"
2019-06-28 10:25:00,ASK_DEPTH,"[(100338, 228)]"
2019-06-28 10:25:00,IMBALANCE,"[178, 228]"
2019-06-28 10:25:00,HOLDINGS_UPDATED,"{'CASH': 10600216, 'JPM': -6}"
2019-06-28 10:26:00,BID_DEPTH,"[(100338, 137)]"
2019-06-28 10:26:00,ASK_DEPTH,"[(100492, 187)]"
2019-06-28 10:26:00,IMBALANCE,"[137, 187]"
2019-06-28 10:26:00,HOLDINGS_UPDATED,"{'CASH': 11202244, 'JPM': -12}"
2019-06-28 10:27:00,BID_DEPTH,"[(100140, 178)]"
2019-06-28 10:27:00,ASK_DEPTH,"[(100376, 228)]"
2019-06-28 10:27:00,IMBALANCE,"[178, 228]"
2019-06-28 10:27:00,HOLDINGS_UPDATED,"{'CASH': 11803084, 'JPM': -18}"
2019-06-28 10:28:00,BID_DEPTH,"[(100055, 228)]"
2019-06-28 10:28:00,ASK_DEPTH,"[(100376, 178)]"
2019-06-28 10:28:00,IMBALANCE,"[228, 178]"
2019-06-28 10:28:00,HOLDINGS_UPDATED,"{'CASH': 11200828, 'JPM': -12}"
2019-06-28 10:29:00,BID_DEPTH,"[(100041, 187)]"
2019-06-28 10:29:00,ASK_DEPTH,"[(100492, 137)]"
2019-06-28 10:29:00,IMBALANCE,"[187, 137]"
2019-06-28 10:29:00,HOLDINGS_UPDATED,"{'CASH': 10597876, 'JPM': -6}"
2019-06-28 10:30:00,BID_DEPTH,"[(100041, 187)]"
2019-06-28 10:30:00,ASK_DEPTH,"[(100510, 137)]"
2019-06-28 10:30:00,IMBALANCE,"[187, 137]"
2019-06-28 10:30:00,HOLDINGS_UPDATED,{'CASH': 9994816}
2019-06-28 10:31:00,BID_DEPTH,"[(100025, 164)]"
2019-06-28 10:31:00,ASK_DEPTH,"[(100560, 114)]"
2019-06-28 10:31:00,IMBALANCE,"[164, 114]"
2019-06-28 10:31:00,HOLDINGS_UPDATED,"{'CASH': 9391456, 'JPM': 6}"
2019-06-28 10:32:00,BID_DEPTH,"[(99829, 187)]"
2019-06-28 10:32:00,ASK_DEPTH,"[(100009, 137)]"
2019-06-28 10:32:00,IMBALANCE,"[187, 137]"
2019-06-28 10:32:00,HOLDINGS_UPDATED,"{'CASH': 8791402, 'JPM': 12}"
2019-06-28 10:33:00,BID_DEPTH,"[(99829, 137)]"
2019-06-28 10:33:00,ASK_DEPTH,"[(100009, 487)]"
2019-06-28 10:33:00,IMBALANCE,"[137, 487]"
2019-06-28 10:33:00,HOLDINGS_UPDATED,"{'CASH': 9390376, 'JPM': 6}"
2019-06-28 10:34:00,BID_DEPTH,"[(99640, 178)]"
2019-06-28 10:34:00,ASK_DEPTH,"[(99724, 177)]"
2019-06-28 10:34:00,IMBALANCE,"[178, 177]"
2019-06-28 10:34:00,HOLDINGS_UPDATED,{'CASH': 9988216}
2019-06-28 10:35:00,BID_DEPTH,"[(99640, 137)]"
2019-06-28 10:35:00,ASK_DEPTH,"[(99829, 122)]"
2019-06-28 10:35:00,IMBALANCE,"[137, 122]"
2019-06-28 10:35:00,HOLDINGS_UPDATED,"{'CASH': 10586056, 'JPM': -6}"
2019-06-28 10:36:00,BID_DEPTH,"[(99596, 307)]"
2019-06-28 10:36:00,ASK_DEPTH,"[(99829, 292)]"
2019-06-28 10:36:00,IMBALANCE,"[307, 292]"
2019-06-28 10:36:00,HOLDINGS_UPDATED,"{'CASH': 11183632, 'JPM': -12}"
2019-06-28 10:37:00,BID_DEPTH,"[(99596, 114)]"
2019-06-28 10:37:00,ASK_DEPTH,"[(100009, 264)]"
2019-06-28 10:37:00,IMBALANCE,"[114, 264]"
2019-06-28 10:37:00,HOLDINGS_UPDATED,"{'CASH': 11781208, 'JPM': -18}"
2019-06-28 10:38:00,BID_DEPTH,"[(99878, 137)]"
2019-06-28 10:38:00,ASK_DEPTH,"[(100009, 187)]"
2019-06-28 10:38:00,IMBALANCE,"[137, 187]"
2019-06-28 10:38:00,HOLDINGS_UPDATED,"{'CASH': 12380476, 'JPM': -24}"
2019-06-28 10:39:00,BID_DEPTH,"[(99596, 101)]"
2019-06-28 10:39:00,ASK_DEPTH,"[(99769, 151)]"
2019-06-28 10:39:00,IMBALANCE,"[101, 151]"
2019-06-28 10:39:00,HOLDINGS_UPDATED,"{'CASH': 12978052, 'JPM': -30}"
2019-06-28 10:40:00,BID_DEPTH,"[(99425, 307)]"
2019-06-28 10:40:00,ASK_DEPTH,"[(99596, 328)]"
2019-06-28 10:40:00,IMBALANCE,"[307, 328]"
2019-06-28 10:40:00,HOLDINGS_UPDATED,"{'CASH': 13574602, 'JPM': -36}"
2019-06-28 10:41:00,BID_DEPTH,"[(98788, 101)]"
2019-06-28 10:41:00,ASK_DEPTH,"[(99190, 151)]"
2019-06-28 10:41:00,IMBALANCE,"[101, 151]"
2019-06-28 10:41:00,HOLDINGS_UPDATED,"{'CASH': 14167330, 'JPM': -42}"
2019-06-28 10:42:00,BID_DEPTH,"[(98654, 178)]"
2019-06-28 10:42:00,ASK_DEPTH,"[(99142, 228)]"
2019-06-28 10:42:00,IMBALANCE,"[178, 228]"
2019-06-28 10:42:00,HOLDINGS_UPDATED,"{'CASH': 14759254, 'JPM': -48}"
2019-06-28 10:43:00,BID_DEPTH,"[(99077, 137)]"
2019-06-28 10:43:00,ASK_DEPTH,"[(99189, 187)]"
2019-06-28 10:43:00,IMBALANCE,"[137, 187]"
2019-06-28 10:43:00,HOLDINGS_UPDATED,"{'CASH': 15353716, 'JPM': -54}"
2019-06-28 10:44:00,BID_DEPTH,"[(98820, 307)]"
2019-06-28 10:44:00,ASK_DEPTH,"[(99331, 357)]"
2019-06-28 10:44:00,IMBALANCE,"[307, 357]"
2019-06-28 10:44:00,HOLDINGS_UPDATED,"{'CASH': 15946636, 'JPM': -60}"
2019-06-28 10:45:00,BID_DEPTH,"[(98820, 101)]"
2019-06-28 10:45:00,ASK_DEPTH,"[(99395, 151)]"
2019-06-28 10:45:00,IMBALANCE,"[101, 151]"
2019-06-28 10:45:00,HOLDINGS_UPDATED,"{'CASH': 16539556, 'JPM': -66}"
2019-06-28 10:46:00,BID_DEPTH,[]
2019-06-28 10:46:00,ASK_DEPTH,"[(99590, 100)]"
2019-06-28 10:46:00,IMBALANCE,"[0, 100]"
2019-06-28 10:47:00,BID_DEPTH,"[(99678, 307)]"
2019-06-28 10:47:00,ASK_DEPTH,"[(99833, 357)]"
2019-06-28 10:47:00,IMBALANCE,"[307, 357]"
2019-06-28 10:47:00,HOLDINGS_UPDATED,"{'CASH': 17137624, 'JPM': -72}"
2019-06-28 10:48:00,BID_DEPTH,[]
2019-06-28 10:48:00,ASK_DEPTH,"[(99757, 100)]"
2019-06-28 10:48:00,IMBALANCE,"[0, 100]"
2019-06-28 10:49:00,BID_DEPTH,"[(99412, 307)]"
2019-06-28 10:49:00,ASK_DEPTH,"[(99646, 357)]"
2019-06-28 10:49:00,IMBALANCE,"[307, 357]"
2019-06-28 10:49:00,HOLDINGS_UPDATED,"{'CASH': 17734096, 'JPM': -78}"
2019-06-28 10:50:00,BID_DEPTH,"[(99282, 307)]"
2019-06-28 10:50:00,ASK_DEPTH,"[(99345, 357)]"
2019-06-28 10:50:00,IMBALANCE,"[307, 357]"
2019-06-28 10:50:00,HOLDINGS_UPDATED,"{'CASH': 18329788, 'JPM': -84}"
2019-06-28 10:51:00,BID_DEPTH,[]
2019-06-28 10:51:00,ASK_DEPTH,"[(99313, 100)]"
2019-06-28 10:51:00,IMBALANCE,"[0, 100]"
2019-06-28 10:52:00,BID_DEPTH,[]
2019-06-28 10:52:00,ASK_DEPTH,"[(99313, 100)]"
2019-06-28 10:52:00,IMBALANCE,"[0, 100]"
2019-06-28 10:53:00,BID_DEPTH,[]
2019-06-28 10:53:00,ASK_DEPTH,"[(99345, 100)]"
2019-06-28 10:53:00,IMBALANCE,"[0, 100]"
2019-06-28 10:54:00,BID_DEPTH,[]
2019-06-28 10:54:00,ASK_DEPTH,"[(99345, 100)]"
2019-06-28 10:54:00,IMBALANCE,"[0, 100]"
2019-06-28 10:55:00,BID_DEPTH,[]
2019-06-28 10:55:00,ASK_DEPTH,"[(98886, 100)]"
2019-06-28 10:55:00,IMBALANCE,"[0, 100]"
2019-06-28 10:56:00,BID_DEPTH,"[(99168, 101)]"
2019-06-28 10:56:00,ASK_DEPTH,"[(99354, 151)]"
2019-06-28 10:56:00,IMBALANCE,"[101, 151]"
2019-06-28 10:56:00,HOLDINGS_UPDATED,"{'CASH': 18924796, 'JPM': -90}"
2019-06-28 10:57:00,BID_DEPTH,"[(99227, 137)]"
2019-06-28 10:57:00,ASK_DEPTH,"[(99359, 187)]"
2019-06-28 10:57:00,IMBALANCE,"[137, 187]"
2019-06-28 10:57:00,HOLDINGS_UPDATED,"{'CASH': 19520158, 'JPM': -96}"
2019-06-28 10:58:00,BID_DEPTH,"[(98970, 114)]"
2019-06-28 10:58:00,ASK_DEPTH,"[(99359, 164)]"
2019-06-28 10:58:00,IMBALANCE,"[114, 164]"
2019-06-28 10:58:00,HOLDINGS_UPDATED,"{'CASH': 20113978, 'JPM': -102}"
2019-06-28 10:59:00,BID_DEPTH,"[(99232, 137)]"
2019-06-28 10:59:00,ASK_DEPTH,"[(99359, 187)]"
2019-06-28 10:59:00,IMBALANCE,"[137, 187]"
2019-06-28 10:59:00,HOLDINGS_UPDATED,"{'CASH': 20709370, 'JPM': -108}"
2019-06-28 11:00:00,BID_DEPTH,"[(98886, 114)]"
2019-06-28 11:00:00,ASK_DEPTH,"[(99040, 164)]"
2019-06-28 11:00:00,IMBALANCE,"[114, 164]"
2019-06-28 11:00:00,HOLDINGS_UPDATED,"{'CASH': 21302686, 'JPM': -114}"
2019-06-28 11:01:00,BID_DEPTH,"[(98668, 307)]"
2019-06-28 11:01:00,ASK_DEPTH,"[(98848, 357)]"
2019-06-28 11:01:00,IMBALANCE,"[307, 357]"
2019-06-28 11:01:00,HOLDINGS_UPDATED,"{'CASH': 21894694, 'JPM': -120}"
2019-06-28 11:02:00,BID_DEPTH,"[(98569, 101)]"
2019-06-28 11:02:00,ASK_DEPTH,"[(98668, 151)]"
2019-06-28 11:02:00,IMBALANCE,"[101, 151]"
2019-06-28 11:02:00,HOLDINGS_UPDATED,"{'CASH': 22486108, 'JPM': -126}"
2019-06-28 11:03:00,BID_DEPTH,"[(97764, 50)]"
2019-06-28 11:03:00,ASK_DEPTH,"[(97856, 151)]"
2019-06-28 11:03:00,IMBALANCE,"[50, 151]"
2019-06-28 11:03:00,HOLDINGS_UPDATED,"{'CASH': 23072692, 'JPM': -132}"
2019-06-28 11:04:00,BID_DEPTH,"[(98017, 101)]"
2019-06-28 11:04:00,ASK_DEPTH,"[(98668, 151)]"
2019-06-28 11:04:00,IMBALANCE,"[101, 151]"
2019-06-28 11:04:00,HOLDINGS_UPDATED,"{'CASH': 23660794, 'JPM': -138}"
2019-06-28 11:05:00,BID_DEPTH,"[(98426, 137)]"
2019-06-28 11:05:00,ASK_DEPTH,"[(98539, 187)]"
2019-06-28 11:05:00,IMBALANCE,"[137, 187]"
2019-06-28 11:05:00,HOLDINGS_UPDATED,"{'CASH': 24251350, 'JPM': -144}"
2019-06-28 11:06:00,BID_DEPTH,"[(98327, 307)]"
2019-06-28 11:06:00,ASK_DEPTH,"[(98426, 357)]"
2019-06-28 11:06:00,IMBALANCE,"[307, 357]"
2019-06-28 11:06:00,HOLDINGS_UPDATED,"{'CASH': 24841312, 'JPM': -150}"
2019-06-28 11:07:00,BID_DEPTH,"[(98017, 114)]"
2019-06-28 11:07:00,ASK_DEPTH,"[(98426, 164)]"
2019-06-28 11:07:00,IMBALANCE,"[114, 164]"
2019-06-28 11:07:00,HOLDINGS_UPDATED,"{'CASH': 25429414, 'JPM': -156}"
2019-06-28 11:08:00,BID_DEPTH,"[(97947, 307)]"
2019-06-28 11:08:00,ASK_DEPTH,"[(98426, 357)]"
2019-06-28 11:08:00,IMBALANCE,"[307, 357]"
2019-06-28 11:08:00,HOLDINGS_UPDATED,"{'CASH': 26017096, 'JPM': -162}"
2019-06-28 11:09:00,BID_DEPTH,"[(97947, 307)]"
2019-06-28 11:09:00,ASK_DEPTH,"[(98539, 357)]"
2019-06-28 11:09:00,IMBALANCE,"[307, 357]"
2019-06-28 11:09:00,HOLDINGS_UPDATED,"{'CASH': 26604778, 'JPM': -168}"
2019-06-28 11:10:00,BID_DEPTH,"[(97947, 101)]"
2019-06-28 11:10:00,ASK_DEPTH,"[(98539, 151)]"
2019-06-28 11:10:00,IMBALANCE,"[101, 151]"
2019-06-28 11:10:00,HOLDINGS_UPDATED,"{'CASH': 27192460, 'JPM': -174}"
2019-06-28 11:11:00,BID_DEPTH,"[(97851, 101)]"
2019-06-28 11:11:00,ASK_DEPTH,"[(98662, 151)]"
2019-06-28 11:11:00,IMBALANCE,"[101, 151]"
2019-06-28 11:11:00,HOLDINGS_UPDATED,"{'CASH': 27779566, 'JPM': -180}"
2019-06-28 11:12:00,BID_DEPTH,"[(97851, 178)]"
2019-06-28 11:12:00,ASK_DEPTH,"[(99025, 228)]"
2019-06-28 11:12:00,IMBALANCE,"[178, 228]"
2019-06-28 11:12:00,HOLDINGS_UPDATED,"{'CASH': 28366672, 'JPM': -186}"
2019-06-28 11:13:00,BID_DEPTH,"[(97537, 114)]"
2019-06-28 11:13:00,ASK_DEPTH,"[(99025, 164)]"
2019-06-28 11:13:00,IMBALANCE,"[114, 164]"
2019-06-28 11:13:00,HOLDINGS_UPDATED,"{'CASH': 28951894, 'JPM': -192}"
2019-06-28 11:14:00,BID_DEPTH,"[(99232, 15)]"
2019-06-28 11:14:00,ASK_DEPTH,"[(99234, 151)]"
2019-06-28 11:14:00,IMBALANCE,"[15, 151]"
2019-06-28 11:14:00,HOLDINGS_UPDATED,"{'CASH': 29547286, 'JPM': -198}"
2019-06-28 11:15:00,BID_DEPTH,"[(97408, 45)]"
2019-06-28 11:15:00,ASK_DEPTH,"[(99361, 151)]"
2019-06-28 11:15:00,IMBALANCE,"[45, 151]"
2019-06-28 11:15:00,HOLDINGS_UPDATED,"{'CASH': 30131734, 'JPM': -204}"
2019-06-28 11:16:00,BID_DEPTH,"[(97408, 100)]"
2019-06-28 11:16:00,ASK_DEPTH,"[(99361, 151)]"
2019-06-28 11:16:00,IMBALANCE,"[100, 151]"
2019-06-28 11:16:00,HOLDINGS_UPDATED,"{'CASH': 30716182, 'JPM': -210}"
2019-06-28 11:17:00,BID_DEPTH,[]
2019-06-28 11:17:00,ASK_DEPTH,"[(99405, 100)]"
2019-06-28 11:17:00,IMBALANCE,"[0, 100]"
2019-06-28 11:18:00,BID_DEPTH,[]
2019-06-28 11:18:00,ASK_DEPTH,"[(99507, 100)]"
2019-06-28 11:18:00,IMBALANCE,"[0, 100]"
2019-06-28 11:19:00,BID_DEPTH,"[(99361, 101)]"
2019-06-28 11:19:00,ASK_DEPTH,"[(99507, 151)]"
2019-06-28 11:19:00,IMBALANCE,"[101, 151]"
2019-06-28 11:19:00,HOLDINGS_UPDATED,"{'CASH': 31312348, 'JPM': -216}"
2019-06-28 11:20:00,BID_DEPTH,"[(99361, 101)]"
2019-06-28 11:20:00,ASK_DEPTH,"[(99631, 151)]"
2019-06-28 11:20:00,IMBALANCE,"[101, 151]"
2019-06-28 11:20:00,HOLDINGS_UPDATED,"{'CASH': 31908514, 'JPM': -222}"
2019-06-28 11:21:00,BID_DEPTH,"[(99632, 137)]"
2019-06-28 11:21:00,ASK_DEPTH,"[(99685, 187)]"
2019-06-28 11:21:00,IMBALANCE,"[137, 187]"
2019-06-28 11:21:00,HOLDINGS_UPDATED,"{'CASH': 32506306, 'JPM': -228}"
2019-06-28 11:22:00,BID_DEPTH,"[(99632, 114)]"
2019-06-28 11:22:00,ASK_DEPTH,"[(99685, 158)]"
2019-06-28 11:22:00,IMBALANCE,"[114, 158]"
2019-06-28 11:22:00,HOLDINGS_UPDATED,"{'CASH': 33104098, 'JPM': -234}"
2019-06-28 11:23:00,BID_DEPTH,"[(99631, 307)]"
2019-06-28 11:23:00,ASK_DEPTH,"[(99696, 357)]"
2019-06-28 11:23:00,IMBALANCE,"[307, 357]"
2019-06-28 11:23:00,HOLDINGS_UPDATED,"{'CASH': 33701884, 'JPM': -240}"
2019-06-28 11:24:00,BID_DEPTH,"[(99631, 507)]"
2019-06-28 11:24:00,ASK_DEPTH,"[(99696, 357)]"
2019-06-28 11:24:00,IMBALANCE,"[507, 357]"
2019-06-28 11:24:00,HOLDINGS_UPDATED,"{'CASH': 34299670, 'JPM': -246}"
2019-06-28 11:25:00,BID_DEPTH,[]
2019-06-28 11:25:00,ASK_DEPTH,"[(99631, 100)]"
2019-06-28 11:25:00,IMBALANCE,"[0, 100]"
2019-06-28 11:26:00,BID_DEPTH,"[(99425, 114)]"
2019-06-28 11:26:00,ASK_DEPTH,"[(99682, 164)]"
2019-06-28 11:26:00,IMBALANCE,"[114, 164]"
2019-06-28 11:26:00,HOLDINGS_UPDATED,"{'CASH': 34896220, 'JPM': -252}"
2019-06-28 11:27:00,BID_DEPTH,"[(99414, 178)]"
2019-06-28 11:27:00,ASK_DEPTH,"[(99682, 228)]"
2019-06-28 11:27:00,IMBALANCE,"[178, 228]"
2019-06-28 11:27:00,HOLDINGS_UPDATED,"{'CASH': 35492704, 'JPM': -258}"
2019-06-28 11:28:00,BID_DEPTH,[]
2019-06-28 11:28:00,ASK_DEPTH,"[(99317, 100)]"
2019-06-28 11:28:00,IMBALANCE,"[0, 100]"
2019-06-28 11:29:00,BID_DEPTH,[]
2019-06-28 11:29:00,ASK_DEPTH,"[(99682, 100)]"
2019-06-28 11:29:00,IMBALANCE,"[0, 100]"
2019-06-28 11:30:00,BID_DEPTH,[]
2019-06-28 11:30:00,ASK_DEPTH,"[(98833, 100)]"
2019-06-28 11:30:00,IMBALANCE,"[0, 100]"
2019-06-28 11:31:00,BID_DEPTH,[]
2019-06-28 11:31:00,ASK_DEPTH,"[(99091, 100)]"
2019-06-28 11:31:00,IMBALANCE,"[0, 100]"
2019-06-28 11:32:00,BID_DEPTH,[]
2019-06-28 11:32:00,ASK_DEPTH,"[(99117, 100)]"
2019-06-28 11:32:00,IMBALANCE,"[0, 100]"
2019-06-28 11:33:00,BID_DEPTH,[]
2019-06-28 11:33:00,ASK_DEPTH,"[(99232, 100)]"
2019-06-28 11:33:00,IMBALANCE,"[0, 100]"
2019-06-28 11:34:00,BID_DEPTH,[]
2019-06-28 11:34:00,ASK_DEPTH,"[(99232, 100)]"
2019-06-28 11:34:00,IMBALANCE,"[0, 100]"
2019-06-28 11:35:00,BID_DEPTH,[]
2019-06-28 11:35:00,ASK_DEPTH,"[(99317, 100)]"
2019-06-28 11:35:00,IMBALANCE,"[0, 100]"
2019-06-28 11:36:00,BID_DEPTH,"[(99257, 178)]"
2019-06-28 11:36:00,ASK_DEPTH,"[(99317, 228)]"
2019-06-28 11:36:00,IMBALANCE,"[178, 228]"
2019-06-28 11:36:00,HOLDINGS_UPDATED,"{'CASH': 36088246, 'JPM': -264}"
2019-06-28 11:37:00,BID_DEPTH,[]
2019-06-28 11:37:00,ASK_DEPTH,"[(99317, 100)]"
2019-06-28 11:37:00,IMBALANCE,"[0, 100]"
2019-06-28 11:38:00,BID_DEPTH,[]
2019-06-28 11:38:00,ASK_DEPTH,"[(99317, 100)]"
2019-06-28 11:38:00,IMBALANCE,"[0, 100]"
2019-06-28 11:39:00,BID_DEPTH,"[(98956, 114)]"
2019-06-28 11:39:00,ASK_DEPTH,"[(99319, 164)]"
2019-06-28 11:39:00,IMBALANCE,"[114, 164]"
2019-06-28 11:39:00,HOLDINGS_UPDATED,"{'CASH': 36681982, 'JPM': -270}"
2019-06-28 11:40:00,BID_DEPTH,"[(98982, 178)]"
2019-06-28 11:40:00,ASK_DEPTH,"[(99319, 222)]"
2019-06-28 11:40:00,IMBALANCE,"[178, 222]"
2019-06-28 11:40:00,HOLDINGS_UPDATED,"{'CASH': 37275874, 'JPM': -276}"
2019-06-28 11:41:00,BID_DEPTH,"[(98982, 114)]"
2019-06-28 11:41:00,ASK_DEPTH,"[(99412, 164)]"
2019-06-28 11:41:00,IMBALANCE,"[114, 164]"
2019-06-28 11:41:00,HOLDINGS_UPDATED,"{'CASH': 37869766, 'JPM': -282}"
2019-06-28 11:42:00,BID_DEPTH,"[(99412, 164)]"
2019-06-28 11:42:00,ASK_DEPTH,"[(99417, 114)]"
2019-06-28 11:42:00,IMBALANCE,"[164, 114]"
2019-06-28 11:42:00,HOLDINGS_UPDATED,"{'CASH': 37273264, 'JPM': -276}"
2019-06-28 11:43:00,BID_DEPTH,"[(99417, 95)]"
2019-06-28 11:43:00,ASK_DEPTH,"[(99554, 137)]"
2019-06-28 11:43:00,IMBALANCE,"[95, 137]"
2019-06-28 11:43:00,HOLDINGS_UPDATED,"{'CASH': 36675940, 'JPM': -270}"
2019-06-28 11:44:00,BID_DEPTH,"[(99417, 53)]"
2019-06-28 11:44:00,ASK_DEPTH,"[(99691, 101)]"
2019-06-28 11:44:00,IMBALANCE,"[53, 101]"
2019-06-28 11:44:00,HOLDINGS_UPDATED,"{'CASH': 36077794, 'JPM': -264}"
2019-06-28 11:45:00,BID_DEPTH,"[(99412, 95)]"
2019-06-28 11:45:00,ASK_DEPTH,"[(99857, 101)]"
2019-06-28 11:45:00,IMBALANCE,"[95, 101]"
2019-06-28 11:45:00,HOLDINGS_UPDATED,"{'CASH': 35478652, 'JPM': -258}"
2019-06-28 11:46:00,BID_DEPTH,"[(99412, 102)]"
2019-06-28 11:46:00,ASK_DEPTH,"[(99895, 114)]"
2019-06-28 11:46:00,IMBALANCE,"[102, 114]"
2019-06-28 11:46:00,HOLDINGS_UPDATED,"{'CASH': 34879282, 'JPM': -252}"
2019-06-28 11:47:00,BID_DEPTH,"[(99412, 83)]"
2019-06-28 11:47:00,ASK_DEPTH,"[(100318, 101)]"
2019-06-28 11:47:00,IMBALANCE,"[83, 101]"
2019-06-28 11:47:00,HOLDINGS_UPDATED,"{'CASH': 34277374, 'JPM': -246}"
2019-06-28 11:48:00,BID_DEPTH,"[(100318, 258)]"
2019-06-28 11:48:00,ASK_DEPTH,"[(100509, 137)]"
2019-06-28 11:48:00,IMBALANCE,"[258, 137]"
2019-06-28 11:48:00,HOLDINGS_UPDATED,"{'CASH': 33674320, 'JPM': -240}"
2019-06-28 11:49:00,BID_DEPTH,"[(100560, 151)]"
2019-06-28 11:49:00,ASK_DEPTH,"[(100695, 101)]"
2019-06-28 11:49:00,IMBALANCE,"[151, 101]"
2019-06-28 11:49:00,HOLDINGS_UPDATED,"{'CASH': 33070150, 'JPM': -234}"
2019-06-28 11:50:00,BID_DEPTH,"[(100695, 151)]"
2019-06-28 11:50:00,ASK_DEPTH,"[(100967, 101)]"
2019-06-28 11:50:00,IMBALANCE,"[151, 101]"
2019-06-28 11:50:00,HOLDINGS_UPDATED,"{'CASH': 32464348, 'JPM': -228}"
2019-06-28 11:51:00,BID_DEPTH,"[(101010, 164)]"
2019-06-28 11:51:00,ASK_DEPTH,"[(101274, 114)]"
2019-06-28 11:51:00,IMBALANCE,"[164, 114]"
2019-06-28 11:51:00,HOLDINGS_UPDATED,"{'CASH': 31856704, 'JPM': -222}"
2019-06-28 11:52:00,BID_DEPTH,"[(100921, 151)]"
2019-06-28 11:52:00,ASK_DEPTH,"[(101274, 201)]"
2019-06-28 11:52:00,IMBALANCE,"[151, 201]"
2019-06-28 11:52:00,HOLDINGS_UPDATED,"{'CASH': 31249060, 'JPM': -216}"
2019-06-28 11:53:00,BID_DEPTH,"[(100921, 187)]"
2019-06-28 11:53:00,ASK_DEPTH,"[(101022, 137)]"
2019-06-28 11:53:00,IMBALANCE,"[187, 137]"
2019-06-28 11:53:00,HOLDINGS_UPDATED,"{'CASH': 30642928, 'JPM': -210}"
2019-06-28 11:54:00,BID_DEPTH,"[(100921, 151)]"
2019-06-28 11:54:00,ASK_DEPTH,"[(101022, 201)]"
2019-06-28 11:54:00,IMBALANCE,"[151, 201]"
2019-06-28 11:54:00,HOLDINGS_UPDATED,"{'CASH': 30036796, 'JPM': -204}"
2019-06-28 11:55:00,BID_DEPTH,"[(100761, 187)]"
2019-06-28 11:55:00,ASK_DEPTH,"[(101022, 315)]"
2019-06-28 11:55:00,IMBALANCE,"[187, 315]"
2019-06-28 11:55:00,HOLDINGS_UPDATED,"{'CASH': 29430664, 'JPM': -198}"
2019-06-28 11:56:00,BID_DEPTH,"[(100761, 187)]"
2019-06-28 11:56:00,ASK_DEPTH,"[(101022, 193)]"
2019-06-28 11:56:00,IMBALANCE,"[187, 193]"
2019-06-28 11:56:00,HOLDINGS_UPDATED,"{'CASH': 28824532, 'JPM': -192}"
2019-06-28 11:57:00,BID_DEPTH,"[(100786, 357)]"
2019-06-28 11:57:00,ASK_DEPTH,"[(100958, 307)]"
2019-06-28 11:57:00,IMBALANCE,"[357, 307]"
2019-06-28 11:57:00,HOLDINGS_UPDATED,"{'CASH': 28218784, 'JPM': -186}"
2019-06-28 11:58:00,BID_DEPTH,"[(100786, 151)]"
2019-06-28 11:58:00,ASK_DEPTH,"[(101022, 35)]"
2019-06-28 11:58:00,IMBALANCE,"[151, 35]"
2019-06-28 11:58:00,HOLDINGS_UPDATED,"{'CASH': 27612652, 'JPM': -180}"
2019-06-28 11:59:00,BID_DEPTH,"[(100667, 228)]"
2019-06-28 11:59:00,ASK_DEPTH,"[(101307, 178)]"
2019-06-28 11:59:00,IMBALANCE,"[228, 178]"
2019-06-28 11:59:00,HOLDINGS_UPDATED,"{'CASH': 27004810, 'JPM': -174}"
2019-06-28 12:00:00,BID_DEPTH,"[(100667, 100)]"
2019-06-28 12:00:00,ASK_DEPTH,[]
2019-06-28 12:00:00,IMBALANCE,"[100, 0]"
2019-06-28 12:01:00,BID_DEPTH,"[(100653, 151)]"
2019-06-28 12:01:00,ASK_DEPTH,"[(101306, 101)]"
2019-06-28 12:01:00,IMBALANCE,"[151, 101]"
2019-06-28 12:01:00,HOLDINGS_UPDATED,"{'CASH': 26396974, 'JPM': -168}"
2019-06-28 12:02:00,BID_DEPTH,"[(100587, 357)]"
2019-06-28 12:02:00,ASK_DEPTH,"[(101307, 307)]"
2019-06-28 12:02:00,IMBALANCE,"[357, 307]"
2019-06-28 12:02:00,HOLDINGS_UPDATED,"{'CASH': 25789132, 'JPM': -162}"
2019-06-28 12:03:00,BID_DEPTH,"[(100318, 135)]"
2019-06-28 12:03:00,ASK_DEPTH,"[(100545, 50)]"
2019-06-28 12:03:00,IMBALANCE,"[135, 50]"
2019-06-28 12:03:00,HOLDINGS_UPDATED,"{'CASH': 25185862, 'JPM': -156}"
2019-06-28 12:04:00,BID_DEPTH,"[(100261, 151)]"
2019-06-28 12:04:00,ASK_DEPTH,"[(100545, 9)]"
2019-06-28 12:04:00,IMBALANCE,"[151, 9]"
2019-06-28 12:04:00,HOLDINGS_UPDATED,"{'CASH': 24582592, 'JPM': -150}"
2019-06-28 12:05:00,BID_DEPTH,"[(100167, 357)]"
2019-06-28 12:05:00,ASK_DEPTH,"[(100545, 306)]"
2019-06-28 12:05:00,IMBALANCE,"[357, 306]"
2019-06-28 12:05:00,HOLDINGS_UPDATED,"{'CASH': 23979322, 'JPM': -144}"
2019-06-28 12:06:00,BID_DEPTH,"[(100341, 187)]"
2019-06-28 12:06:00,ASK_DEPTH,"[(100447, 137)]"
2019-06-28 12:06:00,IMBALANCE,"[187, 137]"
2019-06-28 12:06:00,HOLDINGS_UPDATED,"{'CASH': 23376640, 'JPM': -138}"
2019-06-28 12:07:00,BID_DEPTH,"[(100341, 228)]"
2019-06-28 12:07:00,ASK_DEPTH,"[(100447, 178)]"
2019-06-28 12:07:00,IMBALANCE,"[228, 178]"
2019-06-28 12:07:00,HOLDINGS_UPDATED,"{'CASH': 22773958, 'JPM': -132}"
2019-06-28 12:08:00,BID_DEPTH,"[(100447, 100)]"
2019-06-28 12:08:00,ASK_DEPTH,[]
2019-06-28 12:08:00,IMBALANCE,"[100, 0]"
2019-06-28 12:09:00,BID_DEPTH,"[(100544, 151)]"
2019-06-28 12:09:00,ASK_DEPTH,"[(100800, 101)]"
2019-06-28 12:09:00,IMBALANCE,"[151, 101]"
2019-06-28 12:09:00,HOLDINGS_UPDATED,"{'CASH': 22169158, 'JPM': -126}"
2019-06-28 12:10:00,BID_DEPTH,"[(100487, 187)]"
2019-06-28 12:10:00,ASK_DEPTH,"[(100749, 137)]"
2019-06-28 12:10:00,IMBALANCE,"[187, 137]"
2019-06-28 12:10:00,HOLDINGS_UPDATED,"{'CASH': 21564664, 'JPM': -120}"
2019-06-28 12:11:00,BID_DEPTH,"[(100487, 228)]"
2019-06-28 12:11:00,ASK_DEPTH,"[(100800, 178)]"
2019-06-28 12:11:00,IMBALANCE,"[228, 178]"
2019-06-28 12:11:00,HOLDINGS_UPDATED,"{'CASH': 20959864, 'JPM': -114}"
2019-06-28 12:12:00,BID_DEPTH,"[(100754, 151)]"
2019-06-28 12:12:00,ASK_DEPTH,"[(100826, 101)]"
2019-06-28 12:12:00,IMBALANCE,"[151, 101]"
2019-06-28 12:12:00,HOLDINGS_UPDATED,"{'CASH': 20354908, 'JPM': -108}"
2019-06-28 12:13:00,BID_DEPTH,"[(100906, 136)]"
2019-06-28 12:13:00,ASK_DEPTH,"[(100938, 137)]"
2019-06-28 12:13:00,IMBALANCE,"[136, 137]"
2019-06-28 12:13:00,HOLDINGS_UPDATED,"{'CASH': 19749280, 'JPM': -102}"
2019-06-28 12:14:00,BID_DEPTH,"[(100999, 357)]"
2019-06-28 12:14:00,ASK_DEPTH,"[(101022, 307)]"
2019-06-28 12:14:00,IMBALANCE,"[357, 307]"
2019-06-28 12:14:00,HOLDINGS_UPDATED,"{'CASH': 19143148, 'JPM': -96}"
2019-06-28 12:15:00,BID_DEPTH,"[(100999, 151)]"
2019-06-28 12:15:00,ASK_DEPTH,"[(101165, 101)]"
2019-06-28 12:15:00,IMBALANCE,"[151, 101]"
2019-06-28 12:15:00,HOLDINGS_UPDATED,"{'CASH': 18536158, 'JPM': -90}"
2019-06-28 12:16:00,BID_DEPTH,"[(100999, 228)]"
2019-06-28 12:16:00,ASK_DEPTH,"[(101220, 178)]"
2019-06-28 12:16:00,IMBALANCE,"[228, 178]"
2019-06-28 12:16:00,HOLDINGS_UPDATED,"{'CASH': 17928838, 'JPM': -84}"
2019-06-28 12:17:00,BID_DEPTH,"[(100907, 151)]"
2019-06-28 12:17:00,ASK_DEPTH,"[(100999, 101)]"
2019-06-28 12:17:00,IMBALANCE,"[151, 101]"
2019-06-28 12:17:00,HOLDINGS_UPDATED,"{'CASH': 17322844, 'JPM': -78}"
2019-06-28 12:18:00,BID_DEPTH,"[(100906, 49)]"
2019-06-28 12:18:00,ASK_DEPTH,[]
2019-06-28 12:18:00,IMBALANCE,"[49, 0]"
2019-06-28 12:19:00,BID_DEPTH,"[(100906, 306)]"
2019-06-28 12:19:00,ASK_DEPTH,"[(100999, 307)]"
2019-06-28 12:19:00,IMBALANCE,"[306, 307]"
2019-06-28 12:19:00,HOLDINGS_UPDATED,"{'CASH': 16716850, 'JPM': -72}"
2019-06-28 12:20:00,BID_DEPTH,"[(100754, 357)]"
2019-06-28 12:20:00,ASK_DEPTH,"[(100999, 307)]"
2019-06-28 12:20:00,IMBALANCE,"[357, 307]"
2019-06-28 12:20:00,HOLDINGS_UPDATED,"{'CASH': 16110856, 'JPM': -66}"
2019-06-28 12:21:00,BID_DEPTH,"[(100869, 151)]"
2019-06-28 12:21:00,ASK_DEPTH,"[(101058, 101)]"
2019-06-28 12:21:00,IMBALANCE,"[151, 101]"
2019-06-28 12:21:00,HOLDINGS_UPDATED,"{'CASH': 15504508, 'JPM': -60}"
2019-06-28 12:22:00,BID_DEPTH,"[(100862, 100)]"
2019-06-28 12:22:00,ASK_DEPTH,[]
2019-06-28 12:22:00,IMBALANCE,"[100, 0]"
2019-06-28 12:23:00,BID_DEPTH,"[(100487, 357)]"
2019-06-28 12:23:00,ASK_DEPTH,"[(101058, 307)]"
2019-06-28 12:23:00,IMBALANCE,"[357, 307]"
2019-06-28 12:23:00,HOLDINGS_UPDATED,"{'CASH': 14898160, 'JPM': -54}"
2019-06-28 12:24:00,BID_DEPTH,"[(100473, 100)]"
2019-06-28 12:24:00,ASK_DEPTH,[]
2019-06-28 12:24:00,IMBALANCE,"[100, 0]"
2019-06-28 12:25:00,BID_DEPTH,"[(100473, 228)]"
2019-06-28 12:25:00,ASK_DEPTH,"[(101058, 178)]"
2019-06-28 12:25:00,IMBALANCE,"[228, 178]"
2019-06-28 12:25:00,HOLDINGS_UPDATED,"{'CASH': 14291812, 'JPM': -48}"
2019-06-28 12:26:00,BID_DEPTH,"[(100341, 187)]"
2019-06-28 12:26:00,ASK_DEPTH,"[(101058, 137)]"
2019-06-28 12:26:00,IMBALANCE,"[187, 137]"
2019-06-28 12:26:00,HOLDINGS_UPDATED,"{'CASH': 13685464, 'JPM': -42}"
2019-06-28 12:27:00,BID_DEPTH,"[(100308, 164)]"
2019-06-28 12:27:00,ASK_DEPTH,"[(101058, 114)]"
2019-06-28 12:27:00,IMBALANCE,"[164, 114]"
2019-06-28 12:27:00,HOLDINGS_UPDATED,"{'CASH': 13079116, 'JPM': -36}"
2019-06-28 12:28:00,BID_DEPTH,"[(100167, 228)]"
2019-06-28 12:28:00,ASK_DEPTH,"[(100308, 127)]"
2019-06-28 12:28:00,IMBALANCE,"[228, 127]"
2019-06-28 12:28:00,HOLDINGS_UPDATED,"{'CASH': 12477268, 'JPM': -30}"
2019-06-28 12:29:00,BID_DEPTH,"[(100167, 164)]"
2019-06-28 12:29:00,ASK_DEPTH,"[(100296, 114)]"
2019-06-28 12:29:00,IMBALANCE,"[164, 114]"
2019-06-28 12:29:00,HOLDINGS_UPDATED,"{'CASH': 11875492, 'JPM': -24}"
2019-06-28 12:30:00,BID_DEPTH,"[(100167, 151)]"
2019-06-28 12:30:00,ASK_DEPTH,"[(100295, 101)]"
2019-06-28 12:30:00,IMBALANCE,"[151, 101]"
2019-06-28 12:30:00,HOLDINGS_UPDATED,"{'CASH': 11273722, 'JPM': -18}"
2019-06-28 12:31:00,BID_DEPTH,"[(100167, 228)]"
2019-06-28 12:31:00,ASK_DEPTH,"[(100295, 178)]"
2019-06-28 12:31:00,IMBALANCE,"[228, 178]"
2019-06-28 12:31:00,HOLDINGS_UPDATED,"{'CASH': 10671952, 'JPM': -12}"
2019-06-28 12:32:00,BID_DEPTH,"[(100167, 357)]"
2019-06-28 12:32:00,ASK_DEPTH,"[(100295, 407)]"
2019-06-28 12:32:00,IMBALANCE,"[357, 407]"
2019-06-28 12:32:00,HOLDINGS_UPDATED,"{'CASH': 10070182, 'JPM': -6}"
2019-06-28 12:33:00,BID_DEPTH,"[(99991, 151)]"
2019-06-28 12:33:00,ASK_DEPTH,"[(100294, 101)]"
2019-06-28 12:33:00,IMBALANCE,"[151, 101]"
2019-06-28 12:33:00,HOLDINGS_UPDATED,{'CASH': 9468418}
2019-06-28 12:34:00,BID_DEPTH,"[(99783, 164)]"
2019-06-28 12:34:00,ASK_DEPTH,"[(99991, 63)]"
2019-06-28 12:34:00,IMBALANCE,"[164, 63]"
2019-06-28 12:34:00,HOLDINGS_UPDATED,"{'CASH': 8868472, 'JPM': 6}"
2019-06-28 12:35:00,BID_DEPTH,"[(99783, 357)]"
2019-06-28 12:35:00,ASK_DEPTH,"[(100295, 376)]"
2019-06-28 12:35:00,IMBALANCE,"[357, 376]"
2019-06-28 12:35:00,HOLDINGS_UPDATED,"{'CASH': 8266702, 'JPM': 12}"
2019-06-28 12:36:00,BID_DEPTH,"[(99543, 187)]"
2019-06-28 12:36:00,ASK_DEPTH,"[(99587, 50)]"
2019-06-28 12:36:00,IMBALANCE,"[187, 50]"
2019-06-28 12:36:00,HOLDINGS_UPDATED,"{'CASH': 7669180, 'JPM': 18}"
2019-06-28 12:37:00,BID_DEPTH,"[(99388, 137)]"
2019-06-28 12:37:00,ASK_DEPTH,"[(99543, 98)]"
2019-06-28 12:37:00,IMBALANCE,"[137, 98]"
2019-06-28 12:37:00,HOLDINGS_UPDATED,"{'CASH': 8265508, 'JPM': 12}"
2019-06-28 12:38:00,BID_DEPTH,"[(99244, 101)]"
2019-06-28 12:38:00,ASK_DEPTH,"[(99543, 156)]"
2019-06-28 12:38:00,IMBALANCE,"[101, 156]"
2019-06-28 12:38:00,HOLDINGS_UPDATED,"{'CASH': 8860972, 'JPM': 6}"
2019-06-28 12:39:00,BID_DEPTH,"[(99135, 307)]"
2019-06-28 12:39:00,ASK_DEPTH,"[(99138, 357)]"
2019-06-28 12:39:00,IMBALANCE,"[307, 357]"
2019-06-28 12:39:00,HOLDINGS_UPDATED,{'CASH': 9455782}
2019-06-28 12:40:00,BID_DEPTH,"[(99117, 101)]"
2019-06-28 12:40:00,ASK_DEPTH,"[(99138, 445)]"
2019-06-28 12:40:00,IMBALANCE,"[101, 445]"
2019-06-28 12:40:00,HOLDINGS_UPDATED,"{'CASH': 10050484, 'JPM': -6}"
2019-06-28 12:41:00,BID_DEPTH,"[(99077, 114)]"
2019-06-28 12:41:00,ASK_DEPTH,"[(99137, 164)]"
2019-06-28 12:41:00,IMBALANCE,"[114, 164]"
2019-06-28 12:41:00,HOLDINGS_UPDATED,"{'CASH': 10644946, 'JPM': -12}"
2019-06-28 12:42:00,BID_DEPTH,"[(99063, 178)]"
2019-06-28 12:42:00,ASK_DEPTH,"[(99137, 222)]"
2019-06-28 12:42:00,IMBALANCE,"[178, 222]"
2019-06-28 12:42:00,HOLDINGS_UPDATED,"{'CASH': 11239324, 'JPM': -18}"
2019-06-28 12:43:00,BID_DEPTH,"[(98724, 137)]"
2019-06-28 12:43:00,ASK_DEPTH,"[(99137, 175)]"
2019-06-28 12:43:00,IMBALANCE,"[137, 175]"
2019-06-28 12:43:00,HOLDINGS_UPDATED,"{'CASH': 11831668, 'JPM': -24}"
2019-06-28 12:44:00,BID_DEPTH,"[(98688, 114)]"
2019-06-28 12:44:00,ASK_DEPTH,"[(99138, 352)]"
2019-06-28 12:44:00,IMBALANCE,"[114, 352]"
2019-06-28 12:44:00,HOLDINGS_UPDATED,"{'CASH': 12423796, 'JPM': -30}"
2019-06-28 12:45:00,BID_DEPTH,"[(99001, 178)]"
2019-06-28 12:45:00,ASK_DEPTH,"[(99138, 310)]"
2019-06-28 12:45:00,IMBALANCE,"[178, 310]"
2019-06-28 12:45:00,HOLDINGS_UPDATED,"{'CASH': 13017802, 'JPM': -36}"
2019-06-28 12:46:00,BID_DEPTH,"[(99016, 101)]"
2019-06-28 12:46:00,ASK_DEPTH,"[(99138, 227)]"
2019-06-28 12:46:00,IMBALANCE,"[101, 227]"
2019-06-28 12:46:00,HOLDINGS_UPDATED,"{'CASH': 13611898, 'JPM': -42}"
2019-06-28 12:47:00,BID_DEPTH,"[(98998, 307)]"
2019-06-28 12:47:00,ASK_DEPTH,"[(99023, 357)]"
2019-06-28 12:47:00,IMBALANCE,"[307, 357]"
2019-06-28 12:47:00,HOLDINGS_UPDATED,"{'CASH': 14205886, 'JPM': -48}"
2019-06-28 12:48:00,BID_DEPTH,"[(98971, 307)]"
2019-06-28 12:48:00,ASK_DEPTH,"[(99023, 451)]"
2019-06-28 12:48:00,IMBALANCE,"[307, 451]"
2019-06-28 12:48:00,HOLDINGS_UPDATED,"{'CASH': 14799712, 'JPM': -54}"
2019-06-28 12:49:00,BID_DEPTH,"[(98633, 114)]"
2019-06-28 12:49:00,ASK_DEPTH,"[(99023, 252)]"
2019-06-28 12:49:00,IMBALANCE,"[114, 252]"
2019-06-28 12:49:00,HOLDINGS_UPDATED,"{'CASH': 15391510, 'JPM': -60}"
2019-06-28 12:50:00,BID_DEPTH,"[(98775, 114)]"
2019-06-28 12:50:00,ASK_DEPTH,"[(99023, 246)]"
2019-06-28 12:50:00,IMBALANCE,"[114, 246]"
2019-06-28 12:50:00,HOLDINGS_UPDATED,"{'CASH': 15984160, 'JPM': -66}"
2019-06-28 12:51:00,BID_DEPTH,"[(98704, 307)]"
2019-06-28 12:51:00,ASK_DEPTH,"[(99106, 357)]"
2019-06-28 12:51:00,IMBALANCE,"[307, 357]"
2019-06-28 12:51:00,HOLDINGS_UPDATED,"{'CASH': 16576384, 'JPM': -72}"
2019-06-28 12:52:00,BID_DEPTH,"[(99128, 101)]"
2019-06-28 12:52:00,ASK_DEPTH,"[(99404, 151)]"
2019-06-28 12:52:00,IMBALANCE,"[101, 151]"
2019-06-28 12:52:00,HOLDINGS_UPDATED,"{'CASH': 17171152, 'JPM': -78}"
2019-06-28 12:53:00,BID_DEPTH,"[(99404, 127)]"
2019-06-28 12:53:00,ASK_DEPTH,"[(99483, 228)]"
2019-06-28 12:53:00,IMBALANCE,"[127, 228]"
2019-06-28 12:53:00,HOLDINGS_UPDATED,"{'CASH': 17767576, 'JPM': -84}"
2019-06-28 12:54:00,BID_DEPTH,"[(99291, 101)]"
2019-06-28 12:54:00,ASK_DEPTH,"[(99483, 151)]"
2019-06-28 12:54:00,IMBALANCE,"[101, 151]"
2019-06-28 12:54:00,HOLDINGS_UPDATED,"{'CASH': 18363322, 'JPM': -90}"
2019-06-28 12:55:00,BID_DEPTH,"[(99270, 178)]"
2019-06-28 12:55:00,ASK_DEPTH,"[(99304, 228)]"
2019-06-28 12:55:00,IMBALANCE,"[178, 228]"
2019-06-28 12:55:00,HOLDINGS_UPDATED,"{'CASH': 18958942, 'JPM': -96}"
2019-06-28 12:56:00,BID_DEPTH,"[(99189, 137)]"
2019-06-28 12:56:00,ASK_DEPTH,"[(99268, 187)]"
2019-06-28 12:56:00,IMBALANCE,"[137, 187]"
2019-06-28 12:56:00,HOLDINGS_UPDATED,"{'CASH': 19554076, 'JPM': -102}"
2019-06-28 12:57:00,BID_DEPTH,"[(99160, 137)]"
2019-06-28 12:57:00,ASK_DEPTH,"[(99184, 123)]"
2019-06-28 12:57:00,IMBALANCE,"[137, 123]"
2019-06-28 12:57:00,HOLDINGS_UPDATED,"{'CASH': 20149036, 'JPM': -108}"
2019-06-28 12:58:00,BID_DEPTH,"[(98597, 307)]"
2019-06-28 12:58:00,ASK_DEPTH,"[(99160, 357)]"
2019-06-28 12:58:00,IMBALANCE,"[307, 357]"
2019-06-28 12:58:00,HOLDINGS_UPDATED,"{'CASH': 20740618, 'JPM': -114}"
2019-06-28 12:59:00,BID_DEPTH,"[(98120, 101)]"
2019-06-28 12:59:00,ASK_DEPTH,"[(98587, 151)]"
2019-06-28 12:59:00,IMBALANCE,"[101, 151]"
2019-06-28 12:59:00,HOLDINGS_UPDATED,"{'CASH': 21329338, 'JPM': -120}"
2019-06-28 13:00:00,BID_DEPTH,"[(98393, 137)]"
2019-06-28 13:00:00,ASK_DEPTH,"[(98597, 187)]"
2019-06-28 13:00:00,IMBALANCE,"[137, 187]"
2019-06-28 13:00:00,HOLDINGS_UPDATED,"{'CASH': 21919696, 'JPM': -126}"
2019-06-28 13:01:00,BID_DEPTH,"[(98597, 86)]"
2019-06-28 13:01:00,ASK_DEPTH,"[(99160, 187)]"
2019-06-28 13:01:00,IMBALANCE,"[86, 187]"
2019-06-28 13:01:00,HOLDINGS_UPDATED,"{'CASH': 22511278, 'JPM': -132}"
2019-06-28 13:02:00,BID_DEPTH,"[(98333, 137)]"
2019-06-28 13:02:00,ASK_DEPTH,"[(99314, 187)]"
2019-06-28 13:02:00,IMBALANCE,"[137, 187]"
2019-06-28 13:02:00,HOLDINGS_UPDATED,"{'CASH': 23101276, 'JPM': -138}"
2019-06-28 13:03:00,BID_DEPTH,"[(99090, 137)]"
2019-06-28 13:03:00,ASK_DEPTH,"[(99290, 187)]"
2019-06-28 13:03:00,IMBALANCE,"[137, 187]"
2019-06-28 13:03:00,HOLDINGS_UPDATED,"{'CASH': 23695816, 'JPM': -144}"
2019-06-28 13:04:00,BID_DEPTH,"[(98422, 307)]"
2019-06-28 13:04:00,ASK_DEPTH,"[(99290, 357)]"
2019-06-28 13:04:00,IMBALANCE,"[307, 357]"
2019-06-28 13:04:00,HOLDINGS_UPDATED,"{'CASH': 24286348, 'JPM': -150}"
2019-06-28 13:05:00,BID_DEPTH,"[(98333, 101)]"
2019-06-28 13:05:00,ASK_DEPTH,"[(99290, 151)]"
2019-06-28 13:05:00,IMBALANCE,"[101, 151]"
2019-06-28 13:05:00,HOLDINGS_UPDATED,"{'CASH': 24876346, 'JPM': -156}"
2019-06-28 13:06:00,BID_DEPTH,"[(98066, 178)]"
2019-06-28 13:06:00,ASK_DEPTH,"[(98093, 228)]"
2019-06-28 13:06:00,IMBALANCE,"[178, 228]"
2019-06-28 13:06:00,HOLDINGS_UPDATED,"{'CASH': 25464742, 'JPM': -162}"
2019-06-28 13:07:00,BID_DEPTH,"[(98283, 178)]"
2019-06-28 13:07:00,ASK_DEPTH,"[(98308, 228)]"
2019-06-28 13:07:00,IMBALANCE,"[178, 228]"
2019-06-28 13:07:00,HOLDINGS_UPDATED,"{'CASH': 26054440, 'JPM': -168}"
2019-06-28 13:08:00,BID_DEPTH,"[(98308, 214)]"
2019-06-28 13:08:00,ASK_DEPTH,"[(98485, 164)]"
2019-06-28 13:08:00,IMBALANCE,"[214, 164]"
2019-06-28 13:08:00,HOLDINGS_UPDATED,"{'CASH': 26644288, 'JPM': -174}"
2019-06-28 13:09:00,BID_DEPTH,"[(98514, 178)]"
2019-06-28 13:09:00,ASK_DEPTH,"[(98570, 228)]"
2019-06-28 13:09:00,IMBALANCE,"[178, 228]"
2019-06-28 13:09:00,HOLDINGS_UPDATED,"{'CASH': 27235372, 'JPM': -180}"
2019-06-28 13:10:00,BID_DEPTH,"[(98514, 214)]"
2019-06-28 13:10:00,ASK_DEPTH,"[(98598, 164)]"
2019-06-28 13:10:00,IMBALANCE,"[214, 164]"
2019-06-28 13:10:00,HOLDINGS_UPDATED,"{'CASH': 27826456, 'JPM': -186}"
2019-06-28 13:11:00,BID_DEPTH,"[(98514, 385)]"
2019-06-28 13:11:00,ASK_DEPTH,"[(98598, 357)]"
2019-06-28 13:11:00,IMBALANCE,"[385, 357]"
2019-06-28 13:11:00,HOLDINGS_UPDATED,"{'CASH': 28417540, 'JPM': -192}"
2019-06-28 13:12:00,BID_DEPTH,"[(98514, 93)]"
2019-06-28 13:12:00,ASK_DEPTH,"[(98598, 187)]"
2019-06-28 13:12:00,IMBALANCE,"[93, 187]"
2019-06-28 13:12:00,HOLDINGS_UPDATED,"{'CASH': 29008624, 'JPM': -198}"
2019-06-28 13:13:00,BID_DEPTH,"[(98514, 137)]"
2019-06-28 13:13:00,ASK_DEPTH,"[(98693, 187)]"
2019-06-28 13:13:00,IMBALANCE,"[137, 187]"
2019-06-28 13:13:00,HOLDINGS_UPDATED,"{'CASH': 29599708, 'JPM': -204}"
2019-06-28 13:14:00,BID_DEPTH,"[(98342, 101)]"
2019-06-28 13:14:00,ASK_DEPTH,"[(98898, 151)]"
2019-06-28 13:14:00,IMBALANCE,"[101, 151]"
2019-06-28 13:14:00,HOLDINGS_UPDATED,"{'CASH': 30189760, 'JPM': -210}"
2019-06-28 13:15:00,BID_DEPTH,"[(98342, 114)]"
2019-06-28 13:15:00,ASK_DEPTH,"[(98898, 164)]"
2019-06-28 13:15:00,IMBALANCE,"[114, 164]"
2019-06-28 13:15:00,HOLDINGS_UPDATED,"{'CASH': 30779812, 'JPM': -216}"
2019-06-28 13:16:00,BID_DEPTH,"[(98342, 278)]"
2019-06-28 13:16:00,ASK_DEPTH,"[(99018, 228)]"
2019-06-28 13:16:00,IMBALANCE,"[278, 228]"
2019-06-28 13:16:00,HOLDINGS_UPDATED,"{'CASH': 31369864, 'JPM': -222}"
2019-06-28 13:17:00,BID_DEPTH,"[(98283, 278)]"
2019-06-28 13:17:00,ASK_DEPTH,"[(99265, 228)]"
2019-06-28 13:17:00,IMBALANCE,"[278, 228]"
2019-06-28 13:17:00,HOLDINGS_UPDATED,"{'CASH': 31959562, 'JPM': -228}"
2019-06-28 13:18:00,BID_DEPTH,"[(99227, 178)]"
2019-06-28 13:18:00,ASK_DEPTH,"[(99288, 228)]"
2019-06-28 13:18:00,IMBALANCE,"[178, 228]"
2019-06-28 13:18:00,HOLDINGS_UPDATED,"{'CASH': 32554924, 'JPM': -234}"
2019-06-28 13:19:00,BID_DEPTH,"[(99227, 114)]"
2019-06-28 13:19:00,ASK_DEPTH,"[(99291, 164)]"
2019-06-28 13:19:00,IMBALANCE,"[114, 164]"
2019-06-28 13:19:00,HOLDINGS_UPDATED,"{'CASH': 33150286, 'JPM': -240}"
2019-06-28 13:20:00,BID_DEPTH,"[(98942, 307)]"
2019-06-28 13:20:00,ASK_DEPTH,"[(99314, 357)]"
2019-06-28 13:20:00,IMBALANCE,"[307, 357]"
2019-06-28 13:20:00,HOLDINGS_UPDATED,"{'CASH': 33743938, 'JPM': -246}"
2019-06-28 13:21:00,BID_DEPTH,"[(98912, 307)]"
2019-06-28 13:21:00,ASK_DEPTH,"[(99130, 357)]"
2019-06-28 13:21:00,IMBALANCE,"[307, 357]"
2019-06-28 13:21:00,HOLDINGS_UPDATED,"{'CASH': 34337410, 'JPM': -252}"
2019-06-28 13:22:00,BID_DEPTH,"[(98913, 278)]"
2019-06-28 13:22:00,ASK_DEPTH,"[(99240, 228)]"
2019-06-28 13:22:00,IMBALANCE,"[278, 228]"
2019-06-28 13:22:00,HOLDINGS_UPDATED,"{'CASH': 34930888, 'JPM': -258}"
2019-06-28 13:23:00,BID_DEPTH,"[(98913, 192)]"
2019-06-28 13:23:00,ASK_DEPTH,"[(99314, 164)]"
2019-06-28 13:23:00,IMBALANCE,"[192, 164]"
2019-06-28 13:23:00,HOLDINGS_UPDATED,"{'CASH': 35524366, 'JPM': -264}"
2019-06-28 13:24:00,BID_DEPTH,"[(98913, 470)]"
2019-06-28 13:24:00,ASK_DEPTH,"[(99317, 164)]"
2019-06-28 13:24:00,IMBALANCE,"[470, 164]"
2019-06-28 13:24:00,HOLDINGS_UPDATED,"{'CASH': 36117844, 'JPM': -270}"
2019-06-28 13:25:00,BID_DEPTH,"[(98913, 448)]"
2019-06-28 13:25:00,ASK_DEPTH,"[(99296, 164)]"
2019-06-28 13:25:00,IMBALANCE,"[448, 164]"
2019-06-28 13:25:00,HOLDINGS_UPDATED,"{'CASH': 36711322, 'JPM': -276}"
2019-06-28 13:26:00,BID_DEPTH,"[(99296, 73)]"
2019-06-28 13:26:00,ASK_DEPTH,"[(99442, 187)]"
2019-06-28 13:26:00,IMBALANCE,"[73, 187]"
2019-06-28 13:26:00,HOLDINGS_UPDATED,"{'CASH': 37307098, 'JPM': -282}"
2019-06-28 13:27:00,BID_DEPTH,"[(99439, 101)]"
2019-06-28 13:27:00,ASK_DEPTH,"[(99442, 151)]"
2019-06-28 13:27:00,IMBALANCE,"[101, 151]"
2019-06-28 13:27:00,HOLDINGS_UPDATED,"{'CASH': 37903732, 'JPM': -288}"
2019-06-28 13:28:00,BID_DEPTH,"[(99296, 264)]"
2019-06-28 13:28:00,ASK_DEPTH,"[(99439, 285)]"
2019-06-28 13:28:00,IMBALANCE,"[264, 285]"
2019-06-28 13:28:00,HOLDINGS_UPDATED,"{'CASH': 37307098, 'JPM': -282}"
2019-06-28 13:29:00,BID_DEPTH,"[(99199, 187)]"
2019-06-28 13:29:00,ASK_DEPTH,"[(99438, 137)]"
2019-06-28 13:29:00,IMBALANCE,"[187, 137]"
2019-06-28 13:29:00,HOLDINGS_UPDATED,"{'CASH': 36710470, 'JPM': -276}"
2019-06-28 13:30:00,BID_DEPTH,"[(98913, 176)]"
2019-06-28 13:30:00,ASK_DEPTH,"[(99093, 114)]"
2019-06-28 13:30:00,IMBALANCE,"[176, 114]"
2019-06-28 13:30:00,HOLDINGS_UPDATED,"{'CASH': 36115912, 'JPM': -270}"
2019-06-28 13:31:00,BID_DEPTH,"[(98913, 63)]"
2019-06-28 13:31:00,ASK_DEPTH,"[(99093, 101)]"
2019-06-28 13:31:00,IMBALANCE,"[63, 101]"
2019-06-28 13:31:00,HOLDINGS_UPDATED,"{'CASH': 35521354, 'JPM': -264}"
2019-06-28 13:32:00,BID_DEPTH,"[(99013, 151)]"
2019-06-28 13:32:00,ASK_DEPTH,"[(99439, 150)]"
2019-06-28 13:32:00,IMBALANCE,"[151, 150]"
2019-06-28 13:32:00,HOLDINGS_UPDATED,"{'CASH': 34924720, 'JPM': -258}"
2019-06-28 13:33:00,BID_DEPTH,"[(99014, 187)]"
2019-06-28 13:33:00,ASK_DEPTH,"[(99030, 137)]"
2019-06-28 13:33:00,IMBALANCE,"[187, 137]"
2019-06-28 13:33:00,HOLDINGS_UPDATED,"{'CASH': 34330540, 'JPM': -252}"
2019-06-28 13:34:00,BID_DEPTH,"[(98915, 228)]"
2019-06-28 13:34:00,ASK_DEPTH,"[(99030, 278)]"
2019-06-28 13:34:00,IMBALANCE,"[228, 278]"
2019-06-28 13:34:00,HOLDINGS_UPDATED,"{'CASH': 33736360, 'JPM': -246}"
2019-06-28 13:35:00,BID_DEPTH,"[(99021, 228)]"
2019-06-28 13:35:00,ASK_DEPTH,"[(99037, 178)]"
2019-06-28 13:35:00,IMBALANCE,"[228, 178]"
2019-06-28 13:35:00,HOLDINGS_UPDATED,"{'CASH': 33142138, 'JPM': -240}"
2019-06-28 13:36:00,BID_DEPTH,"[(98915, 357)]"
2019-06-28 13:36:00,ASK_DEPTH,"[(99037, 307)]"
2019-06-28 13:36:00,IMBALANCE,"[357, 307]"
2019-06-28 13:36:00,HOLDINGS_UPDATED,"{'CASH': 32547916, 'JPM': -234}"
2019-06-28 13:37:00,BID_DEPTH,"[(99000, 187)]"
2019-06-28 13:37:00,ASK_DEPTH,"[(99071, 137)]"
2019-06-28 13:37:00,IMBALANCE,"[187, 137]"
2019-06-28 13:37:00,HOLDINGS_UPDATED,"{'CASH': 31953490, 'JPM': -228}"
2019-06-28 13:38:00,BID_DEPTH,"[(99069, 228)]"
2019-06-28 13:38:00,ASK_DEPTH,"[(99071, 178)]"
2019-06-28 13:38:00,IMBALANCE,"[228, 178]"
2019-06-28 13:38:00,HOLDINGS_UPDATED,"{'CASH': 31359064, 'JPM': -222}"
2019-06-28 13:39:00,BID_DEPTH,"[(99071, 151)]"
2019-06-28 13:39:00,ASK_DEPTH,"[(99439, 128)]"
2019-06-28 13:39:00,IMBALANCE,"[151, 128]"
2019-06-28 13:39:00,HOLDINGS_UPDATED,"{'CASH': 30762430, 'JPM': -216}"
2019-06-28 13:40:00,BID_DEPTH,"[(99071, 151)]"
2019-06-28 13:40:00,ASK_DEPTH,"[(99453, 101)]"
2019-06-28 13:40:00,IMBALANCE,"[151, 101]"
2019-06-28 13:40:00,HOLDINGS_UPDATED,"{'CASH': 30165712, 'JPM': -210}"
2019-06-28 13:41:00,BID_DEPTH,"[(99546, 113)]"
2019-06-28 13:41:00,ASK_DEPTH,"[(99849, 114)]"
2019-06-28 13:41:00,IMBALANCE,"[113, 114]"
2019-06-28 13:41:00,HOLDINGS_UPDATED,"{'CASH': 29566618, 'JPM': -204}"
2019-06-28 13:42:00,BID_DEPTH,"[(99943, 228)]"
2019-06-28 13:42:00,ASK_DEPTH,"[(99951, 178)]"
2019-06-28 13:42:00,IMBALANCE,"[228, 178]"
2019-06-28 13:42:00,HOLDINGS_UPDATED,"{'CASH': 28966912, 'JPM': -198}"
2019-06-28 13:43:00,BID_DEPTH,"[(99944, 228)]"
2019-06-28 13:43:00,ASK_DEPTH,"[(100130, 178)]"
2019-06-28 13:43:00,IMBALANCE,"[228, 178]"
2019-06-28 13:43:00,HOLDINGS_UPDATED,"{'CASH': 28366132, 'JPM': -192}"
2019-06-28 13:44:00,BID_DEPTH,"[(99943, 145)]"
2019-06-28 13:44:00,ASK_DEPTH,"[(100138, 101)]"
2019-06-28 13:44:00,IMBALANCE,"[145, 101]"
2019-06-28 13:44:00,HOLDINGS_UPDATED,"{'CASH': 27765304, 'JPM': -186}"
2019-06-28 13:45:00,BID_DEPTH,"[(99937, 187)]"
2019-06-28 13:45:00,ASK_DEPTH,"[(100175, 237)]"
2019-06-28 13:45:00,IMBALANCE,"[187, 237]"
2019-06-28 13:45:00,HOLDINGS_UPDATED,"{'CASH': 27164254, 'JPM': -180}"
2019-06-28 13:46:00,BID_DEPTH,"[(99937, 222)]"
2019-06-28 13:46:00,ASK_DEPTH,"[(100175, 156)]"
2019-06-28 13:46:00,IMBALANCE,"[222, 156]"
2019-06-28 13:46:00,HOLDINGS_UPDATED,"{'CASH': 26563204, 'JPM': -174}"
2019-06-28 13:47:00,BID_DEPTH,"[(99933, 228)]"
2019-06-28 13:47:00,ASK_DEPTH,"[(100182, 178)]"
2019-06-28 13:47:00,IMBALANCE,"[228, 178]"
2019-06-28 13:47:00,HOLDINGS_UPDATED,"{'CASH': 25962112, 'JPM': -168}"
2019-06-28 13:48:00,BID_DEPTH,"[(99912, 357)]"
2019-06-28 13:48:00,ASK_DEPTH,"[(99933, 307)]"
2019-06-28 13:48:00,IMBALANCE,"[357, 307]"
2019-06-28 13:48:00,HOLDINGS_UPDATED,"{'CASH': 25362514, 'JPM': -162}"
2019-06-28 13:49:00,BID_DEPTH,"[(99862, 164)]"
2019-06-28 13:49:00,ASK_DEPTH,"[(100182, 114)]"
2019-06-28 13:49:00,IMBALANCE,"[164, 114]"
2019-06-28 13:49:00,HOLDINGS_UPDATED,"{'CASH': 24761422, 'JPM': -156}"
2019-06-28 13:50:00,BID_DEPTH,"[(100074, 228)]"
2019-06-28 13:50:00,ASK_DEPTH,"[(100197, 178)]"
2019-06-28 13:50:00,IMBALANCE,"[228, 178]"
2019-06-28 13:50:00,HOLDINGS_UPDATED,"{'CASH': 24160240, 'JPM': -150}"
2019-06-28 13:51:00,BID_DEPTH,"[(100171, 228)]"
2019-06-28 13:51:00,ASK_DEPTH,"[(100308, 178)]"
2019-06-28 13:51:00,IMBALANCE,"[228, 178]"
2019-06-28 13:51:00,HOLDINGS_UPDATED,"{'CASH': 23558392, 'JPM': -144}"
2019-06-28 13:52:00,BID_DEPTH,"[(100171, 187)]"
2019-06-28 13:52:00,ASK_DEPTH,"[(100337, 137)]"
2019-06-28 13:52:00,IMBALANCE,"[187, 137]"
2019-06-28 13:52:00,HOLDINGS_UPDATED,"{'CASH': 22956370, 'JPM': -138}"
2019-06-28 13:53:00,BID_DEPTH,"[(100236, 164)]"
2019-06-28 13:53:00,ASK_DEPTH,"[(100448, 114)]"
2019-06-28 13:53:00,IMBALANCE,"[164, 114]"
2019-06-28 13:53:00,HOLDINGS_UPDATED,"{'CASH': 22353682, 'JPM': -132}"
2019-06-28 13:54:00,BID_DEPTH,"[(100171, 245)]"
2019-06-28 13:54:00,ASK_DEPTH,"[(100236, 43)]"
2019-06-28 13:54:00,IMBALANCE,"[245, 43]"
2019-06-28 13:54:00,HOLDINGS_UPDATED,"{'CASH': 21752266, 'JPM': -126}"
2019-06-28 13:55:00,BID_DEPTH,"[(100074, 287)]"
2019-06-28 13:55:00,ASK_DEPTH,"[(100235, 137)]"
2019-06-28 13:55:00,IMBALANCE,"[287, 137]"
2019-06-28 13:55:00,HOLDINGS_UPDATED,"{'CASH': 21150856, 'JPM': -120}"
2019-06-28 13:56:00,BID_DEPTH,"[(100075, 187)]"
2019-06-28 13:56:00,ASK_DEPTH,"[(100280, 137)]"
2019-06-28 13:56:00,IMBALANCE,"[187, 137]"
2019-06-28 13:56:00,HOLDINGS_UPDATED,"{'CASH': 20549176, 'JPM': -114}"
2019-06-28 13:57:00,BID_DEPTH,"[(100075, 181)]"
2019-06-28 13:57:00,ASK_DEPTH,"[(100092, 137)]"
2019-06-28 13:57:00,IMBALANCE,"[181, 137]"
2019-06-28 13:57:00,HOLDINGS_UPDATED,"{'CASH': 19948624, 'JPM': -108}"
2019-06-28 13:58:00,BID_DEPTH,"[(100128, 164)]"
2019-06-28 13:58:00,ASK_DEPTH,"[(100134, 114)]"
2019-06-28 13:58:00,IMBALANCE,"[164, 114]"
2019-06-28 13:58:00,HOLDINGS_UPDATED,"{'CASH': 19347820, 'JPM': -102}"
2019-06-28 13:59:00,BID_DEPTH,"[(100134, 145)]"
2019-06-28 13:59:00,ASK_DEPTH,"[(100474, 111)]"
2019-06-28 13:59:00,IMBALANCE,"[145, 111]"
2019-06-28 13:59:00,HOLDINGS_UPDATED,"{'CASH': 18744976, 'JPM': -96}"
2019-06-28 14:00:00,BID_DEPTH,"[(100092, 228)]"
2019-06-28 14:00:00,ASK_DEPTH,"[(100501, 178)]"
2019-06-28 14:00:00,IMBALANCE,"[228, 178]"
2019-06-28 14:00:00,HOLDINGS_UPDATED,"{'CASH': 18141970, 'JPM': -90}"
2019-06-28 14:01:00,BID_DEPTH,"[(100372, 357)]"
2019-06-28 14:01:00,ASK_DEPTH,"[(100501, 407)]"
2019-06-28 14:01:00,IMBALANCE,"[357, 407]"
2019-06-28 14:01:00,HOLDINGS_UPDATED,"{'CASH': 17538964, 'JPM': -84}"
2019-06-28 14:02:00,BID_DEPTH,"[(100075, 351)]"
2019-06-28 14:02:00,ASK_DEPTH,"[(100501, 385)]"
2019-06-28 14:02:00,IMBALANCE,"[351, 385]"
2019-06-28 14:02:00,HOLDINGS_UPDATED,"{'CASH': 16935958, 'JPM': -78}"
2019-06-28 14:03:00,BID_DEPTH,"[(100482, 357)]"
2019-06-28 14:03:00,ASK_DEPTH,"[(100501, 263)]"
2019-06-28 14:03:00,IMBALANCE,"[357, 263]"
2019-06-28 14:03:00,HOLDINGS_UPDATED,"{'CASH': 16332952, 'JPM': -72}"
2019-06-28 14:04:00,BID_DEPTH,"[(100268, 151)]"
2019-06-28 14:04:00,ASK_DEPTH,"[(100306, 101)]"
2019-06-28 14:04:00,IMBALANCE,"[151, 101]"
2019-06-28 14:04:00,HOLDINGS_UPDATED,"{'CASH': 15731116, 'JPM': -66}"
2019-06-28 14:05:00,BID_DEPTH,"[(100527, 228)]"
2019-06-28 14:05:00,ASK_DEPTH,"[(100542, 178)]"
2019-06-28 14:05:00,IMBALANCE,"[228, 178]"
2019-06-28 14:05:00,HOLDINGS_UPDATED,"{'CASH': 15127864, 'JPM': -60}"
2019-06-28 14:06:00,BID_DEPTH,"[(100527, 357)]"
2019-06-28 14:06:00,ASK_DEPTH,"[(100579, 307)]"
2019-06-28 14:06:00,IMBALANCE,"[357, 307]"
2019-06-28 14:06:00,HOLDINGS_UPDATED,"{'CASH': 14524390, 'JPM': -54}"
2019-06-28 14:07:00,BID_DEPTH,"[(100493, 228)]"
2019-06-28 14:07:00,ASK_DEPTH,"[(100579, 178)]"
2019-06-28 14:07:00,IMBALANCE,"[228, 178]"
2019-06-28 14:07:00,HOLDINGS_UPDATED,"{'CASH': 13920916, 'JPM': -48}"
2019-06-28 14:08:00,BID_DEPTH,"[(100649, 357)]"
2019-06-28 14:08:00,ASK_DEPTH,"[(100693, 307)]"
2019-06-28 14:08:00,IMBALANCE,"[357, 307]"
2019-06-28 14:08:00,HOLDINGS_UPDATED,"{'CASH': 13316758, 'JPM': -42}"
2019-06-28 14:09:00,BID_DEPTH,"[(100600, 187)]"
2019-06-28 14:09:00,ASK_DEPTH,"[(100693, 137)]"
2019-06-28 14:09:00,IMBALANCE,"[187, 137]"
2019-06-28 14:09:00,HOLDINGS_UPDATED,"{'CASH': 12712600, 'JPM': -36}"
2019-06-28 14:10:00,BID_DEPTH,"[(100306, 187)]"
2019-06-28 14:10:00,ASK_DEPTH,"[(100498, 137)]"
2019-06-28 14:10:00,IMBALANCE,"[187, 137]"
2019-06-28 14:10:00,HOLDINGS_UPDATED,"{'CASH': 12109612, 'JPM': -30}"
2019-06-28 14:11:00,BID_DEPTH,"[(100600, 270)]"
2019-06-28 14:11:00,ASK_DEPTH,"[(100733, 307)]"
2019-06-28 14:11:00,IMBALANCE,"[270, 307]"
2019-06-28 14:11:00,HOLDINGS_UPDATED,"{'CASH': 11505214, 'JPM': -24}"
2019-06-28 14:12:00,BID_DEPTH,"[(100600, 270)]"
2019-06-28 14:12:00,ASK_DEPTH,"[(101198, 307)]"
2019-06-28 14:12:00,IMBALANCE,"[270, 307]"
2019-06-28 14:12:00,HOLDINGS_UPDATED,"{'CASH': 10898026, 'JPM': -18}"
2019-06-28 14:13:00,BID_DEPTH,"[(100600, 64)]"
2019-06-28 14:13:00,ASK_DEPTH,"[(101198, 101)]"
2019-06-28 14:13:00,IMBALANCE,"[64, 101]"
2019-06-28 14:13:00,HOLDINGS_UPDATED,"{'CASH': 10290838, 'JPM': -12}"
2019-06-28 14:14:00,BID_DEPTH,"[(100467, 357)]"
2019-06-28 14:14:00,ASK_DEPTH,"[(101405, 307)]"
2019-06-28 14:14:00,IMBALANCE,"[357, 307]"
2019-06-28 14:14:00,HOLDINGS_UPDATED,"{'CASH': 9682408, 'JPM': -6}"
2019-06-28 14:15:00,BID_DEPTH,"[(100467, 100)]"
2019-06-28 14:15:00,ASK_DEPTH,[]
2019-06-28 14:15:00,IMBALANCE,"[100, 0]"
2019-06-28 14:16:00,BID_DEPTH,"[(100248, 228)]"
2019-06-28 14:16:00,ASK_DEPTH,"[(100306, 91)]"
2019-06-28 14:16:00,IMBALANCE,"[228, 91]"
2019-06-28 14:16:00,HOLDINGS_UPDATED,{'CASH': 9080572}
2019-06-28 14:17:00,BID_DEPTH,"[(100306, 357)]"
2019-06-28 14:17:00,ASK_DEPTH,"[(100540, 307)]"
2019-06-28 14:17:00,IMBALANCE,"[357, 307]"
2019-06-28 14:17:00,HOLDINGS_UPDATED,"{'CASH': 8477332, 'JPM': 6}"
2019-06-28 14:18:00,BID_DEPTH,"[(100540, 264)]"
2019-06-28 14:18:00,ASK_DEPTH,"[(100582, 114)]"
2019-06-28 14:18:00,IMBALANCE,"[264, 114]"
2019-06-28 14:18:00,HOLDINGS_UPDATED,"{'CASH': 7873840, 'JPM': 12}"
2019-06-28 14:19:00,BID_DEPTH,"[(100856, 228)]"
2019-06-28 14:19:00,ASK_DEPTH,"[(101042, 178)]"
2019-06-28 14:19:00,IMBALANCE,"[228, 178]"
2019-06-28 14:19:00,HOLDINGS_UPDATED,"{'CASH': 7267588, 'JPM': 18}"
2019-06-28 14:20:00,BID_DEPTH,"[(100879, 164)]"
2019-06-28 14:20:00,ASK_DEPTH,"[(100899, 114)]"
2019-06-28 14:20:00,IMBALANCE,"[164, 114]"
2019-06-28 14:20:00,HOLDINGS_UPDATED,"{'CASH': 6662194, 'JPM': 24}"
2019-06-28 14:21:00,BID_DEPTH,"[(100899, 315)]"
2019-06-28 14:21:00,ASK_DEPTH,"[(101042, 307)]"
2019-06-28 14:21:00,IMBALANCE,"[315, 307]"
2019-06-28 14:21:00,HOLDINGS_UPDATED,"{'CASH': 6055942, 'JPM': 30}"
2019-06-28 14:22:00,BID_DEPTH,"[(100879, 187)]"
2019-06-28 14:22:00,ASK_DEPTH,"[(101042, 137)]"
2019-06-28 14:22:00,IMBALANCE,"[187, 137]"
2019-06-28 14:22:00,HOLDINGS_UPDATED,"{'CASH': 5449690, 'JPM': 36}"
2019-06-28 14:23:00,BID_DEPTH,"[(100778, 164)]"
2019-06-28 14:23:00,ASK_DEPTH,"[(101042, 114)]"
2019-06-28 14:23:00,IMBALANCE,"[164, 114]"
2019-06-28 14:23:00,HOLDINGS_UPDATED,"{'CASH': 4843438, 'JPM': 42}"
2019-06-28 14:24:00,BID_DEPTH,"[(101110, 151)]"
2019-06-28 14:24:00,ASK_DEPTH,"[(101266, 101)]"
2019-06-28 14:24:00,IMBALANCE,"[151, 101]"
2019-06-28 14:24:00,HOLDINGS_UPDATED,"{'CASH': 4235842, 'JPM': 48}"
2019-06-28 14:25:00,BID_DEPTH,"[(101405, 177)]"
2019-06-28 14:25:00,ASK_DEPTH,"[(101476, 178)]"
2019-06-28 14:25:00,IMBALANCE,"[177, 178]"
2019-06-28 14:25:00,HOLDINGS_UPDATED,"{'CASH': 3626986, 'JPM': 54}"
2019-06-28 14:26:00,BID_DEPTH,"[(101476, 151)]"
2019-06-28 14:26:00,ASK_DEPTH,"[(102194, 101)]"
2019-06-28 14:26:00,IMBALANCE,"[151, 101]"
2019-06-28 14:26:00,HOLDINGS_UPDATED,"{'CASH': 3013822, 'JPM': 60}"
2019-06-28 14:27:00,BID_DEPTH,"[(101476, 151)]"
2019-06-28 14:27:00,ASK_DEPTH,"[(102194, 101)]"
2019-06-28 14:27:00,IMBALANCE,"[151, 101]"
2019-06-28 14:27:00,HOLDINGS_UPDATED,"{'CASH': 2400658, 'JPM': 66}"
2019-06-28 14:28:00,BID_DEPTH,"[(101730, 228)]"
2019-06-28 14:28:00,ASK_DEPTH,"[(101915, 178)]"
2019-06-28 14:28:00,IMBALANCE,"[228, 178]"
2019-06-28 14:28:00,HOLDINGS_UPDATED,"{'CASH': 1789168, 'JPM': 72}"
2019-06-28 14:29:00,BID_DEPTH,"[(101730, 151)]"
2019-06-28 14:29:00,ASK_DEPTH,"[(102038, 101)]"
2019-06-28 14:29:00,IMBALANCE,"[151, 101]"
2019-06-28 14:29:00,HOLDINGS_UPDATED,"{'CASH': 1176940, 'JPM': 78}"
2019-06-28 14:30:00,BID_DEPTH,"[(101730, 164)]"
2019-06-28 14:30:00,ASK_DEPTH,"[(102166, 114)]"
2019-06-28 14:30:00,IMBALANCE,"[164, 114]"
2019-06-28 14:30:00,HOLDINGS_UPDATED,"{'CASH': 563944, 'JPM': 84}"
2019-06-28 14:31:00,BID_DEPTH,"[(101730, 151)]"
2019-06-28 14:31:00,ASK_DEPTH,"[(101875, 101)]"
2019-06-28 14:31:00,IMBALANCE,"[151, 101]"
2019-06-28 14:31:00,HOLDINGS_UPDATED,"{'CASH': -47306, 'JPM': 90}"
2019-06-28 14:32:00,BID_DEPTH,"[(101716, 164)]"
2019-06-28 14:32:00,ASK_DEPTH,"[(102194, 114)]"
2019-06-28 14:32:00,IMBALANCE,"[164, 114]"
2019-06-28 14:32:00,HOLDINGS_UPDATED,"{'CASH': -660470, 'JPM': 96}"
2019-06-28 14:33:00,BID_DEPTH,"[(101575, 357)]"
2019-06-28 14:33:00,ASK_DEPTH,"[(102194, 507)]"
2019-06-28 14:33:00,IMBALANCE,"[357, 507]"
2019-06-28 14:33:00,HOLDINGS_UPDATED,"{'CASH': -1273634, 'JPM': 102}"
2019-06-28 14:34:00,BID_DEPTH,"[(101575, 151)]"
2019-06-28 14:34:00,ASK_DEPTH,"[(102194, 179)]"
2019-06-28 14:34:00,IMBALANCE,"[151, 179]"
2019-06-28 14:34:00,HOLDINGS_UPDATED,"{'CASH': -1886798, 'JPM': 108}"
2019-06-28 14:35:00,BID_DEPTH,"[(101544, 187)]"
2019-06-28 14:35:00,ASK_DEPTH,"[(102194, 193)]"
2019-06-28 14:35:00,IMBALANCE,"[187, 193]"
2019-06-28 14:35:00,HOLDINGS_UPDATED,"{'CASH': -2499962, 'JPM': 114}"
2019-06-28 14:36:00,BID_DEPTH,"[(101413, 164)]"
2019-06-28 14:36:00,ASK_DEPTH,"[(101476, 50)]"
2019-06-28 14:36:00,IMBALANCE,"[164, 50]"
2019-06-28 14:36:00,HOLDINGS_UPDATED,"{'CASH': -3108818, 'JPM': 120}"
2019-06-28 14:37:00,BID_DEPTH,"[(101413, 228)]"
2019-06-28 14:37:00,ASK_DEPTH,"[(101543, 278)]"
2019-06-28 14:37:00,IMBALANCE,"[228, 278]"
2019-06-28 14:37:00,HOLDINGS_UPDATED,"{'CASH': -3718076, 'JPM': 126}"
2019-06-28 14:38:00,BID_DEPTH,"[(101413, 164)]"
2019-06-28 14:38:00,ASK_DEPTH,"[(101543, 92)]"
2019-06-28 14:38:00,IMBALANCE,"[164, 92]"
2019-06-28 14:38:00,HOLDINGS_UPDATED,"{'CASH': -4327334, 'JPM': 132}"
2019-06-28 14:39:00,BID_DEPTH,"[(101366, 357)]"
2019-06-28 14:39:00,ASK_DEPTH,"[(101413, 356)]"
2019-06-28 14:39:00,IMBALANCE,"[357, 356]"
2019-06-28 14:39:00,HOLDINGS_UPDATED,"{'CASH': -4935812, 'JPM': 138}"
2019-06-28 14:40:00,BID_DEPTH,"[(101366, 187)]"
2019-06-28 14:40:00,ASK_DEPTH,"[(101413, 64)]"
2019-06-28 14:40:00,IMBALANCE,"[187, 64]"
2019-06-28 14:40:00,HOLDINGS_UPDATED,"{'CASH': -5544290, 'JPM': 144}"
2019-06-28 14:41:00,BID_DEPTH,"[(101292, 357)]"
2019-06-28 14:41:00,ASK_DEPTH,"[(101413, 299)]"
2019-06-28 14:41:00,IMBALANCE,"[357, 299]"
2019-06-28 14:41:00,HOLDINGS_UPDATED,"{'CASH': -6152768, 'JPM': 150}"
2019-06-28 14:42:00,BID_DEPTH,"[(101292, 357)]"
2019-06-28 14:42:00,ASK_DEPTH,"[(101413, 307)]"
2019-06-28 14:42:00,IMBALANCE,"[357, 307]"
2019-06-28 14:42:00,HOLDINGS_UPDATED,"{'CASH': -6761246, 'JPM': 156}"
2019-06-28 14:43:00,BID_DEPTH,"[(100560, 187)]"
2019-06-28 14:43:00,ASK_DEPTH,"[(101115, 86)]"
2019-06-28 14:43:00,IMBALANCE,"[187, 86]"
2019-06-28 14:43:00,HOLDINGS_UPDATED,"{'CASH': -7367936, 'JPM': 162}"
2019-06-28 14:44:00,BID_DEPTH,"[(100537, 164)]"
2019-06-28 14:44:00,ASK_DEPTH,"[(101413, 114)]"
2019-06-28 14:44:00,IMBALANCE,"[164, 114]"
2019-06-28 14:44:00,HOLDINGS_UPDATED,"{'CASH': -7976414, 'JPM': 168}"
2019-06-28 14:45:00,BID_DEPTH,"[(100431, 151)]"
2019-06-28 14:45:00,ASK_DEPTH,"[(101413, 101)]"
2019-06-28 14:45:00,IMBALANCE,"[151, 101]"
2019-06-28 14:45:00,HOLDINGS_UPDATED,"{'CASH': -8584892, 'JPM': 174}"
2019-06-28 14:46:00,BID_DEPTH,"[(100387, 164)]"
2019-06-28 14:46:00,ASK_DEPTH,"[(101544, 97)]"
2019-06-28 14:46:00,IMBALANCE,"[164, 97]"
2019-06-28 14:46:00,HOLDINGS_UPDATED,"{'CASH': -9194156, 'JPM': 180}"
2019-06-28 14:47:00,BID_DEPTH,"[(100269, 187)]"
2019-06-28 14:47:00,ASK_DEPTH,"[(102194, 71)]"
2019-06-28 14:47:00,IMBALANCE,"[187, 71]"
2019-06-28 14:47:00,HOLDINGS_UPDATED,"{'CASH': -9807320, 'JPM': 186}"
2019-06-28 14:48:00,BID_DEPTH,"[(100269, 151)]"
2019-06-28 14:48:00,ASK_DEPTH,"[(102194, 36)]"
2019-06-28 14:48:00,IMBALANCE,"[151, 36]"
2019-06-28 14:48:00,HOLDINGS_UPDATED,"{'CASH': -10420484, 'JPM': 192}"
2019-06-28 14:49:00,BID_DEPTH,"[(100269, 357)]"
2019-06-28 14:49:00,ASK_DEPTH,"[(102194, 306)]"
2019-06-28 14:49:00,IMBALANCE,"[357, 306]"
2019-06-28 14:49:00,HOLDINGS_UPDATED,"{'CASH': -11033648, 'JPM': 198}"
2019-06-28 14:50:00,BID_DEPTH,"[(100069, 357)]"
2019-06-28 14:50:00,ASK_DEPTH,"[(100128, 243)]"
2019-06-28 14:50:00,IMBALANCE,"[357, 243]"
2019-06-28 14:50:00,HOLDINGS_UPDATED,"{'CASH': -11634416, 'JPM': 204}"
2019-06-28 14:51:00,BID_DEPTH,"[(100069, 228)]"
2019-06-28 14:51:00,ASK_DEPTH,"[(100128, 178)]"
2019-06-28 14:51:00,IMBALANCE,"[228, 178]"
2019-06-28 14:51:00,HOLDINGS_UPDATED,"{'CASH': -12235184, 'JPM': 210}"
2019-06-28 14:52:00,BID_DEPTH,"[(100124, 187)]"
2019-06-28 14:52:00,ASK_DEPTH,"[(100128, 337)]"
2019-06-28 14:52:00,IMBALANCE,"[187, 337]"
2019-06-28 14:52:00,HOLDINGS_UPDATED,"{'CASH': -12835952, 'JPM': 216}"
2019-06-28 14:53:00,BID_DEPTH,"[(99980, 164)]"
2019-06-28 14:53:00,ASK_DEPTH,"[(100128, 186)]"
2019-06-28 14:53:00,IMBALANCE,"[164, 186]"
2019-06-28 14:53:00,HOLDINGS_UPDATED,"{'CASH': -13436720, 'JPM': 222}"
2019-06-28 14:54:00,BID_DEPTH,"[(99871, 178)]"
2019-06-28 14:54:00,ASK_DEPTH,"[(100128, 172)]"
2019-06-28 14:54:00,IMBALANCE,"[178, 172]"
2019-06-28 14:54:00,HOLDINGS_UPDATED,"{'CASH': -12837494, 'JPM': 216}"
2019-06-28 14:55:00,BID_DEPTH,"[(99968, 307)]"
2019-06-28 14:55:00,ASK_DEPTH,"[(100128, 295)]"
2019-06-28 14:55:00,IMBALANCE,"[307, 295]"
2019-06-28 14:55:00,HOLDINGS_UPDATED,"{'CASH': -12237686, 'JPM': 210}"
2019-06-28 14:56:00,BID_DEPTH,"[(100128, 114)]"
2019-06-28 14:56:00,ASK_DEPTH,"[(100205, 164)]"
2019-06-28 14:56:00,IMBALANCE,"[114, 164]"
2019-06-28 14:56:00,HOLDINGS_UPDATED,"{'CASH': -11636918, 'JPM': 204}"
2019-06-28 14:57:00,BID_DEPTH,"[(100084, 114)]"
2019-06-28 14:57:00,ASK_DEPTH,"[(100230, 164)]"
2019-06-28 14:57:00,IMBALANCE,"[114, 164]"
2019-06-28 14:57:00,HOLDINGS_UPDATED,"{'CASH': -11036414, 'JPM': 198}"
2019-06-28 14:58:00,BID_DEPTH,"[(99805, 137)]"
2019-06-28 14:58:00,ASK_DEPTH,"[(100420, 187)]"
2019-06-28 14:58:00,IMBALANCE,"[137, 187]"
2019-06-28 14:58:00,HOLDINGS_UPDATED,"{'CASH': -10437584, 'JPM': 192}"
2019-06-28 14:59:00,BID_DEPTH,"[(99805, 178)]"
2019-06-28 14:59:00,ASK_DEPTH,"[(100420, 222)]"
2019-06-28 14:59:00,IMBALANCE,"[178, 222]"
2019-06-28 14:59:00,HOLDINGS_UPDATED,"{'CASH': -9838754, 'JPM': 186}"
2019-06-28 15:00:00,BID_DEPTH,"[(100420, 178)]"
2019-06-28 15:00:00,ASK_DEPTH,"[(100733, 228)]"
2019-06-28 15:00:00,IMBALANCE,"[178, 228]"
2019-06-28 15:00:00,HOLDINGS_UPDATED,"{'CASH': -9236234, 'JPM': 180}"
2019-06-28 15:01:00,BID_DEPTH,"[(100420, 214)]"
2019-06-28 15:01:00,ASK_DEPTH,"[(100579, 164)]"
2019-06-28 15:01:00,IMBALANCE,"[214, 164]"
2019-06-28 15:01:00,HOLDINGS_UPDATED,"{'CASH': -8633714, 'JPM': 174}"
2019-06-28 15:02:00,BID_DEPTH,"[(100579, 114)]"
2019-06-28 15:02:00,ASK_DEPTH,"[(100835, 164)]"
2019-06-28 15:02:00,IMBALANCE,"[114, 164]"
2019-06-28 15:02:00,HOLDINGS_UPDATED,"{'CASH': -8030240, 'JPM': 168}"
2019-06-28 15:03:00,BID_DEPTH,"[(100702, 137)]"
2019-06-28 15:03:00,ASK_DEPTH,"[(100835, 281)]"
2019-06-28 15:03:00,IMBALANCE,"[137, 281]"
2019-06-28 15:03:00,HOLDINGS_UPDATED,"{'CASH': -7426028, 'JPM': 162}"
2019-06-28 15:04:00,BID_DEPTH,"[(100579, 307)]"
2019-06-28 15:04:00,ASK_DEPTH,"[(100835, 351)]"
2019-06-28 15:04:00,IMBALANCE,"[307, 351]"
2019-06-28 15:04:00,HOLDINGS_UPDATED,"{'CASH': -6822554, 'JPM': 156}"
2019-06-28 15:05:00,BID_DEPTH,"[(100699, 307)]"
2019-06-28 15:05:00,ASK_DEPTH,"[(100841, 357)]"
2019-06-28 15:05:00,IMBALANCE,"[307, 357]"
2019-06-28 15:05:00,HOLDINGS_UPDATED,"{'CASH': -6218360, 'JPM': 150}"
2019-06-28 15:06:00,BID_DEPTH,"[(100699, 307)]"
2019-06-28 15:06:00,ASK_DEPTH,"[(101020, 357)]"
2019-06-28 15:06:00,IMBALANCE,"[307, 357]"
2019-06-28 15:06:00,HOLDINGS_UPDATED,"{'CASH': -5614166, 'JPM': 144}"
2019-06-28 15:07:00,BID_DEPTH,"[(100594, 137)]"
2019-06-28 15:07:00,ASK_DEPTH,"[(101020, 187)]"
2019-06-28 15:07:00,IMBALANCE,"[137, 187]"
2019-06-28 15:07:00,HOLDINGS_UPDATED,"{'CASH': -5010602, 'JPM': 138}"
2019-06-28 15:08:00,BID_DEPTH,"[(100547, 114)]"
2019-06-28 15:08:00,ASK_DEPTH,"[(100594, 164)]"
2019-06-28 15:08:00,IMBALANCE,"[114, 164]"
2019-06-28 15:08:00,HOLDINGS_UPDATED,"{'CASH': -4407320, 'JPM': 132}"
2019-06-28 15:09:00,BID_DEPTH,"[(100507, 114)]"
2019-06-28 15:09:00,ASK_DEPTH,"[(100547, 164)]"
2019-06-28 15:09:00,IMBALANCE,"[114, 164]"
2019-06-28 15:09:00,HOLDINGS_UPDATED,"{'CASH': -3804278, 'JPM': 126}"
2019-06-28 15:10:00,BID_DEPTH,"[(100324, 307)]"
2019-06-28 15:10:00,ASK_DEPTH,"[(100594, 357)]"
2019-06-28 15:10:00,IMBALANCE,"[307, 357]"
2019-06-28 15:10:00,HOLDINGS_UPDATED,"{'CASH': -3202334, 'JPM': 120}"
2019-06-28 15:11:00,BID_DEPTH,"[(100138, 114)]"
2019-06-28 15:11:00,ASK_DEPTH,"[(100255, 164)]"
2019-06-28 15:11:00,IMBALANCE,"[114, 164]"
2019-06-28 15:11:00,HOLDINGS_UPDATED,"{'CASH': -2601506, 'JPM': 114}"
2019-06-28 15:12:00,BID_DEPTH,"[(100108, 178)]"
2019-06-28 15:12:00,ASK_DEPTH,"[(100255, 222)]"
2019-06-28 15:12:00,IMBALANCE,"[178, 222]"
2019-06-28 15:12:00,HOLDINGS_UPDATED,"{'CASH': -2000858, 'JPM': 108}"
2019-06-28 15:13:00,BID_DEPTH,"[(100550, 101)]"
2019-06-28 15:13:00,ASK_DEPTH,"[(100829, 151)]"
2019-06-28 15:13:00,IMBALANCE,"[101, 151]"
2019-06-28 15:13:00,HOLDINGS_UPDATED,"{'CASH': -1397558, 'JPM': 102}"
2019-06-28 15:14:00,BID_DEPTH,"[(100319, 114)]"
2019-06-28 15:14:00,ASK_DEPTH,"[(100829, 158)]"
2019-06-28 15:14:00,IMBALANCE,"[114, 158]"
2019-06-28 15:14:00,HOLDINGS_UPDATED,"{'CASH': -795644, 'JPM': 96}"
2019-06-28 15:15:00,BID_DEPTH,"[(100338, 101)]"
2019-06-28 15:15:00,ASK_DEPTH,"[(100573, 151)]"
2019-06-28 15:15:00,IMBALANCE,"[101, 151]"
2019-06-28 15:15:00,HOLDINGS_UPDATED,"{'CASH': -193616, 'JPM': 90}"
2019-06-28 15:16:00,BID_DEPTH,"[(100176, 178)]"
2019-06-28 15:16:00,ASK_DEPTH,"[(100506, 228)]"
2019-06-28 15:16:00,IMBALANCE,"[178, 228]"
2019-06-28 15:16:00,HOLDINGS_UPDATED,"{'CASH': 407440, 'JPM': 84}"
2019-06-28 15:17:00,BID_DEPTH,"[(100102, 101)]"
2019-06-28 15:17:00,ASK_DEPTH,"[(100829, 239)]"
2019-06-28 15:17:00,IMBALANCE,"[101, 239]"
2019-06-28 15:17:00,HOLDINGS_UPDATED,"{'CASH': 1008052, 'JPM': 78}"
2019-06-28 15:18:00,BID_DEPTH,"[(100509, 137)]"
2019-06-28 15:18:00,ASK_DEPTH,"[(100791, 187)]"
2019-06-28 15:18:00,IMBALANCE,"[137, 187]"
2019-06-28 15:18:00,HOLDINGS_UPDATED,"{'CASH': 1611106, 'JPM': 72}"
2019-06-28 15:19:00,BID_DEPTH,"[(100578, 114)]"
2019-06-28 15:19:00,ASK_DEPTH,"[(100791, 158)]"
2019-06-28 15:19:00,IMBALANCE,"[114, 158]"
2019-06-28 15:19:00,HOLDINGS_UPDATED,"{'CASH': 2214574, 'JPM': 66}"
2019-06-28 15:20:00,BID_DEPTH,"[(100578, 114)]"
2019-06-28 15:20:00,ASK_DEPTH,"[(100777, 164)]"
2019-06-28 15:20:00,IMBALANCE,"[114, 164]"
2019-06-28 15:20:00,HOLDINGS_UPDATED,"{'CASH': 2818042, 'JPM': 60}"
2019-06-28 15:21:00,BID_DEPTH,"[(100211, 307)]"
2019-06-28 15:21:00,ASK_DEPTH,"[(100303, 357)]"
2019-06-28 15:21:00,IMBALANCE,"[307, 357]"
2019-06-28 15:21:00,HOLDINGS_UPDATED,"{'CASH': 3419308, 'JPM': 54}"
2019-06-28 15:22:00,BID_DEPTH,"[(99639, 101)]"
2019-06-28 15:22:00,ASK_DEPTH,"[(100303, 145)]"
2019-06-28 15:22:00,IMBALANCE,"[101, 145]"
2019-06-28 15:22:00,HOLDINGS_UPDATED,"{'CASH': 4017142, 'JPM': 48}"
2019-06-28 15:23:00,BID_DEPTH,"[(100270, 178)]"
2019-06-28 15:23:00,ASK_DEPTH,"[(100303, 216)]"
2019-06-28 15:23:00,IMBALANCE,"[178, 216]"
2019-06-28 15:23:00,HOLDINGS_UPDATED,"{'CASH': 4618762, 'JPM': 42}"
2019-06-28 15:24:00,BID_DEPTH,"[(100171, 101)]"
2019-06-28 15:24:00,ASK_DEPTH,"[(100303, 233)]"
2019-06-28 15:24:00,IMBALANCE,"[101, 233]"
2019-06-28 15:24:00,HOLDINGS_UPDATED,"{'CASH': 5219788, 'JPM': 36}"
2019-06-28 15:25:00,BID_DEPTH,"[(100076, 101)]"
2019-06-28 15:25:00,ASK_DEPTH,"[(100134, 100)]"
2019-06-28 15:25:00,IMBALANCE,"[101, 100]"
2019-06-28 15:25:00,HOLDINGS_UPDATED,"{'CASH': 5820244, 'JPM': 30}"
2019-06-28 15:26:00,BID_DEPTH,"[(99100, 178)]"
2019-06-28 15:26:00,ASK_DEPTH,"[(100133, 228)]"
2019-06-28 15:26:00,IMBALANCE,"[178, 228]"
2019-06-28 15:26:00,HOLDINGS_UPDATED,"{'CASH': 6414844, 'JPM': 24}"
2019-06-28 15:27:00,BID_DEPTH,"[(99273, 101)]"
2019-06-28 15:27:00,ASK_DEPTH,"[(99291, 151)]"
2019-06-28 15:27:00,IMBALANCE,"[101, 151]"
2019-06-28 15:27:00,HOLDINGS_UPDATED,"{'CASH': 7010482, 'JPM': 18}"
2019-06-28 15:28:00,BID_DEPTH,"[(99273, 101)]"
2019-06-28 15:28:00,ASK_DEPTH,"[(99291, 145)]"
2019-06-28 15:28:00,IMBALANCE,"[101, 145]"
2019-06-28 15:28:00,HOLDINGS_UPDATED,"{'CASH': 7606120, 'JPM': 12}"
2019-06-28 15:29:00,BID_DEPTH,"[(99100, 114)]"
2019-06-28 15:29:00,ASK_DEPTH,"[(99817, 164)]"
2019-06-28 15:29:00,IMBALANCE,"[114, 164]"
2019-06-28 15:29:00,HOLDINGS_UPDATED,"{'CASH': 8200720, 'JPM': 6}"
2019-06-28 15:30:00,BID_DEPTH,"[(98969, 137)]"
2019-06-28 15:30:00,ASK_DEPTH,"[(99817, 187)]"
2019-06-28 15:30:00,IMBALANCE,"[137, 187]"
2019-06-28 15:30:00,HOLDINGS_UPDATED,{'CASH': 8794534}
2019-06-28 15:31:00,BID_DEPTH,"[(100133, 20)]"
2019-06-28 15:31:00,ASK_DEPTH,"[(100134, 107)]"
2019-06-28 15:31:00,IMBALANCE,"[20, 107]"
2019-06-28 15:31:00,HOLDINGS_UPDATED,"{'CASH': 9395332, 'JPM': -6}"
2019-06-28 15:32:00,BID_DEPTH,"[(100132, 101)]"
2019-06-28 15:32:00,ASK_DEPTH,"[(100303, 327)]"
2019-06-28 15:32:00,IMBALANCE,"[101, 327]"
2019-06-28 15:32:00,HOLDINGS_UPDATED,"{'CASH': 9996124, 'JPM': -12}"
2019-06-28 15:33:00,BID_DEPTH,[]
2019-06-28 15:33:00,ASK_DEPTH,"[(100303, 76)]"
2019-06-28 15:33:00,IMBALANCE,"[0, 76]"
2019-06-28 15:34:00,BID_DEPTH,"[(100303, 61)]"
2019-06-28 15:34:00,ASK_DEPTH,"[(100358, 187)]"
2019-06-28 15:34:00,IMBALANCE,"[61, 187]"
2019-06-28 15:34:00,HOLDINGS_UPDATED,"{'CASH': 10597942, 'JPM': -18}"
2019-06-28 15:35:00,BID_DEPTH,"[(100303, 112)]"
2019-06-28 15:35:00,ASK_DEPTH,"[(100306, 164)]"
2019-06-28 15:35:00,IMBALANCE,"[112, 164]"
2019-06-28 15:35:00,HOLDINGS_UPDATED,"{'CASH': 11199760, 'JPM': -24}"
2019-06-28 15:36:00,BID_DEPTH,"[(100351, 114)]"
2019-06-28 15:36:00,ASK_DEPTH,"[(100529, 164)]"
2019-06-28 15:36:00,IMBALANCE,"[114, 164]"
2019-06-28 15:36:00,HOLDINGS_UPDATED,"{'CASH': 11801866, 'JPM': -30}"
2019-06-28 15:37:00,BID_DEPTH,"[(100377, 101)]"
2019-06-28 15:37:00,ASK_DEPTH,"[(100693, 151)]"
2019-06-28 15:37:00,IMBALANCE,"[101, 151]"
2019-06-28 15:37:00,HOLDINGS_UPDATED,"{'CASH': 12404128, 'JPM': -36}"
2019-06-28 15:38:00,BID_DEPTH,"[(100376, 101)]"
2019-06-28 15:38:00,ASK_DEPTH,"[(100817, 151)]"
2019-06-28 15:38:00,IMBALANCE,"[101, 151]"
2019-06-28 15:38:00,HOLDINGS_UPDATED,"{'CASH': 13006384, 'JPM': -42}"
2019-06-28 15:39:00,BID_DEPTH,"[(100376, 237)]"
2019-06-28 15:39:00,ASK_DEPTH,"[(100817, 187)]"
2019-06-28 15:39:00,IMBALANCE,"[237, 187]"
2019-06-28 15:39:00,HOLDINGS_UPDATED,"{'CASH': 13608640, 'JPM': -48}"
2019-06-28 15:40:00,BID_DEPTH,"[(100377, 114)]"
2019-06-28 15:40:00,ASK_DEPTH,"[(101095, 164)]"
2019-06-28 15:40:00,IMBALANCE,"[114, 164]"
2019-06-28 15:40:00,HOLDINGS_UPDATED,"{'CASH': 14210902, 'JPM': -54}"
2019-06-28 15:41:00,BID_DEPTH,"[(100376, 86)]"
2019-06-28 15:41:00,ASK_DEPTH,"[(101380, 164)]"
2019-06-28 15:41:00,IMBALANCE,"[86, 164]"
2019-06-28 15:41:00,HOLDINGS_UPDATED,"{'CASH': 14813158, 'JPM': -60}"
2019-06-28 15:42:00,BID_DEPTH,"[(100376, 307)]"
2019-06-28 15:42:00,ASK_DEPTH,"[(101380, 357)]"
2019-06-28 15:42:00,IMBALANCE,"[307, 357]"
2019-06-28 15:42:00,HOLDINGS_UPDATED,"{'CASH': 15415414, 'JPM': -66}"
2019-06-28 15:43:00,BID_DEPTH,"[(101576, 114)]"
2019-06-28 15:43:00,ASK_DEPTH,"[(101618, 164)]"
2019-06-28 15:43:00,IMBALANCE,"[114, 164]"
2019-06-28 15:43:00,HOLDINGS_UPDATED,"{'CASH': 16024870, 'JPM': -72}"
2019-06-28 15:44:00,BID_DEPTH,"[(101576, 178)]"
2019-06-28 15:44:00,ASK_DEPTH,"[(101618, 228)]"
2019-06-28 15:44:00,IMBALANCE,"[178, 228]"
2019-06-28 15:44:00,HOLDINGS_UPDATED,"{'CASH': 16634326, 'JPM': -78}"
2019-06-28 15:45:00,BID_DEPTH,"[(101576, 314)]"
2019-06-28 15:45:00,ASK_DEPTH,"[(101618, 164)]"
2019-06-28 15:45:00,IMBALANCE,"[314, 164]"
2019-06-28 15:45:00,HOLDINGS_UPDATED,"{'CASH': 17243782, 'JPM': -84}"
2019-06-28 15:46:00,BID_DEPTH,"[(101577, 357)]"
2019-06-28 15:46:00,ASK_DEPTH,"[(101848, 307)]"
2019-06-28 15:46:00,IMBALANCE,"[357, 307]"
2019-06-28 15:46:00,HOLDINGS_UPDATED,"{'CASH': 16632694, 'JPM': -78}"
2019-06-28 15:47:00,BID_DEPTH,"[(101682, 357)]"
2019-06-28 15:47:00,ASK_DEPTH,"[(101965, 307)]"
2019-06-28 15:47:00,IMBALANCE,"[357, 307]"
2019-06-28 15:47:00,HOLDINGS_UPDATED,"{'CASH': 16020904, 'JPM': -72}"
2019-06-28 15:48:00,BID_DEPTH,"[(101829, 357)]"
2019-06-28 15:48:00,ASK_DEPTH,"[(102004, 307)]"
2019-06-28 15:48:00,IMBALANCE,"[357, 307]"
2019-06-28 15:48:00,HOLDINGS_UPDATED,"{'CASH': 15408880, 'JPM': -66}"
2019-06-28 15:49:00,BID_DEPTH,"[(101974, 164)]"
2019-06-28 15:49:00,ASK_DEPTH,"[(102111, 114)]"
2019-06-28 15:49:00,IMBALANCE,"[164, 114]"
2019-06-28 15:49:00,HOLDINGS_UPDATED,"{'CASH': 14796214, 'JPM': -60}"
2019-06-28 15:50:00,BID_DEPTH,"[(102128, 164)]"
2019-06-28 15:50:00,ASK_DEPTH,"[(102240, 114)]"
2019-06-28 15:50:00,IMBALANCE,"[164, 114]"
2019-06-28 15:50:00,HOLDINGS_UPDATED,"{'CASH': 14182774, 'JPM': -54}"
2019-06-28 15:51:00,BID_DEPTH,"[(101907, 164)]"
2019-06-28 15:51:00,ASK_DEPTH,"[(102203, 114)]"
2019-06-28 15:51:00,IMBALANCE,"[164, 114]"
2019-06-28 15:51:00,HOLDINGS_UPDATED,"{'CASH': 13569556, 'JPM': -48}"
2019-06-28 15:52:00,BID_DEPTH,"[(101846, 228)]"
2019-06-28 15:52:00,ASK_DEPTH,"[(102203, 178)]"
2019-06-28 15:52:00,IMBALANCE,"[228, 178]"
2019-06-28 15:52:00,HOLDINGS_UPDATED,"{'CASH': 12956338, 'JPM': -42}"
2019-06-28 15:53:00,BID_DEPTH,"[(101829, 145)]"
2019-06-28 15:53:00,ASK_DEPTH,"[(102203, 101)]"
2019-06-28 15:53:00,IMBALANCE,"[145, 101]"
2019-06-28 15:53:00,HOLDINGS_UPDATED,"{'CASH': 12343120, 'JPM': -36}"
2019-06-28 15:54:00,BID_DEPTH,"[(101577, 351)]"
2019-06-28 15:54:00,ASK_DEPTH,"[(102203, 307)]"
2019-06-28 15:54:00,IMBALANCE,"[351, 307]"
2019-06-28 15:54:00,HOLDINGS_UPDATED,"{'CASH': 11729902, 'JPM': -30}"
2019-06-28 15:55:00,BID_DEPTH,"[(101576, 200)]"
2019-06-28 15:55:00,ASK_DEPTH,"[(102203, 178)]"
2019-06-28 15:55:00,IMBALANCE,"[200, 178]"
2019-06-28 15:55:00,HOLDINGS_UPDATED,"{'CASH': 11116684, 'JPM': -24}"
2019-06-28 15:56:00,BID_DEPTH,"[(101576, 329)]"
2019-06-28 15:56:00,ASK_DEPTH,"[(102203, 407)]"
2019-06-28 15:56:00,IMBALANCE,"[329, 407]"
2019-06-28 15:56:00,HOLDINGS_UPDATED,"{'CASH': 10503466, 'JPM': -18}"
2019-06-28 15:57:00,BID_DEPTH,"[(101469, 164)]"
2019-06-28 15:57:00,ASK_DEPTH,"[(102203, 192)]"
2019-06-28 15:57:00,IMBALANCE,"[164, 192]"
2019-06-28 15:57:00,HOLDINGS_UPDATED,"{'CASH': 9890248, 'JPM': -12}"
2019-06-28 15:58:00,BID_DEPTH,"[(100808, 164)]"
2019-06-28 15:58:00,ASK_DEPTH,"[(102202, 214)]"
2019-06-28 15:58:00,IMBALANCE,"[164, 214]"
2019-06-28 15:58:00,HOLDINGS_UPDATED,"{'CASH': 9277036, 'JPM': -6}"
2019-06-28 15:59:00,BID_DEPTH,"[(100139, 151)]"
2019-06-28 15:59:00,ASK_DEPTH,"[(102202, 79)]"
2019-06-28 15:59:00,IMBALANCE,"[151, 79]"
2019-06-28 15:59:00,HOLDINGS_UPDATED,{'CASH': 8663824}
2019-06-28 16:00:00,BID_DEPTH,"[(99551, 357)]"
2019-06-28 16:00:00,ASK_DEPTH,"[(102203, 263)]"
2019-06-28 16:00:00,IMBALANCE,"[357, 263]"
2019-06-28 16:00:00,HOLDINGS_UPDATED,"{'CASH': 8050606, 'JPM': 6}"
2019-06-28 16:01:00,BID_DEPTH,"[(99551, 357)]"
2019-06-28 16:01:00,ASK_DEPTH,"[(102203, 191)]"
2019-06-28 16:01:00,IMBALANCE,"[357, 191]"
2019-06-28 16:01:00,MKT_CLOSED,
2019-06-28 16:01:00,FINAL_HOLDINGS,"{ JPM: 6, CASH: 8050606 }"
2019-06-28 16:01:00,FINAL_CASH_POSITION,8050606
2019-06-28 16:01:00,MARK_TO_MARKET,6 JPM @ 102203 == 613218
2019-06-28 16:01:00,MARKED_TO_MARKET,8663824
2019-06-28 16:01:00,ENDING_CASH,8663824
