EventTime,EventType,Event
,AGENT_TYPE,MomentumAgent
,STARTING_CASH,10000000
2019-06-28 09:30:00,HOLDINGS_UPDATED,{'CASH': 10000000}
2019-06-28 09:31:00,BID_DEPTH,"[(100018, 565)]"
2019-06-28 09:31:00,ASK_DEPTH,"[(100020, 665)]"
2019-06-28 09:31:00,IMBALANCE,"[565, 665]"
2019-06-28 09:32:00,BID_DEPTH,"[(100018, 193)]"
2019-06-28 09:32:00,ASK_DEPTH,"[(100037, 193)]"
2019-06-28 09:32:00,IMBALANCE,"[193, 193]"
2019-06-28 09:33:00,BID_DEPTH,"[(100018, 216)]"
2019-06-28 09:33:00,ASK_DEPTH,"[(100047, 216)]"
2019-06-28 09:33:00,IMBALANCE,"[216, 216]"
2019-06-28 09:34:00,BID_DEPTH,"[(100018, 332)]"
2019-06-28 09:34:00,ASK_DEPTH,"[(100058, 332)]"
2019-06-28 09:34:00,IMBALANCE,"[332, 332]"
2019-06-28 09:35:00,BID_DEPTH,"[(100047, 193)]"
2019-06-28 09:35:00,ASK_DEPTH,"[(100079, 193)]"
2019-06-28 09:35:00,IMBALANCE,"[193, 193]"
2019-06-28 09:36:00,BID_DEPTH,"[(100047, 416)]"
2019-06-28 09:36:00,ASK_DEPTH,"[(100079, 216)]"
2019-06-28 09:36:00,IMBALANCE,"[416, 216]"
2019-06-28 09:37:00,BID_DEPTH,"[(100047, 558)]"
2019-06-28 09:37:00,ASK_DEPTH,"[(100079, 258)]"
2019-06-28 09:37:00,IMBALANCE,"[558, 258]"
2019-06-28 09:38:00,BID_DEPTH,"[(100047, 558)]"
2019-06-28 09:38:00,ASK_DEPTH,"[(100057, 258)]"
2019-06-28 09:38:00,IMBALANCE,"[558, 258]"
2019-06-28 09:39:00,BID_DEPTH,"[(100047, 565)]"
2019-06-28 09:39:00,ASK_DEPTH,"[(100057, 565)]"
2019-06-28 09:39:00,IMBALANCE,"[565, 565]"
2019-06-28 09:40:00,BID_DEPTH,"[(100015, 665)]"
2019-06-28 09:40:00,ASK_DEPTH,"[(100079, 565)]"
2019-06-28 09:40:00,IMBALANCE,"[665, 565]"
2019-06-28 09:41:00,BID_DEPTH,"[(100015, 332)]"
2019-06-28 09:41:00,ASK_DEPTH,"[(100047, 332)]"
2019-06-28 09:41:00,IMBALANCE,"[332, 332]"
2019-06-28 09:42:00,BID_DEPTH,"[(99974, 258)]"
2019-06-28 09:42:00,ASK_DEPTH,"[(100047, 258)]"
2019-06-28 09:42:00,IMBALANCE,"[258, 258]"
2019-06-28 09:43:00,BID_DEPTH,"[(99969, 332)]"
2019-06-28 09:43:00,ASK_DEPTH,"[(100010, 432)]"
2019-06-28 09:43:00,IMBALANCE,"[332, 432]"
2019-06-28 09:44:00,BID_DEPTH,"[(99969, 193)]"
2019-06-28 09:44:00,ASK_DEPTH,"[(100010, 493)]"
2019-06-28 09:44:00,IMBALANCE,"[193, 493]"
2019-06-28 09:45:00,BID_DEPTH,"[(99882, 216)]"
2019-06-28 09:45:00,ASK_DEPTH,"[(100010, 516)]"
2019-06-28 09:45:00,IMBALANCE,"[216, 516]"
2019-06-28 09:46:00,BID_DEPTH,"[(99878, 193)]"
2019-06-28 09:46:00,ASK_DEPTH,"[(99910, 293)]"
2019-06-28 09:46:00,IMBALANCE,"[193, 293]"
2019-06-28 09:47:00,BID_DEPTH,"[(99864, 216)]"
2019-06-28 09:47:00,ASK_DEPTH,"[(99909, 216)]"
2019-06-28 09:47:00,IMBALANCE,"[216, 216]"
2019-06-28 09:48:00,BID_DEPTH,"[(99855, 193)]"
2019-06-28 09:48:00,ASK_DEPTH,"[(99878, 193)]"
2019-06-28 09:48:00,IMBALANCE,"[193, 193]"
2019-06-28 09:49:00,BID_DEPTH,"[(99855, 332)]"
2019-06-28 09:49:00,ASK_DEPTH,"[(99864, 332)]"
2019-06-28 09:49:00,IMBALANCE,"[332, 332]"
2019-06-28 09:50:00,BID_DEPTH,"[(99724, 332)]"
2019-06-28 09:50:00,ASK_DEPTH,"[(99864, 332)]"
2019-06-28 09:50:00,IMBALANCE,"[332, 332]"
2019-06-28 09:51:00,BID_DEPTH,"[(99724, 216)]"
2019-06-28 09:51:00,ASK_DEPTH,"[(99813, 216)]"
2019-06-28 09:51:00,IMBALANCE,"[216, 216]"
2019-06-28 09:52:00,BID_DEPTH,"[(99724, 258)]"
2019-06-28 09:52:00,ASK_DEPTH,"[(99864, 258)]"
2019-06-28 09:52:00,IMBALANCE,"[258, 258]"
2019-06-28 09:53:00,BID_DEPTH,"[(99724, 565)]"
2019-06-28 09:53:00,ASK_DEPTH,"[(99864, 565)]"
2019-06-28 09:53:00,IMBALANCE,"[565, 565]"
2019-06-28 09:54:00,BID_DEPTH,"[(99504, 565)]"
2019-06-28 09:54:00,ASK_DEPTH,"[(99723, 565)]"
2019-06-28 09:54:00,IMBALANCE,"[565, 565]"
2019-06-28 09:55:00,BID_DEPTH,"[(99639, 193)]"
2019-06-28 09:55:00,ASK_DEPTH,"[(99723, 293)]"
2019-06-28 09:55:00,IMBALANCE,"[193, 293]"
2019-06-28 09:56:00,BID_DEPTH,"[(99639, 216)]"
2019-06-28 09:56:00,ASK_DEPTH,"[(99723, 216)]"
2019-06-28 09:56:00,IMBALANCE,"[216, 216]"
2019-06-28 09:57:00,BID_DEPTH,"[(99639, 565)]"
2019-06-28 09:57:00,ASK_DEPTH,"[(99724, 572)]"
2019-06-28 09:57:00,IMBALANCE,"[565, 572]"
2019-06-28 09:58:00,BID_DEPTH,"[(99724, 332)]"
2019-06-28 09:58:00,ASK_DEPTH,"[(99874, 332)]"
2019-06-28 09:58:00,IMBALANCE,"[332, 332]"
2019-06-28 09:59:00,BID_DEPTH,"[(99724, 565)]"
2019-06-28 09:59:00,ASK_DEPTH,"[(99874, 565)]"
2019-06-28 09:59:00,IMBALANCE,"[565, 565]"
2019-06-28 10:00:00,BID_DEPTH,"[(99724, 493)]"
2019-06-28 10:00:00,ASK_DEPTH,"[(99874, 193)]"
2019-06-28 10:00:00,IMBALANCE,"[493, 193]"
2019-06-28 10:01:00,BID_DEPTH,"[(99869, 332)]"
2019-06-28 10:01:00,ASK_DEPTH,"[(99907, 332)]"
2019-06-28 10:01:00,IMBALANCE,"[332, 332]"
2019-06-28 10:02:00,BID_DEPTH,"[(99869, 332)]"
2019-06-28 10:02:00,ASK_DEPTH,"[(99910, 332)]"
2019-06-28 10:02:00,IMBALANCE,"[332, 332]"
2019-06-28 10:03:00,BID_DEPTH,"[(99869, 258)]"
2019-06-28 10:03:00,ASK_DEPTH,"[(99910, 258)]"
2019-06-28 10:03:00,IMBALANCE,"[258, 258]"
2019-06-28 10:04:00,BID_DEPTH,"[(99869, 193)]"
2019-06-28 10:04:00,ASK_DEPTH,"[(99921, 193)]"
2019-06-28 10:04:00,IMBALANCE,"[193, 193]"
2019-06-28 10:05:00,BID_DEPTH,"[(99869, 332)]"
2019-06-28 10:05:00,ASK_DEPTH,"[(99878, 332)]"
2019-06-28 10:05:00,IMBALANCE,"[332, 332]"
2019-06-28 10:06:00,BID_DEPTH,"[(99869, 216)]"
2019-06-28 10:06:00,ASK_DEPTH,"[(99878, 216)]"
2019-06-28 10:06:00,IMBALANCE,"[216, 216]"
2019-06-28 10:07:00,BID_DEPTH,"[(99724, 665)]"
2019-06-28 10:07:00,ASK_DEPTH,"[(99878, 565)]"
2019-06-28 10:07:00,IMBALANCE,"[665, 565]"
2019-06-28 10:08:00,BID_DEPTH,"[(99724, 432)]"
2019-06-28 10:08:00,ASK_DEPTH,"[(100044, 332)]"
2019-06-28 10:08:00,IMBALANCE,"[432, 332]"
2019-06-28 10:09:00,BID_DEPTH,"[(99878, 258)]"
2019-06-28 10:09:00,ASK_DEPTH,"[(100081, 258)]"
2019-06-28 10:09:00,IMBALANCE,"[258, 258]"
2019-06-28 10:10:00,BID_DEPTH,"[(99931, 258)]"
2019-06-28 10:10:00,ASK_DEPTH,"[(100032, 258)]"
2019-06-28 10:10:00,IMBALANCE,"[258, 258]"
2019-06-28 10:11:00,BID_DEPTH,"[(99878, 258)]"
2019-06-28 10:11:00,ASK_DEPTH,"[(100032, 258)]"
2019-06-28 10:11:00,IMBALANCE,"[258, 258]"
2019-06-28 10:12:00,BID_DEPTH,"[(99867, 193)]"
2019-06-28 10:12:00,ASK_DEPTH,"[(100032, 193)]"
2019-06-28 10:12:00,IMBALANCE,"[193, 193]"
2019-06-28 10:13:00,BID_DEPTH,"[(99542, 565)]"
2019-06-28 10:13:00,ASK_DEPTH,"[(99639, 565)]"
2019-06-28 10:13:00,IMBALANCE,"[565, 565]"
2019-06-28 10:14:00,BID_DEPTH,"[(100081, 472)]"
2019-06-28 10:14:00,ASK_DEPTH,"[(100148, 565)]"
2019-06-28 10:14:00,IMBALANCE,"[472, 565]"
2019-06-28 10:15:00,BID_DEPTH,"[(100081, 123)]"
2019-06-28 10:15:00,ASK_DEPTH,"[(100188, 216)]"
2019-06-28 10:15:00,IMBALANCE,"[123, 216]"
2019-06-28 10:16:00,BID_DEPTH,"[(100081, 472)]"
2019-06-28 10:16:00,ASK_DEPTH,"[(100188, 565)]"
2019-06-28 10:16:00,IMBALANCE,"[472, 565]"
2019-06-28 10:17:00,BID_DEPTH,"[(100072, 216)]"
2019-06-28 10:17:00,ASK_DEPTH,"[(100188, 216)]"
2019-06-28 10:17:00,IMBALANCE,"[216, 216]"
2019-06-28 10:18:00,BID_DEPTH,"[(100072, 258)]"
2019-06-28 10:18:00,ASK_DEPTH,"[(100077, 258)]"
2019-06-28 10:18:00,IMBALANCE,"[258, 258]"
2019-06-28 10:19:00,BID_DEPTH,"[(100012, 258)]"
2019-06-28 10:19:00,ASK_DEPTH,"[(100076, 258)]"
2019-06-28 10:19:00,IMBALANCE,"[258, 258]"
2019-06-28 10:20:00,BID_DEPTH,"[(100012, 216)]"
2019-06-28 10:20:00,ASK_DEPTH,"[(100076, 216)]"
2019-06-28 10:20:00,IMBALANCE,"[216, 216]"
2019-06-28 10:21:00,BID_DEPTH,"[(100012, 216)]"
2019-06-28 10:21:00,ASK_DEPTH,"[(100076, 85)]"
2019-06-28 10:21:00,IMBALANCE,"[216, 85]"
2019-06-28 10:21:00,HOLDINGS_UPDATED,"{'CASH': 9499620, 'JPM': 5}"
2019-06-28 10:22:00,BID_DEPTH,"[(100012, 332)]"
2019-06-28 10:22:00,ASK_DEPTH,"[(100076, 201)]"
2019-06-28 10:22:00,IMBALANCE,"[332, 201]"
2019-06-28 10:22:00,HOLDINGS_UPDATED,"{'CASH': 8999240, 'JPM': 10}"
2019-06-28 10:23:00,BID_DEPTH,"[(99542, 332)]"
2019-06-28 10:23:00,ASK_DEPTH,"[(100076, 201)]"
2019-06-28 10:23:00,IMBALANCE,"[332, 201]"
2019-06-28 10:23:00,HOLDINGS_UPDATED,"{'CASH': 8498860, 'JPM': 15}"
2019-06-28 10:24:00,BID_DEPTH,"[(99418, 193)]"
2019-06-28 10:24:00,ASK_DEPTH,"[(100077, 62)]"
2019-06-28 10:24:00,IMBALANCE,"[193, 62]"
2019-06-28 10:24:00,HOLDINGS_UPDATED,"{'CASH': 7998475, 'JPM': 20}"
2019-06-28 10:25:00,BID_DEPTH,"[(99731, 332)]"
2019-06-28 10:25:00,ASK_DEPTH,"[(100147, 201)]"
2019-06-28 10:25:00,IMBALANCE,"[332, 201]"
2019-06-28 10:25:00,HOLDINGS_UPDATED,"{'CASH': 7497740, 'JPM': 25}"
2019-06-28 10:26:00,BID_DEPTH,"[(99850, 216)]"
2019-06-28 10:26:00,ASK_DEPTH,"[(100090, 85)]"
2019-06-28 10:26:00,IMBALANCE,"[216, 85]"
2019-06-28 10:26:00,HOLDINGS_UPDATED,"{'CASH': 6997290, 'JPM': 30}"
2019-06-28 10:27:00,BID_DEPTH,"[(100111, 258)]"
2019-06-28 10:27:00,ASK_DEPTH,"[(100188, 127)]"
2019-06-28 10:27:00,IMBALANCE,"[258, 127]"
2019-06-28 10:27:00,HOLDINGS_UPDATED,"{'CASH': 6496350, 'JPM': 35}"
2019-06-28 10:28:00,BID_DEPTH,"[(99850, 565)]"
2019-06-28 10:28:00,ASK_DEPTH,"[(99974, 434)]"
2019-06-28 10:28:00,IMBALANCE,"[565, 434]"
2019-06-28 10:28:00,HOLDINGS_UPDATED,"{'CASH': 5996480, 'JPM': 40}"
2019-06-28 10:29:00,BID_DEPTH,"[(99850, 565)]"
2019-06-28 10:29:00,ASK_DEPTH,"[(99974, 434)]"
2019-06-28 10:29:00,IMBALANCE,"[565, 434]"
2019-06-28 10:29:00,HOLDINGS_UPDATED,"{'CASH': 5496610, 'JPM': 45}"
2019-06-28 10:30:00,BID_DEPTH,"[(99918, 332)]"
2019-06-28 10:30:00,ASK_DEPTH,"[(100220, 201)]"
2019-06-28 10:30:00,IMBALANCE,"[332, 201]"
2019-06-28 10:30:00,HOLDINGS_UPDATED,"{'CASH': 4995510, 'JPM': 50}"
2019-06-28 10:31:00,BID_DEPTH,"[(100206, 193)]"
2019-06-28 10:31:00,ASK_DEPTH,"[(100261, 62)]"
2019-06-28 10:31:00,IMBALANCE,"[193, 62]"
2019-06-28 10:31:00,HOLDINGS_UPDATED,"{'CASH': 4494205, 'JPM': 55}"
2019-06-28 10:32:00,BID_DEPTH,"[(100378, 193)]"
2019-06-28 10:32:00,ASK_DEPTH,"[(100485, 62)]"
2019-06-28 10:32:00,IMBALANCE,"[193, 62]"
2019-06-28 10:32:00,HOLDINGS_UPDATED,"{'CASH': 3991780, 'JPM': 60}"
2019-06-28 10:33:00,BID_DEPTH,"[(100485, 143)]"
2019-06-28 10:33:00,ASK_DEPTH,[]
2019-06-28 10:33:00,IMBALANCE,"[143, 0]"
2019-06-28 10:34:00,BID_DEPTH,"[(100485, 259)]"
2019-06-28 10:34:00,ASK_DEPTH,"[(100523, 85)]"
2019-06-28 10:34:00,IMBALANCE,"[259, 85]"
2019-06-28 10:34:00,HOLDINGS_UPDATED,"{'CASH': 3489165, 'JPM': 65}"
2019-06-28 10:35:00,BID_DEPTH,"[(100485, 136)]"
2019-06-28 10:35:00,ASK_DEPTH,"[(100523, 162)]"
2019-06-28 10:35:00,IMBALANCE,"[136, 162]"
2019-06-28 10:35:00,HOLDINGS_UPDATED,"{'CASH': 2986550, 'JPM': 70}"
2019-06-28 10:36:00,BID_DEPTH,"[(100378, 258)]"
2019-06-28 10:36:00,ASK_DEPTH,"[(100485, 127)]"
2019-06-28 10:36:00,IMBALANCE,"[258, 127]"
2019-06-28 10:36:00,HOLDINGS_UPDATED,"{'CASH': 2484125, 'JPM': 75}"
2019-06-28 10:37:00,BID_DEPTH,"[(100378, 193)]"
2019-06-28 10:37:00,ASK_DEPTH,"[(100449, 62)]"
2019-06-28 10:37:00,IMBALANCE,"[193, 62]"
2019-06-28 10:37:00,HOLDINGS_UPDATED,"{'CASH': 1981880, 'JPM': 80}"
2019-06-28 10:38:00,BID_DEPTH,"[(100449, 565)]"
2019-06-28 10:38:00,ASK_DEPTH,"[(100523, 498)]"
2019-06-28 10:38:00,IMBALANCE,"[565, 498]"
2019-06-28 10:38:00,HOLDINGS_UPDATED,"{'CASH': 1479265, 'JPM': 85}"
2019-06-28 10:39:00,BID_DEPTH,"[(100449, 565)]"
2019-06-28 10:39:00,ASK_DEPTH,"[(100554, 434)]"
2019-06-28 10:39:00,IMBALANCE,"[565, 434]"
2019-06-28 10:39:00,HOLDINGS_UPDATED,"{'CASH': 976495, 'JPM': 90}"
2019-06-28 10:40:00,BID_DEPTH,"[(100554, 193)]"
2019-06-28 10:40:00,ASK_DEPTH,"[(100556, 62)]"
2019-06-28 10:40:00,IMBALANCE,"[193, 62]"
2019-06-28 10:40:00,HOLDINGS_UPDATED,"{'CASH': 473715, 'JPM': 95}"
2019-06-28 10:41:00,BID_DEPTH,"[(100554, 565)]"
2019-06-28 10:41:00,ASK_DEPTH,"[(100731, 434)]"
2019-06-28 10:41:00,IMBALANCE,"[565, 434]"
2019-06-28 10:41:00,HOLDINGS_UPDATED,"{'CASH': -29940, 'JPM': 100}"
2019-06-28 10:42:00,BID_DEPTH,"[(100554, 193)]"
2019-06-28 10:42:00,ASK_DEPTH,"[(101151, 62)]"
2019-06-28 10:42:00,IMBALANCE,"[193, 62]"
2019-06-28 10:42:00,HOLDINGS_UPDATED,"{'CASH': -535695, 'JPM': 105}"
2019-06-28 10:43:00,BID_DEPTH,"[(101151, 332)]"
2019-06-28 10:43:00,ASK_DEPTH,"[(101160, 201)]"
2019-06-28 10:43:00,IMBALANCE,"[332, 201]"
2019-06-28 10:43:00,HOLDINGS_UPDATED,"{'CASH': -1041495, 'JPM': 110}"
2019-06-28 10:44:00,BID_DEPTH,"[(101161, 216)]"
2019-06-28 10:44:00,ASK_DEPTH,"[(101253, 85)]"
2019-06-28 10:44:00,IMBALANCE,"[216, 85]"
2019-06-28 10:44:00,HOLDINGS_UPDATED,"{'CASH': -1547760, 'JPM': 115}"
2019-06-28 10:45:00,BID_DEPTH,"[(101151, 258)]"
2019-06-28 10:45:00,ASK_DEPTH,"[(101185, 127)]"
2019-06-28 10:45:00,IMBALANCE,"[258, 127]"
2019-06-28 10:45:00,HOLDINGS_UPDATED,"{'CASH': -2053685, 'JPM': 120}"
2019-06-28 10:46:00,BID_DEPTH,"[(100449, 216)]"
2019-06-28 10:46:00,ASK_DEPTH,"[(100737, 85)]"
2019-06-28 10:46:00,IMBALANCE,"[216, 85]"
2019-06-28 10:46:00,HOLDINGS_UPDATED,"{'CASH': -2557370, 'JPM': 125}"
2019-06-28 10:47:00,BID_DEPTH,"[(100449, 332)]"
2019-06-28 10:47:00,ASK_DEPTH,"[(101185, 201)]"
2019-06-28 10:47:00,IMBALANCE,"[332, 201]"
2019-06-28 10:47:00,HOLDINGS_UPDATED,"{'CASH': -3063295, 'JPM': 130}"
2019-06-28 10:48:00,BID_DEPTH,"[(100598, 193)]"
2019-06-28 10:48:00,ASK_DEPTH,"[(101339, 62)]"
2019-06-28 10:48:00,IMBALANCE,"[193, 62]"
2019-06-28 10:48:00,HOLDINGS_UPDATED,"{'CASH': -3569990, 'JPM': 135}"
2019-06-28 10:49:00,BID_DEPTH,"[(100598, 193)]"
2019-06-28 10:49:00,ASK_DEPTH,"[(101339, 162)]"
2019-06-28 10:49:00,IMBALANCE,"[193, 162]"
2019-06-28 10:49:00,HOLDINGS_UPDATED,"{'CASH': -4076685, 'JPM': 140}"
2019-06-28 10:50:00,BID_DEPTH,"[(100635, 565)]"
2019-06-28 10:50:00,ASK_DEPTH,"[(100663, 434)]"
2019-06-28 10:50:00,IMBALANCE,"[565, 434]"
2019-06-28 10:50:00,HOLDINGS_UPDATED,"{'CASH': -4580000, 'JPM': 145}"
2019-06-28 10:51:00,BID_DEPTH,"[(100663, 565)]"
2019-06-28 10:51:00,ASK_DEPTH,"[(101339, 398)]"
2019-06-28 10:51:00,IMBALANCE,"[565, 398]"
2019-06-28 10:51:00,HOLDINGS_UPDATED,"{'CASH': -5086695, 'JPM': 150}"
2019-06-28 10:52:00,BID_DEPTH,"[(100663, 565)]"
2019-06-28 10:52:00,ASK_DEPTH,"[(100812, 434)]"
2019-06-28 10:52:00,IMBALANCE,"[565, 434]"
2019-06-28 10:52:00,HOLDINGS_UPDATED,"{'CASH': -5590755, 'JPM': 155}"
2019-06-28 10:53:00,BID_DEPTH,"[(100635, 216)]"
2019-06-28 10:53:00,ASK_DEPTH,"[(100812, 85)]"
2019-06-28 10:53:00,IMBALANCE,"[216, 85]"
2019-06-28 10:53:00,HOLDINGS_UPDATED,"{'CASH': -6094815, 'JPM': 160}"
2019-06-28 10:54:00,BID_DEPTH,"[(100598, 332)]"
2019-06-28 10:54:00,ASK_DEPTH,"[(100654, 201)]"
2019-06-28 10:54:00,IMBALANCE,"[332, 201]"
2019-06-28 10:54:00,HOLDINGS_UPDATED,"{'CASH': -6598085, 'JPM': 165}"
2019-06-28 10:55:00,BID_DEPTH,"[(100320, 193)]"
2019-06-28 10:55:00,ASK_DEPTH,"[(100642, 62)]"
2019-06-28 10:55:00,IMBALANCE,"[193, 62]"
2019-06-28 10:55:00,HOLDINGS_UPDATED,"{'CASH': -7101295, 'JPM': 170}"
2019-06-28 10:56:00,BID_DEPTH,"[(100320, 332)]"
2019-06-28 10:56:00,ASK_DEPTH,"[(100425, 201)]"
2019-06-28 10:56:00,IMBALANCE,"[332, 201]"
2019-06-28 10:56:00,HOLDINGS_UPDATED,"{'CASH': -7603420, 'JPM': 175}"
2019-06-28 10:57:00,BID_DEPTH,"[(100425, 332)]"
2019-06-28 10:57:00,ASK_DEPTH,"[(100572, 201)]"
2019-06-28 10:57:00,IMBALANCE,"[332, 201]"
2019-06-28 10:57:00,HOLDINGS_UPDATED,"{'CASH': -8106280, 'JPM': 180}"
2019-06-28 10:58:00,BID_DEPTH,"[(100278, 216)]"
2019-06-28 10:58:00,ASK_DEPTH,"[(100425, 85)]"
2019-06-28 10:58:00,IMBALANCE,"[216, 85]"
2019-06-28 10:58:00,HOLDINGS_UPDATED,"{'CASH': -8608405, 'JPM': 185}"
2019-06-28 10:59:00,BID_DEPTH,"[(100278, 216)]"
2019-06-28 10:59:00,ASK_DEPTH,"[(100624, 85)]"
2019-06-28 10:59:00,IMBALANCE,"[216, 85]"
2019-06-28 10:59:00,HOLDINGS_UPDATED,"{'CASH': -9111525, 'JPM': 190}"
2019-06-28 11:00:00,BID_DEPTH,"[(100277, 258)]"
2019-06-28 11:00:00,ASK_DEPTH,"[(100339, 127)]"
2019-06-28 11:00:00,IMBALANCE,"[258, 127]"
2019-06-28 11:00:00,HOLDINGS_UPDATED,"{'CASH': -9613220, 'JPM': 195}"
2019-06-28 11:01:00,BID_DEPTH,"[(100199, 193)]"
2019-06-28 11:01:00,ASK_DEPTH,"[(100339, 62)]"
2019-06-28 11:01:00,IMBALANCE,"[193, 62]"
2019-06-28 11:01:00,HOLDINGS_UPDATED,"{'CASH': -10114915, 'JPM': 200}"
2019-06-28 11:02:00,BID_DEPTH,"[(100199, 332)]"
2019-06-28 11:02:00,ASK_DEPTH,"[(100340, 201)]"
2019-06-28 11:02:00,IMBALANCE,"[332, 201]"
2019-06-28 11:02:00,HOLDINGS_UPDATED,"{'CASH': -10616615, 'JPM': 205}"
2019-06-28 11:03:00,BID_DEPTH,"[(100053, 565)]"
2019-06-28 11:03:00,ASK_DEPTH,"[(100340, 434)]"
2019-06-28 11:03:00,IMBALANCE,"[565, 434]"
2019-06-28 11:03:00,HOLDINGS_UPDATED,"{'CASH': -11118315, 'JPM': 210}"
2019-06-28 11:04:00,BID_DEPTH,"[(100053, 258)]"
2019-06-28 11:04:00,ASK_DEPTH,"[(100196, 127)]"
2019-06-28 11:04:00,IMBALANCE,"[258, 127]"
2019-06-28 11:04:00,HOLDINGS_UPDATED,"{'CASH': -11619295, 'JPM': 215}"
2019-06-28 11:05:00,BID_DEPTH,"[(100196, 565)]"
2019-06-28 11:05:00,ASK_DEPTH,"[(100340, 634)]"
2019-06-28 11:05:00,IMBALANCE,"[565, 634]"
2019-06-28 11:05:00,HOLDINGS_UPDATED,"{'CASH': -12120995, 'JPM': 220}"
2019-06-28 11:06:00,BID_DEPTH,"[(100196, 193)]"
2019-06-28 11:06:00,ASK_DEPTH,"[(100340, 26)]"
2019-06-28 11:06:00,IMBALANCE,"[193, 26]"
2019-06-28 11:06:00,HOLDINGS_UPDATED,"{'CASH': -12622695, 'JPM': 225}"
2019-06-28 11:07:00,BID_DEPTH,"[(100568, 258)]"
2019-06-28 11:07:00,ASK_DEPTH,"[(100592, 127)]"
2019-06-28 11:07:00,IMBALANCE,"[258, 127]"
2019-06-28 11:07:00,HOLDINGS_UPDATED,"{'CASH': -13125655, 'JPM': 230}"
2019-06-28 11:08:00,BID_DEPTH,"[(100053, 193)]"
2019-06-28 11:08:00,ASK_DEPTH,"[(100577, 62)]"
2019-06-28 11:08:00,IMBALANCE,"[193, 62]"
2019-06-28 11:08:00,HOLDINGS_UPDATED,"{'CASH': -13628540, 'JPM': 235}"
2019-06-28 11:09:00,BID_DEPTH,"[(100535, 193)]"
2019-06-28 11:09:00,ASK_DEPTH,"[(100654, 62)]"
2019-06-28 11:09:00,IMBALANCE,"[193, 62]"
2019-06-28 11:09:00,HOLDINGS_UPDATED,"{'CASH': -14131810, 'JPM': 240}"
2019-06-28 11:10:00,BID_DEPTH,"[(100477, 193)]"
2019-06-28 11:10:00,ASK_DEPTH,"[(100661, 62)]"
2019-06-28 11:10:00,IMBALANCE,"[193, 62]"
2019-06-28 11:10:00,HOLDINGS_UPDATED,"{'CASH': -14635115, 'JPM': 245}"
2019-06-28 11:11:00,BID_DEPTH,"[(100477, 85)]"
2019-06-28 11:11:00,ASK_DEPTH,"[(100623, 216)]"
2019-06-28 11:11:00,IMBALANCE,"[85, 216]"
2019-06-28 11:11:00,HOLDINGS_UPDATED,"{'CASH': -14132730, 'JPM': 240}"
2019-06-28 11:12:00,BID_DEPTH,"[(100500, 85)]"
2019-06-28 11:12:00,ASK_DEPTH,"[(100572, 216)]"
2019-06-28 11:12:00,IMBALANCE,"[85, 216]"
2019-06-28 11:12:00,HOLDINGS_UPDATED,"{'CASH': -13630230, 'JPM': 235}"
2019-06-28 11:13:00,BID_DEPTH,"[(100500, 127)]"
2019-06-28 11:13:00,ASK_DEPTH,"[(100612, 258)]"
2019-06-28 11:13:00,IMBALANCE,"[127, 258]"
2019-06-28 11:13:00,HOLDINGS_UPDATED,"{'CASH': -13127730, 'JPM': 230}"
2019-06-28 11:14:00,BID_DEPTH,"[(100612, 85)]"
2019-06-28 11:14:00,ASK_DEPTH,"[(100721, 216)]"
2019-06-28 11:14:00,IMBALANCE,"[85, 216]"
2019-06-28 11:14:00,HOLDINGS_UPDATED,"{'CASH': -12624670, 'JPM': 225}"
2019-06-28 11:15:00,BID_DEPTH,"[(100612, 434)]"
2019-06-28 11:15:00,ASK_DEPTH,"[(100721, 565)]"
2019-06-28 11:15:00,IMBALANCE,"[434, 565]"
2019-06-28 11:15:00,HOLDINGS_UPDATED,"{'CASH': -12121610, 'JPM': 220}"
2019-06-28 11:16:00,BID_DEPTH,"[(100053, 62)]"
2019-06-28 11:16:00,ASK_DEPTH,"[(100612, 193)]"
2019-06-28 11:16:00,IMBALANCE,"[62, 193]"
2019-06-28 11:16:00,HOLDINGS_UPDATED,"{'CASH': -11621345, 'JPM': 215}"
2019-06-28 11:17:00,BID_DEPTH,"[(99888, 62)]"
2019-06-28 11:17:00,ASK_DEPTH,"[(100612, 193)]"
2019-06-28 11:17:00,IMBALANCE,"[62, 193]"
2019-06-28 11:17:00,HOLDINGS_UPDATED,"{'CASH': -11121905, 'JPM': 210}"
2019-06-28 11:18:00,BID_DEPTH,"[(99863, 434)]"
2019-06-28 11:18:00,ASK_DEPTH,"[(100612, 565)]"
2019-06-28 11:18:00,IMBALANCE,"[434, 565]"
2019-06-28 11:18:00,HOLDINGS_UPDATED,"{'CASH': -10622590, 'JPM': 205}"
2019-06-28 11:19:00,BID_DEPTH,"[(99809, 127)]"
2019-06-28 11:19:00,ASK_DEPTH,"[(99863, 358)]"
2019-06-28 11:19:00,IMBALANCE,"[127, 358]"
2019-06-28 11:19:00,HOLDINGS_UPDATED,"{'CASH': -10123545, 'JPM': 200}"
2019-06-28 11:20:00,BID_DEPTH,"[(99673, 434)]"
2019-06-28 11:20:00,ASK_DEPTH,"[(99863, 562)]"
2019-06-28 11:20:00,IMBALANCE,"[434, 562]"
2019-06-28 11:20:00,HOLDINGS_UPDATED,"{'CASH': -9625180, 'JPM': 195}"
2019-06-28 11:21:00,BID_DEPTH,"[(99673, 85)]"
2019-06-28 11:21:00,ASK_DEPTH,"[(99863, 210)]"
2019-06-28 11:21:00,IMBALANCE,"[85, 210]"
2019-06-28 11:21:00,HOLDINGS_UPDATED,"{'CASH': -9126815, 'JPM': 190}"
2019-06-28 11:22:00,BID_DEPTH,"[(99635, 127)]"
2019-06-28 11:22:00,ASK_DEPTH,"[(100433, 258)]"
2019-06-28 11:22:00,IMBALANCE,"[127, 258]"
2019-06-28 11:22:00,HOLDINGS_UPDATED,"{'CASH': -8628640, 'JPM': 185}"
2019-06-28 11:23:00,BID_DEPTH,"[(100343, 62)]"
2019-06-28 11:23:00,ASK_DEPTH,"[(100433, 190)]"
2019-06-28 11:23:00,IMBALANCE,"[62, 190]"
2019-06-28 11:23:00,HOLDINGS_UPDATED,"{'CASH': -8126925, 'JPM': 180}"
2019-06-28 11:24:00,BID_DEPTH,"[(99635, 62)]"
2019-06-28 11:24:00,ASK_DEPTH,"[(100433, 187)]"
2019-06-28 11:24:00,IMBALANCE,"[62, 187]"
2019-06-28 11:24:00,HOLDINGS_UPDATED,"{'CASH': -7628750, 'JPM': 175}"
2019-06-28 11:25:00,BID_DEPTH,"[(99774, 434)]"
2019-06-28 11:25:00,ASK_DEPTH,"[(99847, 565)]"
2019-06-28 11:25:00,IMBALANCE,"[434, 565]"
2019-06-28 11:25:00,HOLDINGS_UPDATED,"{'CASH': -7129880, 'JPM': 170}"
2019-06-28 11:26:00,BID_DEPTH,"[(99386, 62)]"
2019-06-28 11:26:00,ASK_DEPTH,"[(99565, 193)]"
2019-06-28 11:26:00,IMBALANCE,"[62, 193]"
2019-06-28 11:26:00,HOLDINGS_UPDATED,"{'CASH': -6632950, 'JPM': 165}"
2019-06-28 11:27:00,BID_DEPTH,"[(99400, 62)]"
2019-06-28 11:27:00,ASK_DEPTH,"[(99565, 193)]"
2019-06-28 11:27:00,IMBALANCE,"[62, 193]"
2019-06-28 11:27:00,HOLDINGS_UPDATED,"{'CASH': -6135950, 'JPM': 160}"
2019-06-28 11:28:00,BID_DEPTH,"[(99362, 201)]"
2019-06-28 11:28:00,ASK_DEPTH,"[(99565, 332)]"
2019-06-28 11:28:00,IMBALANCE,"[201, 332]"
2019-06-28 11:28:00,HOLDINGS_UPDATED,"{'CASH': -5639140, 'JPM': 155}"
2019-06-28 11:29:00,BID_DEPTH,"[(99330, 201)]"
2019-06-28 11:29:00,ASK_DEPTH,"[(99565, 429)]"
2019-06-28 11:29:00,IMBALANCE,"[201, 429]"
2019-06-28 11:29:00,HOLDINGS_UPDATED,"{'CASH': -5142490, 'JPM': 150}"
2019-06-28 11:30:00,BID_DEPTH,"[(99488, 62)]"
2019-06-28 11:30:00,ASK_DEPTH,"[(99565, 287)]"
2019-06-28 11:30:00,IMBALANCE,"[62, 287]"
2019-06-28 11:30:00,HOLDINGS_UPDATED,"{'CASH': -4645050, 'JPM': 145}"
2019-06-28 11:31:00,BID_DEPTH,"[(99522, 434)]"
2019-06-28 11:31:00,ASK_DEPTH,"[(99565, 556)]"
2019-06-28 11:31:00,IMBALANCE,"[434, 556]"
2019-06-28 11:31:00,HOLDINGS_UPDATED,"{'CASH': -4147440, 'JPM': 140}"
2019-06-28 11:32:00,BID_DEPTH,"[(99266, 62)]"
2019-06-28 11:32:00,ASK_DEPTH,"[(99565, 281)]"
2019-06-28 11:32:00,IMBALANCE,"[62, 281]"
2019-06-28 11:32:00,HOLDINGS_UPDATED,"{'CASH': -3651110, 'JPM': 135}"
2019-06-28 11:33:00,BID_DEPTH,"[(99186, 62)]"
2019-06-28 11:33:00,ASK_DEPTH,"[(99266, 136)]"
2019-06-28 11:33:00,IMBALANCE,"[62, 136]"
2019-06-28 11:33:00,HOLDINGS_UPDATED,"{'CASH': -3155180, 'JPM': 130}"
2019-06-28 11:34:00,BID_DEPTH,"[(98997, 201)]"
2019-06-28 11:34:00,ASK_DEPTH,"[(99077, 332)]"
2019-06-28 11:34:00,IMBALANCE,"[201, 332]"
2019-06-28 11:34:00,HOLDINGS_UPDATED,"{'CASH': -2660195, 'JPM': 125}"
2019-06-28 11:35:00,BID_DEPTH,"[(98997, 127)]"
2019-06-28 11:35:00,ASK_DEPTH,"[(99077, 255)]"
2019-06-28 11:35:00,IMBALANCE,"[127, 255]"
2019-06-28 11:35:00,HOLDINGS_UPDATED,"{'CASH': -2165210, 'JPM': 120}"
2019-06-28 11:36:00,BID_DEPTH,"[(98997, 201)]"
2019-06-28 11:36:00,ASK_DEPTH,"[(99186, 275)]"
2019-06-28 11:36:00,IMBALANCE,"[201, 275]"
2019-06-28 11:36:00,HOLDINGS_UPDATED,"{'CASH': -1670225, 'JPM': 115}"
2019-06-28 11:37:00,BID_DEPTH,"[(99186, 401)]"
2019-06-28 11:37:00,ASK_DEPTH,"[(99198, 565)]"
2019-06-28 11:37:00,IMBALANCE,"[401, 565]"
2019-06-28 11:37:00,HOLDINGS_UPDATED,"{'CASH': -1174295, 'JPM': 110}"
2019-06-28 11:38:00,BID_DEPTH,"[(99198, 162)]"
2019-06-28 11:38:00,ASK_DEPTH,"[(99356, 193)]"
2019-06-28 11:38:00,IMBALANCE,"[162, 193]"
2019-06-28 11:38:00,HOLDINGS_UPDATED,"{'CASH': -678305, 'JPM': 105}"
2019-06-28 11:39:00,BID_DEPTH,"[(99198, 62)]"
2019-06-28 11:39:00,ASK_DEPTH,"[(99356, 190)]"
2019-06-28 11:39:00,IMBALANCE,"[62, 190]"
2019-06-28 11:39:00,HOLDINGS_UPDATED,"{'CASH': -182315, 'JPM': 100}"
2019-06-28 11:40:00,BID_DEPTH,"[(99065, 62)]"
2019-06-28 11:40:00,ASK_DEPTH,"[(99132, 193)]"
2019-06-28 11:40:00,IMBALANCE,"[62, 193]"
2019-06-28 11:40:00,HOLDINGS_UPDATED,"{'CASH': 313010, 'JPM': 95}"
2019-06-28 11:41:00,BID_DEPTH,"[(99101, 201)]"
2019-06-28 11:41:00,ASK_DEPTH,"[(99356, 526)]"
2019-06-28 11:41:00,IMBALANCE,"[201, 526]"
2019-06-28 11:41:00,HOLDINGS_UPDATED,"{'CASH': 808515, 'JPM': 90}"
2019-06-28 11:42:00,BID_DEPTH,"[(98994, 201)]"
2019-06-28 11:42:00,ASK_DEPTH,"[(99356, 523)]"
2019-06-28 11:42:00,IMBALANCE,"[201, 523]"
2019-06-28 11:42:00,HOLDINGS_UPDATED,"{'CASH': 1303485, 'JPM': 85}"
2019-06-28 11:43:00,BID_DEPTH,"[(98598, 434)]"
2019-06-28 11:43:00,ASK_DEPTH,"[(99356, 753)]"
2019-06-28 11:43:00,IMBALANCE,"[434, 753]"
2019-06-28 11:43:00,HOLDINGS_UPDATED,"{'CASH': 1796475, 'JPM': 80}"
2019-06-28 11:44:00,BID_DEPTH,"[(98784, 62)]"
2019-06-28 11:44:00,ASK_DEPTH,"[(98909, 193)]"
2019-06-28 11:44:00,IMBALANCE,"[62, 193]"
2019-06-28 11:44:00,HOLDINGS_UPDATED,"{'CASH': 2290395, 'JPM': 75}"
2019-06-28 11:45:00,BID_DEPTH,"[(98751, 201)]"
2019-06-28 11:45:00,ASK_DEPTH,"[(98784, 275)]"
2019-06-28 11:45:00,IMBALANCE,"[201, 275]"
2019-06-28 11:45:00,HOLDINGS_UPDATED,"{'CASH': 2784150, 'JPM': 70}"
2019-06-28 11:46:00,BID_DEPTH,"[(98525, 434)]"
2019-06-28 11:46:00,ASK_DEPTH,"[(98919, 565)]"
2019-06-28 11:46:00,IMBALANCE,"[434, 565]"
2019-06-28 11:46:00,HOLDINGS_UPDATED,"{'CASH': 3276775, 'JPM': 65}"
2019-06-28 11:47:00,BID_DEPTH,"[(98918, 110)]"
2019-06-28 11:47:00,ASK_DEPTH,"[(98919, 6)]"
2019-06-28 11:47:00,IMBALANCE,"[110, 6]"
2019-06-28 11:47:00,HOLDINGS_UPDATED,"{'CASH': 3771365, 'JPM': 60}"
2019-06-28 11:48:00,BID_DEPTH,"[(98919, 431)]"
2019-06-28 11:48:00,ASK_DEPTH,"[(99356, 550)]"
2019-06-28 11:48:00,IMBALANCE,"[431, 550]"
2019-06-28 11:48:00,HOLDINGS_UPDATED,"{'CASH': 4265960, 'JPM': 55}"
2019-06-28 11:49:00,BID_DEPTH,[]
2019-06-28 11:49:00,ASK_DEPTH,"[(99496, 100)]"
2019-06-28 11:49:00,IMBALANCE,"[0, 100]"
2019-06-28 11:50:00,BID_DEPTH,[]
2019-06-28 11:50:00,ASK_DEPTH,"[(99625, 100)]"
2019-06-28 11:50:00,IMBALANCE,"[0, 100]"
2019-06-28 11:51:00,BID_DEPTH,[]
2019-06-28 11:51:00,ASK_DEPTH,"[(99624, 100)]"
2019-06-28 11:51:00,IMBALANCE,"[0, 100]"
2019-06-28 11:52:00,BID_DEPTH,"[(99276, 127)]"
2019-06-28 11:52:00,ASK_DEPTH,"[(99476, 458)]"
2019-06-28 11:52:00,IMBALANCE,"[127, 458]"
2019-06-28 11:52:00,HOLDINGS_UPDATED,"{'CASH': 4762340, 'JPM': 50}"
2019-06-28 11:53:00,BID_DEPTH,"[(99276, 401)]"
2019-06-28 11:53:00,ASK_DEPTH,"[(99444, 332)]"
2019-06-28 11:53:00,IMBALANCE,"[401, 332]"
2019-06-28 11:53:00,HOLDINGS_UPDATED,"{'CASH': 5258720, 'JPM': 45}"
2019-06-28 11:54:00,BID_DEPTH,"[(99276, 165)]"
2019-06-28 11:54:00,ASK_DEPTH,"[(99369, 332)]"
2019-06-28 11:54:00,IMBALANCE,"[165, 332]"
2019-06-28 11:54:00,HOLDINGS_UPDATED,"{'CASH': 5755100, 'JPM': 40}"
2019-06-28 11:55:00,BID_DEPTH,"[(99266, 85)]"
2019-06-28 11:55:00,ASK_DEPTH,"[(99369, 213)]"
2019-06-28 11:55:00,IMBALANCE,"[85, 213]"
2019-06-28 11:55:00,HOLDINGS_UPDATED,"{'CASH': 6251430, 'JPM': 35}"
2019-06-28 11:56:00,BID_DEPTH,"[(98666, 62)]"
2019-06-28 11:56:00,ASK_DEPTH,"[(99266, 193)]"
2019-06-28 11:56:00,IMBALANCE,"[62, 193]"
2019-06-28 11:56:00,HOLDINGS_UPDATED,"{'CASH': 6744760, 'JPM': 30}"
2019-06-28 11:57:00,BID_DEPTH,"[(98086, 201)]"
2019-06-28 11:57:00,ASK_DEPTH,"[(99266, 332)]"
2019-06-28 11:57:00,IMBALANCE,"[201, 332]"
2019-06-28 11:57:00,HOLDINGS_UPDATED,"{'CASH': 7235190, 'JPM': 25}"
2019-06-28 11:58:00,BID_DEPTH,[]
2019-06-28 11:58:00,ASK_DEPTH,"[(99266, 100)]"
2019-06-28 11:58:00,IMBALANCE,"[0, 100]"
2019-06-28 11:59:00,BID_DEPTH,"[(99029, 127)]"
2019-06-28 11:59:00,ASK_DEPTH,"[(99266, 258)]"
2019-06-28 11:59:00,IMBALANCE,"[127, 258]"
2019-06-28 11:59:00,HOLDINGS_UPDATED,"{'CASH': 7730335, 'JPM': 20}"
2019-06-28 12:00:00,BID_DEPTH,"[(99029, 62)]"
2019-06-28 12:00:00,ASK_DEPTH,"[(99269, 193)]"
2019-06-28 12:00:00,IMBALANCE,"[62, 193]"
2019-06-28 12:00:00,HOLDINGS_UPDATED,"{'CASH': 8225480, 'JPM': 15}"
2019-06-28 12:01:00,BID_DEPTH,"[(99082, 201)]"
2019-06-28 12:01:00,ASK_DEPTH,"[(99269, 332)]"
2019-06-28 12:01:00,IMBALANCE,"[201, 332]"
2019-06-28 12:01:00,HOLDINGS_UPDATED,"{'CASH': 8720890, 'JPM': 10}"
2019-06-28 12:02:00,BID_DEPTH,"[(99006, 127)]"
2019-06-28 12:02:00,ASK_DEPTH,"[(99269, 258)]"
2019-06-28 12:02:00,IMBALANCE,"[127, 258]"
2019-06-28 12:02:00,HOLDINGS_UPDATED,"{'CASH': 9215920, 'JPM': 5}"
2019-06-28 12:03:00,BID_DEPTH,"[(99006, 62)]"
2019-06-28 12:03:00,ASK_DEPTH,"[(99269, 193)]"
2019-06-28 12:03:00,IMBALANCE,"[62, 193]"
2019-06-28 12:03:00,HOLDINGS_UPDATED,{'CASH': 9710950}
2019-06-28 12:04:00,BID_DEPTH,"[(99006, 85)]"
2019-06-28 12:04:00,ASK_DEPTH,"[(99369, 213)]"
2019-06-28 12:04:00,IMBALANCE,"[85, 213]"
2019-06-28 12:04:00,HOLDINGS_UPDATED,"{'CASH': 10205980, 'JPM': -5}"
2019-06-28 12:05:00,BID_DEPTH,"[(99369, 534)]"
2019-06-28 12:05:00,ASK_DEPTH,"[(99444, 565)]"
2019-06-28 12:05:00,IMBALANCE,"[534, 565]"
2019-06-28 12:05:00,HOLDINGS_UPDATED,"{'CASH': 10702825, 'JPM': -10}"
2019-06-28 12:06:00,BID_DEPTH,"[(99369, 165)]"
2019-06-28 12:06:00,ASK_DEPTH,"[(99714, 332)]"
2019-06-28 12:06:00,IMBALANCE,"[165, 332]"
2019-06-28 12:06:00,HOLDINGS_UPDATED,"{'CASH': 11199670, 'JPM': -15}"
2019-06-28 12:07:00,BID_DEPTH,"[(99006, 534)]"
2019-06-28 12:07:00,ASK_DEPTH,"[(100265, 565)]"
2019-06-28 12:07:00,IMBALANCE,"[534, 565]"
2019-06-28 12:07:00,HOLDINGS_UPDATED,"{'CASH': 11694700, 'JPM': -20}"
2019-06-28 12:08:00,BID_DEPTH,"[(99006, 149)]"
2019-06-28 12:08:00,ASK_DEPTH,"[(100265, 216)]"
2019-06-28 12:08:00,IMBALANCE,"[149, 216]"
2019-06-28 12:08:00,HOLDINGS_UPDATED,"{'CASH': 12189730, 'JPM': -25}"
2019-06-28 12:09:00,BID_DEPTH,"[(99006, 155)]"
2019-06-28 12:09:00,ASK_DEPTH,"[(100054, 258)]"
2019-06-28 12:09:00,IMBALANCE,"[155, 258]"
2019-06-28 12:09:00,HOLDINGS_UPDATED,"{'CASH': 12684760, 'JPM': -30}"
2019-06-28 12:10:00,BID_DEPTH,"[(99961, 85)]"
2019-06-28 12:10:00,ASK_DEPTH,"[(100265, 216)]"
2019-06-28 12:10:00,IMBALANCE,"[85, 216]"
2019-06-28 12:10:00,HOLDINGS_UPDATED,"{'CASH': 13184565, 'JPM': -35}"
2019-06-28 12:11:00,BID_DEPTH,"[(100075, 62)]"
2019-06-28 12:11:00,ASK_DEPTH,"[(100265, 193)]"
2019-06-28 12:11:00,IMBALANCE,"[62, 193]"
2019-06-28 12:11:00,HOLDINGS_UPDATED,"{'CASH': 13684940, 'JPM': -40}"
2019-06-28 12:12:00,BID_DEPTH,"[(100075, 332)]"
2019-06-28 12:12:00,ASK_DEPTH,"[(100304, 201)]"
2019-06-28 12:12:00,IMBALANCE,"[332, 201]"
2019-06-28 12:12:00,HOLDINGS_UPDATED,"{'CASH': 13183420, 'JPM': -35}"
2019-06-28 12:13:00,BID_DEPTH,"[(99865, 565)]"
2019-06-28 12:13:00,ASK_DEPTH,"[(100270, 434)]"
2019-06-28 12:13:00,IMBALANCE,"[565, 434]"
2019-06-28 12:13:00,HOLDINGS_UPDATED,"{'CASH': 12682070, 'JPM': -30}"
2019-06-28 12:14:00,BID_DEPTH,"[(99006, 565)]"
2019-06-28 12:14:00,ASK_DEPTH,"[(100270, 434)]"
2019-06-28 12:14:00,IMBALANCE,"[565, 434]"
2019-06-28 12:14:00,HOLDINGS_UPDATED,"{'CASH': 12180720, 'JPM': -25}"
2019-06-28 12:15:00,BID_DEPTH,"[(100304, 293)]"
2019-06-28 12:15:00,ASK_DEPTH,"[(100495, 62)]"
2019-06-28 12:15:00,IMBALANCE,"[293, 62]"
2019-06-28 12:15:00,HOLDINGS_UPDATED,"{'CASH': 11678245, 'JPM': -20}"
2019-06-28 12:16:00,BID_DEPTH,"[(100599, 332)]"
2019-06-28 12:16:00,ASK_DEPTH,"[(100779, 201)]"
2019-06-28 12:16:00,IMBALANCE,"[332, 201]"
2019-06-28 12:16:00,HOLDINGS_UPDATED,"{'CASH': 11174350, 'JPM': -15}"
2019-06-28 12:17:00,BID_DEPTH,"[(100304, 290)]"
2019-06-28 12:17:00,ASK_DEPTH,"[(100384, 62)]"
2019-06-28 12:17:00,IMBALANCE,"[290, 62]"
2019-06-28 12:17:00,HOLDINGS_UPDATED,"{'CASH': 10672430, 'JPM': -10}"
2019-06-28 12:18:00,BID_DEPTH,"[(100304, 287)]"
2019-06-28 12:18:00,ASK_DEPTH,"[(100376, 62)]"
2019-06-28 12:18:00,IMBALANCE,"[287, 62]"
2019-06-28 12:18:00,HOLDINGS_UPDATED,"{'CASH': 10170550, 'JPM': -5}"
2019-06-28 12:19:00,BID_DEPTH,"[(100304, 556)]"
2019-06-28 12:19:00,ASK_DEPTH,"[(100425, 434)]"
2019-06-28 12:19:00,IMBALANCE,"[556, 434]"
2019-06-28 12:19:00,HOLDINGS_UPDATED,{'CASH': 9668425}
2019-06-28 12:20:00,BID_DEPTH,"[(100083, 565)]"
2019-06-28 12:20:00,ASK_DEPTH,"[(100599, 434)]"
2019-06-28 12:20:00,IMBALANCE,"[565, 434]"
2019-06-28 12:20:00,HOLDINGS_UPDATED,"{'CASH': 9165430, 'JPM': 5}"
2019-06-28 12:21:00,BID_DEPTH,"[(100083, 255)]"
2019-06-28 12:21:00,ASK_DEPTH,"[(100284, 127)]"
2019-06-28 12:21:00,IMBALANCE,"[255, 127]"
2019-06-28 12:21:00,HOLDINGS_UPDATED,"{'CASH': 8664010, 'JPM': 10}"
2019-06-28 12:22:00,BID_DEPTH,"[(100329, 193)]"
2019-06-28 12:22:00,ASK_DEPTH,"[(100562, 62)]"
2019-06-28 12:22:00,IMBALANCE,"[193, 62]"
2019-06-28 12:22:00,HOLDINGS_UPDATED,"{'CASH': 8161200, 'JPM': 15}"
2019-06-28 12:23:00,BID_DEPTH,"[(100329, 213)]"
2019-06-28 12:23:00,ASK_DEPTH,"[(100562, 85)]"
2019-06-28 12:23:00,IMBALANCE,"[213, 85]"
2019-06-28 12:23:00,HOLDINGS_UPDATED,"{'CASH': 7658390, 'JPM': 20}"
2019-06-28 12:24:00,BID_DEPTH,"[(99769, 193)]"
2019-06-28 12:24:00,ASK_DEPTH,"[(100562, 62)]"
2019-06-28 12:24:00,IMBALANCE,"[193, 62]"
2019-06-28 12:24:00,HOLDINGS_UPDATED,"{'CASH': 7155580, 'JPM': 25}"
2019-06-28 12:25:00,BID_DEPTH,"[(99713, 258)]"
2019-06-28 12:25:00,ASK_DEPTH,"[(100599, 127)]"
2019-06-28 12:25:00,IMBALANCE,"[258, 127]"
2019-06-28 12:25:00,HOLDINGS_UPDATED,"{'CASH': 6652585, 'JPM': 30}"
2019-06-28 12:26:00,BID_DEPTH,"[(99917, 332)]"
2019-06-28 12:26:00,ASK_DEPTH,"[(100013, 201)]"
2019-06-28 12:26:00,IMBALANCE,"[332, 201]"
2019-06-28 12:26:00,HOLDINGS_UPDATED,"{'CASH': 6152520, 'JPM': 35}"
2019-06-28 12:27:00,BID_DEPTH,"[(99925, 216)]"
2019-06-28 12:27:00,ASK_DEPTH,"[(100177, 85)]"
2019-06-28 12:27:00,IMBALANCE,"[216, 85]"
2019-06-28 12:27:00,HOLDINGS_UPDATED,"{'CASH': 5651635, 'JPM': 40}"
2019-06-28 12:28:00,BID_DEPTH,"[(100017, 258)]"
2019-06-28 12:28:00,ASK_DEPTH,"[(100405, 127)]"
2019-06-28 12:28:00,IMBALANCE,"[258, 127]"
2019-06-28 12:28:00,HOLDINGS_UPDATED,"{'CASH': 5149610, 'JPM': 45}"
2019-06-28 12:29:00,BID_DEPTH,"[(100270, 216)]"
2019-06-28 12:29:00,ASK_DEPTH,"[(100405, 85)]"
2019-06-28 12:29:00,IMBALANCE,"[216, 85]"
2019-06-28 12:29:00,HOLDINGS_UPDATED,"{'CASH': 4647585, 'JPM': 50}"
2019-06-28 12:30:00,BID_DEPTH,"[(100156, 258)]"
2019-06-28 12:30:00,ASK_DEPTH,"[(100169, 127)]"
2019-06-28 12:30:00,IMBALANCE,"[258, 127]"
2019-06-28 12:30:00,HOLDINGS_UPDATED,"{'CASH': 4146740, 'JPM': 55}"
2019-06-28 12:31:00,BID_DEPTH,"[(100156, 213)]"
2019-06-28 12:31:00,ASK_DEPTH,"[(100166, 85)]"
2019-06-28 12:31:00,IMBALANCE,"[213, 85]"
2019-06-28 12:31:00,HOLDINGS_UPDATED,"{'CASH': 3645910, 'JPM': 60}"
2019-06-28 12:32:00,BID_DEPTH,"[(99925, 355)]"
2019-06-28 12:32:00,ASK_DEPTH,"[(100166, 127)]"
2019-06-28 12:32:00,IMBALANCE,"[355, 127]"
2019-06-28 12:32:00,HOLDINGS_UPDATED,"{'CASH': 3145080, 'JPM': 65}"
2019-06-28 12:33:00,BID_DEPTH,"[(100305, 565)]"
2019-06-28 12:33:00,ASK_DEPTH,"[(100599, 434)]"
2019-06-28 12:33:00,IMBALANCE,"[565, 434]"
2019-06-28 12:33:00,HOLDINGS_UPDATED,"{'CASH': 2642085, 'JPM': 70}"
2019-06-28 12:34:00,BID_DEPTH,"[(100305, 213)]"
2019-06-28 12:34:00,ASK_DEPTH,"[(100599, 185)]"
2019-06-28 12:34:00,IMBALANCE,"[213, 185]"
2019-06-28 12:34:00,HOLDINGS_UPDATED,"{'CASH': 2139090, 'JPM': 75}"
2019-06-28 12:35:00,BID_DEPTH,"[(100305, 559)]"
2019-06-28 12:35:00,ASK_DEPTH,"[(100427, 434)]"
2019-06-28 12:35:00,IMBALANCE,"[559, 434]"
2019-06-28 12:35:00,HOLDINGS_UPDATED,"{'CASH': 1636955, 'JPM': 80}"
2019-06-28 12:36:00,BID_DEPTH,"[(100200, 258)]"
2019-06-28 12:36:00,ASK_DEPTH,"[(100305, 227)]"
2019-06-28 12:36:00,IMBALANCE,"[258, 227]"
2019-06-28 12:36:00,HOLDINGS_UPDATED,"{'CASH': 1135430, 'JPM': 85}"
2019-06-28 12:37:00,BID_DEPTH,"[(100000, 258)]"
2019-06-28 12:37:00,ASK_DEPTH,"[(100200, 227)]"
2019-06-28 12:37:00,IMBALANCE,"[258, 227]"
2019-06-28 12:37:00,HOLDINGS_UPDATED,"{'CASH': 634430, 'JPM': 90}"
2019-06-28 12:38:00,BID_DEPTH,"[(99930, 258)]"
2019-06-28 12:38:00,ASK_DEPTH,"[(100000, 127)]"
2019-06-28 12:38:00,IMBALANCE,"[258, 127]"
2019-06-28 12:38:00,HOLDINGS_UPDATED,"{'CASH': 134430, 'JPM': 95}"
2019-06-28 12:39:00,BID_DEPTH,"[(99959, 216)]"
2019-06-28 12:39:00,ASK_DEPTH,"[(100026, 85)]"
2019-06-28 12:39:00,IMBALANCE,"[216, 85]"
2019-06-28 12:39:00,HOLDINGS_UPDATED,"{'CASH': -365700, 'JPM': 100}"
2019-06-28 12:40:00,BID_DEPTH,"[(100147, 332)]"
2019-06-28 12:40:00,ASK_DEPTH,"[(100199, 201)]"
2019-06-28 12:40:00,IMBALANCE,"[332, 201]"
2019-06-28 12:40:00,HOLDINGS_UPDATED,"{'CASH': -866695, 'JPM': 105}"
2019-06-28 12:41:00,BID_DEPTH,"[(100198, 565)]"
2019-06-28 12:41:00,ASK_DEPTH,"[(100323, 434)]"
2019-06-28 12:41:00,IMBALANCE,"[565, 434]"
2019-06-28 12:41:00,HOLDINGS_UPDATED,"{'CASH': -1368310, 'JPM': 110}"
2019-06-28 12:42:00,BID_DEPTH,"[(100213, 565)]"
2019-06-28 12:42:00,ASK_DEPTH,"[(100334, 434)]"
2019-06-28 12:42:00,IMBALANCE,"[565, 434]"
2019-06-28 12:42:00,HOLDINGS_UPDATED,"{'CASH': -1869980, 'JPM': 115}"
2019-06-28 12:43:00,BID_DEPTH,"[(100213, 762)]"
2019-06-28 12:43:00,ASK_DEPTH,"[(100361, 434)]"
2019-06-28 12:43:00,IMBALANCE,"[762, 434]"
2019-06-28 12:43:00,HOLDINGS_UPDATED,"{'CASH': -2371785, 'JPM': 120}"
2019-06-28 12:44:00,BID_DEPTH,"[(100213, 529)]"
2019-06-28 12:44:00,ASK_DEPTH,"[(100599, 201)]"
2019-06-28 12:44:00,IMBALANCE,"[529, 201]"
2019-06-28 12:44:00,HOLDINGS_UPDATED,"{'CASH': -2874780, 'JPM': 125}"
2019-06-28 12:45:00,BID_DEPTH,"[(100599, 258)]"
2019-06-28 12:45:00,ASK_DEPTH,"[(100757, 127)]"
2019-06-28 12:45:00,IMBALANCE,"[258, 127]"
2019-06-28 12:45:00,HOLDINGS_UPDATED,"{'CASH': -3378565, 'JPM': 130}"
2019-06-28 12:46:00,BID_DEPTH,"[(100351, 258)]"
2019-06-28 12:46:00,ASK_DEPTH,"[(100756, 127)]"
2019-06-28 12:46:00,IMBALANCE,"[258, 127]"
2019-06-28 12:46:00,HOLDINGS_UPDATED,"{'CASH': -3882345, 'JPM': 135}"
2019-06-28 12:47:00,BID_DEPTH,"[(100213, 762)]"
2019-06-28 12:47:00,ASK_DEPTH,"[(100756, 434)]"
2019-06-28 12:47:00,IMBALANCE,"[762, 434]"
2019-06-28 12:47:00,HOLDINGS_UPDATED,"{'CASH': -4386125, 'JPM': 140}"
2019-06-28 12:48:00,BID_DEPTH,"[(100185, 332)]"
2019-06-28 12:48:00,ASK_DEPTH,"[(100756, 201)]"
2019-06-28 12:48:00,IMBALANCE,"[332, 201]"
2019-06-28 12:48:00,HOLDINGS_UPDATED,"{'CASH': -4889905, 'JPM': 145}"
2019-06-28 12:49:00,BID_DEPTH,"[(100185, 216)]"
2019-06-28 12:49:00,ASK_DEPTH,"[(100756, 85)]"
2019-06-28 12:49:00,IMBALANCE,"[216, 85]"
2019-06-28 12:49:00,HOLDINGS_UPDATED,"{'CASH': -5393685, 'JPM': 150}"
2019-06-28 12:50:00,BID_DEPTH,"[(100185, 258)]"
2019-06-28 12:50:00,ASK_DEPTH,"[(100757, 227)]"
2019-06-28 12:50:00,IMBALANCE,"[258, 227]"
2019-06-28 12:50:00,HOLDINGS_UPDATED,"{'CASH': -5897470, 'JPM': 155}"
2019-06-28 12:51:00,BID_DEPTH,"[(100127, 332)]"
2019-06-28 12:51:00,ASK_DEPTH,"[(100185, 201)]"
2019-06-28 12:51:00,IMBALANCE,"[332, 201]"
2019-06-28 12:51:00,HOLDINGS_UPDATED,"{'CASH': -6398395, 'JPM': 160}"
2019-06-28 12:52:00,BID_DEPTH,"[(99930, 562)]"
2019-06-28 12:52:00,ASK_DEPTH,"[(100185, 434)]"
2019-06-28 12:52:00,IMBALANCE,"[562, 434]"
2019-06-28 12:52:00,HOLDINGS_UPDATED,"{'CASH': -6899320, 'JPM': 165}"
2019-06-28 12:53:00,BID_DEPTH,"[(99794, 258)]"
2019-06-28 12:53:00,ASK_DEPTH,"[(100184, 127)]"
2019-06-28 12:53:00,IMBALANCE,"[258, 127]"
2019-06-28 12:53:00,HOLDINGS_UPDATED,"{'CASH': -7400240, 'JPM': 170}"
2019-06-28 12:54:00,BID_DEPTH,"[(99794, 193)]"
2019-06-28 12:54:00,ASK_DEPTH,"[(100184, 62)]"
2019-06-28 12:54:00,IMBALANCE,"[193, 62]"
2019-06-28 12:54:00,HOLDINGS_UPDATED,"{'CASH': -7901160, 'JPM': 175}"
2019-06-28 12:55:00,BID_DEPTH,"[(99727, 565)]"
2019-06-28 12:55:00,ASK_DEPTH,"[(100184, 434)]"
2019-06-28 12:55:00,IMBALANCE,"[565, 434]"
2019-06-28 12:55:00,HOLDINGS_UPDATED,"{'CASH': -8402080, 'JPM': 180}"
2019-06-28 12:56:00,BID_DEPTH,"[(99019, 216)]"
2019-06-28 12:56:00,ASK_DEPTH,"[(100183, 185)]"
2019-06-28 12:56:00,IMBALANCE,"[216, 185]"
2019-06-28 12:56:00,HOLDINGS_UPDATED,"{'CASH': -8902995, 'JPM': 185}"
2019-06-28 12:57:00,BID_DEPTH,"[(98992, 434)]"
2019-06-28 12:57:00,ASK_DEPTH,"[(100182, 565)]"
2019-06-28 12:57:00,IMBALANCE,"[434, 565]"
2019-06-28 12:57:00,HOLDINGS_UPDATED,"{'CASH': -8408035, 'JPM': 180}"
2019-06-28 12:58:00,BID_DEPTH,"[(98910, 201)]"
2019-06-28 12:58:00,ASK_DEPTH,"[(99027, 332)]"
2019-06-28 12:58:00,IMBALANCE,"[201, 332]"
2019-06-28 12:58:00,HOLDINGS_UPDATED,"{'CASH': -7913485, 'JPM': 175}"
2019-06-28 12:59:00,BID_DEPTH,"[(98928, 85)]"
2019-06-28 12:59:00,ASK_DEPTH,"[(99026, 216)]"
2019-06-28 12:59:00,IMBALANCE,"[85, 216]"
2019-06-28 12:59:00,HOLDINGS_UPDATED,"{'CASH': -7418845, 'JPM': 170}"
2019-06-28 13:00:00,BID_DEPTH,"[(98893, 434)]"
2019-06-28 13:00:00,ASK_DEPTH,"[(99026, 565)]"
2019-06-28 13:00:00,IMBALANCE,"[434, 565]"
2019-06-28 13:00:00,HOLDINGS_UPDATED,"{'CASH': -6924380, 'JPM': 165}"
2019-06-28 13:01:00,BID_DEPTH,"[(98893, 534)]"
2019-06-28 13:01:00,ASK_DEPTH,"[(99026, 562)]"
2019-06-28 13:01:00,IMBALANCE,"[534, 562]"
2019-06-28 13:01:00,HOLDINGS_UPDATED,"{'CASH': -6429915, 'JPM': 160}"
2019-06-28 13:02:00,BID_DEPTH,"[(98861, 201)]"
2019-06-28 13:02:00,ASK_DEPTH,"[(99026, 426)]"
2019-06-28 13:02:00,IMBALANCE,"[201, 426]"
2019-06-28 13:02:00,HOLDINGS_UPDATED,"{'CASH': -5935610, 'JPM': 155}"
2019-06-28 13:03:00,BID_DEPTH,"[(98823, 434)]"
2019-06-28 13:03:00,ASK_DEPTH,"[(99026, 656)]"
2019-06-28 13:03:00,IMBALANCE,"[434, 656]"
2019-06-28 13:03:00,HOLDINGS_UPDATED,"{'CASH': -5441495, 'JPM': 150}"
2019-06-28 13:04:00,BID_DEPTH,"[(98812, 85)]"
2019-06-28 13:04:00,ASK_DEPTH,"[(99026, 304)]"
2019-06-28 13:04:00,IMBALANCE,"[85, 304]"
2019-06-28 13:04:00,HOLDINGS_UPDATED,"{'CASH': -4947435, 'JPM': 145}"
2019-06-28 13:05:00,BID_DEPTH,"[(98812, 434)]"
2019-06-28 13:05:00,ASK_DEPTH,"[(99026, 650)]"
2019-06-28 13:05:00,IMBALANCE,"[434, 650]"
2019-06-28 13:05:00,HOLDINGS_UPDATED,"{'CASH': -4453375, 'JPM': 140}"
2019-06-28 13:06:00,BID_DEPTH,"[(98776, 434)]"
2019-06-28 13:06:00,ASK_DEPTH,"[(99077, 565)]"
2019-06-28 13:06:00,IMBALANCE,"[434, 565]"
2019-06-28 13:06:00,HOLDINGS_UPDATED,"{'CASH': -3959495, 'JPM': 135}"
2019-06-28 13:07:00,BID_DEPTH,"[(98938, 127)]"
2019-06-28 13:07:00,ASK_DEPTH,"[(99170, 258)]"
2019-06-28 13:07:00,IMBALANCE,"[127, 258]"
2019-06-28 13:07:00,HOLDINGS_UPDATED,"{'CASH': -3464805, 'JPM': 130}"
2019-06-28 13:08:00,BID_DEPTH,"[(98683, 434)]"
2019-06-28 13:08:00,ASK_DEPTH,"[(98941, 565)]"
2019-06-28 13:08:00,IMBALANCE,"[434, 565]"
2019-06-28 13:08:00,HOLDINGS_UPDATED,"{'CASH': -2971390, 'JPM': 125}"
2019-06-28 13:09:00,BID_DEPTH,"[(98832, 201)]"
2019-06-28 13:09:00,ASK_DEPTH,"[(99170, 332)]"
2019-06-28 13:09:00,IMBALANCE,"[201, 332]"
2019-06-28 13:09:00,HOLDINGS_UPDATED,"{'CASH': -2477230, 'JPM': 120}"
2019-06-28 13:10:00,BID_DEPTH,"[(98656, 85)]"
2019-06-28 13:10:00,ASK_DEPTH,"[(99170, 213)]"
2019-06-28 13:10:00,IMBALANCE,"[85, 213]"
2019-06-28 13:10:00,HOLDINGS_UPDATED,"{'CASH': -1983950, 'JPM': 115}"
2019-06-28 13:11:00,BID_DEPTH,"[(98656, 227)]"
2019-06-28 13:11:00,ASK_DEPTH,"[(99014, 258)]"
2019-06-28 13:11:00,IMBALANCE,"[227, 258]"
2019-06-28 13:11:00,HOLDINGS_UPDATED,"{'CASH': -1490670, 'JPM': 110}"
2019-06-28 13:12:00,BID_DEPTH,"[(98656, 26)]"
2019-06-28 13:12:00,ASK_DEPTH,"[(99014, 190)]"
2019-06-28 13:12:00,IMBALANCE,"[26, 190]"
2019-06-28 13:12:00,HOLDINGS_UPDATED,"{'CASH': -997390, 'JPM': 105}"
2019-06-28 13:13:00,BID_DEPTH,"[(98563, 127)]"
2019-06-28 13:13:00,ASK_DEPTH,"[(98656, 237)]"
2019-06-28 13:13:00,IMBALANCE,"[127, 237]"
2019-06-28 13:13:00,HOLDINGS_UPDATED,"{'CASH': -504575, 'JPM': 100}"
2019-06-28 13:14:00,BID_DEPTH,"[(98288, 85)]"
2019-06-28 13:14:00,ASK_DEPTH,"[(98656, 192)]"
2019-06-28 13:14:00,IMBALANCE,"[85, 192]"
2019-06-28 13:14:00,HOLDINGS_UPDATED,"{'CASH': -13135, 'JPM': 95}"
2019-06-28 13:15:00,BID_DEPTH,"[(98455, 434)]"
2019-06-28 13:15:00,ASK_DEPTH,"[(98656, 538)]"
2019-06-28 13:15:00,IMBALANCE,"[434, 538]"
2019-06-28 13:15:00,HOLDINGS_UPDATED,"{'CASH': 479140, 'JPM': 90}"
2019-06-28 13:16:00,BID_DEPTH,"[(98480, 434)]"
2019-06-28 13:16:00,ASK_DEPTH,"[(98656, 535)]"
2019-06-28 13:16:00,IMBALANCE,"[434, 535]"
2019-06-28 13:16:00,HOLDINGS_UPDATED,"{'CASH': 971540, 'JPM': 85}"
2019-06-28 13:17:00,BID_DEPTH,"[(98221, 85)]"
2019-06-28 13:17:00,ASK_DEPTH,"[(98656, 183)]"
2019-06-28 13:17:00,IMBALANCE,"[85, 183]"
2019-06-28 13:17:00,HOLDINGS_UPDATED,"{'CASH': 1462645, 'JPM': 80}"
2019-06-28 13:18:00,BID_DEPTH,"[(97924, 201)]"
2019-06-28 13:18:00,ASK_DEPTH,"[(98656, 296)]"
2019-06-28 13:18:00,IMBALANCE,"[201, 296]"
2019-06-28 13:18:00,HOLDINGS_UPDATED,"{'CASH': 1952265, 'JPM': 75}"
2019-06-28 13:19:00,BID_DEPTH,"[(98096, 201)]"
2019-06-28 13:19:00,ASK_DEPTH,"[(98381, 332)]"
2019-06-28 13:19:00,IMBALANCE,"[201, 332]"
2019-06-28 13:19:00,HOLDINGS_UPDATED,"{'CASH': 2442745, 'JPM': 70}"
2019-06-28 13:20:00,BID_DEPTH,"[(98038, 127)]"
2019-06-28 13:20:00,ASK_DEPTH,"[(98381, 255)]"
2019-06-28 13:20:00,IMBALANCE,"[127, 255]"
2019-06-28 13:20:00,HOLDINGS_UPDATED,"{'CASH': 2932935, 'JPM': 65}"
2019-06-28 13:21:00,BID_DEPTH,"[(98038, 201)]"
2019-06-28 13:21:00,ASK_DEPTH,"[(98381, 326)]"
2019-06-28 13:21:00,IMBALANCE,"[201, 326]"
2019-06-28 13:21:00,HOLDINGS_UPDATED,"{'CASH': 3423125, 'JPM': 60}"
2019-06-28 13:22:00,BID_DEPTH,"[(98038, 127)]"
2019-06-28 13:22:00,ASK_DEPTH,"[(98381, 249)]"
2019-06-28 13:22:00,IMBALANCE,"[127, 249]"
2019-06-28 13:22:00,HOLDINGS_UPDATED,"{'CASH': 3913315, 'JPM': 55}"
2019-06-28 13:23:00,BID_DEPTH,"[(98012, 62)]"
2019-06-28 13:23:00,ASK_DEPTH,"[(98448, 193)]"
2019-06-28 13:23:00,IMBALANCE,"[62, 193]"
2019-06-28 13:23:00,HOLDINGS_UPDATED,"{'CASH': 4403375, 'JPM': 50}"
2019-06-28 13:24:00,BID_DEPTH,"[(97753, 434)]"
2019-06-28 13:24:00,ASK_DEPTH,"[(98448, 562)]"
2019-06-28 13:24:00,IMBALANCE,"[434, 562]"
2019-06-28 13:24:00,HOLDINGS_UPDATED,"{'CASH': 4892140, 'JPM': 45}"
2019-06-28 13:25:00,BID_DEPTH,"[(98656, 85)]"
2019-06-28 13:25:00,ASK_DEPTH,"[(99014, 210)]"
2019-06-28 13:25:00,IMBALANCE,"[85, 210]"
2019-06-28 13:25:00,HOLDINGS_UPDATED,"{'CASH': 5385420, 'JPM': 40}"
2019-06-28 13:26:00,BID_DEPTH,"[(98656, 185)]"
2019-06-28 13:26:00,ASK_DEPTH,"[(99014, 207)]"
2019-06-28 13:26:00,IMBALANCE,"[185, 207]"
2019-06-28 13:26:00,HOLDINGS_UPDATED,"{'CASH': 5878700, 'JPM': 35}"
2019-06-28 13:27:00,BID_DEPTH,"[(98656, 26)]"
2019-06-28 13:27:00,ASK_DEPTH,"[(99229, 193)]"
2019-06-28 13:27:00,IMBALANCE,"[26, 193]"
2019-06-28 13:27:00,HOLDINGS_UPDATED,"{'CASH': 6371980, 'JPM': 30}"
2019-06-28 13:28:00,BID_DEPTH,"[(99229, 127)]"
2019-06-28 13:28:00,ASK_DEPTH,"[(99423, 258)]"
2019-06-28 13:28:00,IMBALANCE,"[127, 258]"
2019-06-28 13:28:00,HOLDINGS_UPDATED,"{'CASH': 6868125, 'JPM': 25}"
2019-06-28 13:29:00,BID_DEPTH,"[(99423, 85)]"
2019-06-28 13:29:00,ASK_DEPTH,"[(99564, 216)]"
2019-06-28 13:29:00,IMBALANCE,"[85, 216]"
2019-06-28 13:29:00,HOLDINGS_UPDATED,"{'CASH': 7365240, 'JPM': 20}"
2019-06-28 13:30:00,BID_DEPTH,"[(99187, 201)]"
2019-06-28 13:30:00,ASK_DEPTH,"[(99486, 332)]"
2019-06-28 13:30:00,IMBALANCE,"[201, 332]"
2019-06-28 13:30:00,HOLDINGS_UPDATED,"{'CASH': 7861175, 'JPM': 15}"
2019-06-28 13:31:00,BID_DEPTH,"[(97753, 201)]"
2019-06-28 13:31:00,ASK_DEPTH,"[(99598, 332)]"
2019-06-28 13:31:00,IMBALANCE,"[201, 332]"
2019-06-28 13:31:00,HOLDINGS_UPDATED,"{'CASH': 8349940, 'JPM': 10}"
2019-06-28 13:32:00,BID_DEPTH,"[(97753, 127)]"
2019-06-28 13:32:00,ASK_DEPTH,"[(99598, 258)]"
2019-06-28 13:32:00,IMBALANCE,"[127, 258]"
2019-06-28 13:32:00,HOLDINGS_UPDATED,"{'CASH': 8838705, 'JPM': 5}"
2019-06-28 13:33:00,BID_DEPTH,"[(97663, 85)]"
2019-06-28 13:33:00,ASK_DEPTH,"[(99666, 216)]"
2019-06-28 13:33:00,IMBALANCE,"[85, 216]"
2019-06-28 13:33:00,HOLDINGS_UPDATED,{'CASH': 9327020}
2019-06-28 13:34:00,BID_DEPTH,"[(97663, 85)]"
2019-06-28 13:34:00,ASK_DEPTH,"[(99666, 216)]"
2019-06-28 13:34:00,IMBALANCE,"[85, 216]"
2019-06-28 13:34:00,HOLDINGS_UPDATED,"{'CASH': 9815335, 'JPM': -5}"
2019-06-28 13:35:00,BID_DEPTH,[]
2019-06-28 13:35:00,ASK_DEPTH,"[(99837, 100)]"
2019-06-28 13:35:00,IMBALANCE,"[0, 100]"
2019-06-28 13:36:00,BID_DEPTH,[]
2019-06-28 13:36:00,ASK_DEPTH,"[(99974, 100)]"
2019-06-28 13:36:00,IMBALANCE,"[0, 100]"
2019-06-28 13:37:00,BID_DEPTH,[]
2019-06-28 13:37:00,ASK_DEPTH,"[(100143, 100)]"
2019-06-28 13:37:00,IMBALANCE,"[0, 100]"
2019-06-28 13:38:00,BID_DEPTH,[]
2019-06-28 13:38:00,ASK_DEPTH,"[(100260, 100)]"
2019-06-28 13:38:00,IMBALANCE,"[0, 100]"
2019-06-28 13:39:00,BID_DEPTH,"[(100021, 534)]"
2019-06-28 13:39:00,ASK_DEPTH,"[(100260, 565)]"
2019-06-28 13:39:00,IMBALANCE,"[534, 565]"
2019-06-28 13:39:00,HOLDINGS_UPDATED,"{'CASH': 10315440, 'JPM': -10}"
2019-06-28 13:40:00,BID_DEPTH,"[(100021, 698)]"
2019-06-28 13:40:00,ASK_DEPTH,"[(100260, 565)]"
2019-06-28 13:40:00,IMBALANCE,"[698, 565]"
2019-06-28 13:40:00,HOLDINGS_UPDATED,"{'CASH': 10815545, 'JPM': -15}"
2019-06-28 13:41:00,BID_DEPTH,"[(100021, 262)]"
2019-06-28 13:41:00,ASK_DEPTH,"[(101000, 193)]"
2019-06-28 13:41:00,IMBALANCE,"[262, 193]"
2019-06-28 13:41:00,HOLDINGS_UPDATED,"{'CASH': 11315650, 'JPM': -20}"
2019-06-28 13:42:00,BID_DEPTH,"[(100021, 146)]"
2019-06-28 13:42:00,ASK_DEPTH,"[(101000, 216)]"
2019-06-28 13:42:00,IMBALANCE,"[146, 216]"
2019-06-28 13:42:00,HOLDINGS_UPDATED,"{'CASH': 11815755, 'JPM': -25}"
2019-06-28 13:43:00,BID_DEPTH,"[(100021, 280)]"
2019-06-28 13:43:00,ASK_DEPTH,"[(101000, 127)]"
2019-06-28 13:43:00,IMBALANCE,"[280, 127]"
2019-06-28 13:43:00,HOLDINGS_UPDATED,"{'CASH': 11310755, 'JPM': -20}"
2019-06-28 13:44:00,BID_DEPTH,"[(100021, 684)]"
2019-06-28 13:44:00,ASK_DEPTH,"[(101282, 434)]"
2019-06-28 13:44:00,IMBALANCE,"[684, 434]"
2019-06-28 13:44:00,HOLDINGS_UPDATED,"{'CASH': 10804345, 'JPM': -15}"
2019-06-28 13:45:00,BID_DEPTH,"[(101314, 165)]"
2019-06-28 13:45:00,ASK_DEPTH,"[(101335, 127)]"
2019-06-28 13:45:00,IMBALANCE,"[165, 127]"
2019-06-28 13:45:00,HOLDINGS_UPDATED,"{'CASH': 10297670, 'JPM': -10}"
2019-06-28 13:46:00,BID_DEPTH,"[(101314, 216)]"
2019-06-28 13:46:00,ASK_DEPTH,"[(101437, 85)]"
2019-06-28 13:46:00,IMBALANCE,"[216, 85]"
2019-06-28 13:46:00,HOLDINGS_UPDATED,"{'CASH': 9790485, 'JPM': -5}"
2019-06-28 13:47:00,BID_DEPTH,"[(100021, 316)]"
2019-06-28 13:47:00,ASK_DEPTH,"[(100867, 85)]"
2019-06-28 13:47:00,IMBALANCE,"[316, 85]"
2019-06-28 13:47:00,HOLDINGS_UPDATED,{'CASH': 9286150}
2019-06-28 13:48:00,BID_DEPTH,"[(100599, 565)]"
2019-06-28 13:48:00,ASK_DEPTH,"[(100803, 434)]"
2019-06-28 13:48:00,IMBALANCE,"[565, 434]"
2019-06-28 13:48:00,HOLDINGS_UPDATED,"{'CASH': 8782135, 'JPM': 5}"
2019-06-28 13:49:00,BID_DEPTH,"[(100599, 213)]"
2019-06-28 13:49:00,ASK_DEPTH,"[(100694, 85)]"
2019-06-28 13:49:00,IMBALANCE,"[213, 85]"
2019-06-28 13:49:00,HOLDINGS_UPDATED,"{'CASH': 8278665, 'JPM': 10}"
2019-06-28 13:50:00,BID_DEPTH,"[(100599, 252)]"
2019-06-28 13:50:00,ASK_DEPTH,"[(100756, 127)]"
2019-06-28 13:50:00,IMBALANCE,"[252, 127]"
2019-06-28 13:50:00,HOLDINGS_UPDATED,"{'CASH': 7774885, 'JPM': 15}"
2019-06-28 13:51:00,BID_DEPTH,"[(100432, 332)]"
2019-06-28 13:51:00,ASK_DEPTH,"[(100867, 201)]"
2019-06-28 13:51:00,IMBALANCE,"[332, 201]"
2019-06-28 13:51:00,HOLDINGS_UPDATED,"{'CASH': 7270550, 'JPM': 20}"
2019-06-28 13:52:00,BID_DEPTH,"[(100501, 565)]"
2019-06-28 13:52:00,ASK_DEPTH,"[(100867, 434)]"
2019-06-28 13:52:00,IMBALANCE,"[565, 434]"
2019-06-28 13:52:00,HOLDINGS_UPDATED,"{'CASH': 6766215, 'JPM': 25}"
2019-06-28 13:53:00,BID_DEPTH,"[(100884, 332)]"
2019-06-28 13:53:00,ASK_DEPTH,"[(100924, 201)]"
2019-06-28 13:53:00,IMBALANCE,"[332, 201]"
2019-06-28 13:53:00,HOLDINGS_UPDATED,"{'CASH': 6261595, 'JPM': 30}"
2019-06-28 13:54:00,BID_DEPTH,"[(100884, 213)]"
2019-06-28 13:54:00,ASK_DEPTH,"[(101031, 85)]"
2019-06-28 13:54:00,IMBALANCE,"[213, 85]"
2019-06-28 13:54:00,HOLDINGS_UPDATED,"{'CASH': 5756440, 'JPM': 35}"
2019-06-28 13:55:00,BID_DEPTH,"[(100748, 332)]"
2019-06-28 13:55:00,ASK_DEPTH,"[(101035, 201)]"
2019-06-28 13:55:00,IMBALANCE,"[332, 201]"
2019-06-28 13:55:00,HOLDINGS_UPDATED,"{'CASH': 5251265, 'JPM': 40}"
2019-06-28 13:56:00,BID_DEPTH,"[(100068, 258)]"
2019-06-28 13:56:00,ASK_DEPTH,"[(100229, 127)]"
2019-06-28 13:56:00,IMBALANCE,"[258, 127]"
2019-06-28 13:56:00,HOLDINGS_UPDATED,"{'CASH': 4750120, 'JPM': 45}"
2019-06-28 13:57:00,BID_DEPTH,"[(100068, 429)]"
2019-06-28 13:57:00,ASK_DEPTH,"[(100286, 201)]"
2019-06-28 13:57:00,IMBALANCE,"[429, 201]"
2019-06-28 13:57:00,HOLDINGS_UPDATED,"{'CASH': 4248690, 'JPM': 50}"
2019-06-28 13:58:00,BID_DEPTH,"[(100069, 565)]"
2019-06-28 13:58:00,ASK_DEPTH,"[(100831, 434)]"
2019-06-28 13:58:00,IMBALANCE,"[565, 434]"
2019-06-28 13:58:00,HOLDINGS_UPDATED,"{'CASH': 3744535, 'JPM': 55}"
2019-06-28 13:59:00,BID_DEPTH,"[(100641, 193)]"
2019-06-28 13:59:00,ASK_DEPTH,"[(100698, 62)]"
2019-06-28 13:59:00,IMBALANCE,"[193, 62]"
2019-06-28 13:59:00,HOLDINGS_UPDATED,"{'CASH': 3241045, 'JPM': 60}"
2019-06-28 14:00:00,BID_DEPTH,"[(100069, 190)]"
2019-06-28 14:00:00,ASK_DEPTH,"[(100545, 62)]"
2019-06-28 14:00:00,IMBALANCE,"[190, 62]"
2019-06-28 14:00:00,HOLDINGS_UPDATED,"{'CASH': 2738320, 'JPM': 65}"
2019-06-28 14:01:00,BID_DEPTH,"[(100173, 216)]"
2019-06-28 14:01:00,ASK_DEPTH,"[(101035, 185)]"
2019-06-28 14:01:00,IMBALANCE,"[216, 185]"
2019-06-28 14:01:00,HOLDINGS_UPDATED,"{'CASH': 2233145, 'JPM': 70}"
2019-06-28 14:02:00,BID_DEPTH,"[(100484, 216)]"
2019-06-28 14:02:00,ASK_DEPTH,"[(100513, 85)]"
2019-06-28 14:02:00,IMBALANCE,"[216, 85]"
2019-06-28 14:02:00,HOLDINGS_UPDATED,"{'CASH': 1730580, 'JPM': 75}"
2019-06-28 14:03:00,BID_DEPTH,"[(100484, 255)]"
2019-06-28 14:03:00,ASK_DEPTH,"[(100532, 127)]"
2019-06-28 14:03:00,IMBALANCE,"[255, 127]"
2019-06-28 14:03:00,HOLDINGS_UPDATED,"{'CASH': 1227920, 'JPM': 80}"
2019-06-28 14:04:00,BID_DEPTH,"[(100173, 193)]"
2019-06-28 14:04:00,ASK_DEPTH,"[(100484, 62)]"
2019-06-28 14:04:00,IMBALANCE,"[193, 62]"
2019-06-28 14:04:00,HOLDINGS_UPDATED,"{'CASH': 725500, 'JPM': 85}"
2019-06-28 14:05:00,BID_DEPTH,"[(100118, 258)]"
2019-06-28 14:05:00,ASK_DEPTH,"[(100631, 127)]"
2019-06-28 14:05:00,IMBALANCE,"[258, 127]"
2019-06-28 14:05:00,HOLDINGS_UPDATED,"{'CASH': 222345, 'JPM': 90}"
2019-06-28 14:06:00,BID_DEPTH,"[(100069, 559)]"
2019-06-28 14:06:00,ASK_DEPTH,"[(100118, 534)]"
2019-06-28 14:06:00,IMBALANCE,"[559, 534]"
2019-06-28 14:06:00,HOLDINGS_UPDATED,"{'CASH': -278245, 'JPM': 95}"
2019-06-28 14:07:00,BID_DEPTH,"[(99605, 193)]"
2019-06-28 14:07:00,ASK_DEPTH,"[(100068, 62)]"
2019-06-28 14:07:00,IMBALANCE,"[193, 62]"
2019-06-28 14:07:00,HOLDINGS_UPDATED,"{'CASH': -778585, 'JPM': 100}"
2019-06-28 14:08:00,BID_DEPTH,"[(99512, 216)]"
2019-06-28 14:08:00,ASK_DEPTH,"[(100118, 149)]"
2019-06-28 14:08:00,IMBALANCE,"[216, 149]"
2019-06-28 14:08:00,HOLDINGS_UPDATED,"{'CASH': -1279175, 'JPM': 105}"
2019-06-28 14:09:00,BID_DEPTH,"[(99125, 565)]"
2019-06-28 14:09:00,ASK_DEPTH,"[(99560, 434)]"
2019-06-28 14:09:00,IMBALANCE,"[565, 434]"
2019-06-28 14:09:00,HOLDINGS_UPDATED,"{'CASH': -1776975, 'JPM': 110}"
2019-06-28 14:10:00,BID_DEPTH,"[(99125, 332)]"
2019-06-28 14:10:00,ASK_DEPTH,"[(99481, 201)]"
2019-06-28 14:10:00,IMBALANCE,"[332, 201]"
2019-06-28 14:10:00,HOLDINGS_UPDATED,"{'CASH': -2274380, 'JPM': 115}"
2019-06-28 14:11:00,BID_DEPTH,"[(99208, 565)]"
2019-06-28 14:11:00,ASK_DEPTH,"[(99560, 434)]"
2019-06-28 14:11:00,IMBALANCE,"[565, 434]"
2019-06-28 14:11:00,HOLDINGS_UPDATED,"{'CASH': -2772180, 'JPM': 120}"
2019-06-28 14:12:00,BID_DEPTH,"[(99560, 332)]"
2019-06-28 14:12:00,ASK_DEPTH,"[(99812, 201)]"
2019-06-28 14:12:00,IMBALANCE,"[332, 201]"
2019-06-28 14:12:00,HOLDINGS_UPDATED,"{'CASH': -3271240, 'JPM': 125}"
2019-06-28 14:13:00,BID_DEPTH,"[(99560, 193)]"
2019-06-28 14:13:00,ASK_DEPTH,"[(99856, 62)]"
2019-06-28 14:13:00,IMBALANCE,"[193, 62]"
2019-06-28 14:13:00,HOLDINGS_UPDATED,"{'CASH': -3770520, 'JPM': 130}"
2019-06-28 14:14:00,BID_DEPTH,"[(99856, 204)]"
2019-06-28 14:14:00,ASK_DEPTH,"[(100012, 127)]"
2019-06-28 14:14:00,IMBALANCE,"[204, 127]"
2019-06-28 14:14:00,HOLDINGS_UPDATED,"{'CASH': -4270580, 'JPM': 135}"
2019-06-28 14:15:00,BID_DEPTH,"[(100012, 332)]"
2019-06-28 14:15:00,ASK_DEPTH,"[(100118, 229)]"
2019-06-28 14:15:00,IMBALANCE,"[332, 229]"
2019-06-28 14:15:00,HOLDINGS_UPDATED,"{'CASH': -4771170, 'JPM': 140}"
2019-06-28 14:16:00,BID_DEPTH,"[(100264, 193)]"
2019-06-28 14:16:00,ASK_DEPTH,"[(100459, 62)]"
2019-06-28 14:16:00,IMBALANCE,"[193, 62]"
2019-06-28 14:16:00,HOLDINGS_UPDATED,"{'CASH': -5273465, 'JPM': 145}"
2019-06-28 14:17:00,BID_DEPTH,"[(100264, 190)]"
2019-06-28 14:17:00,ASK_DEPTH,"[(100459, 62)]"
2019-06-28 14:17:00,IMBALANCE,"[190, 62]"
2019-06-28 14:17:00,HOLDINGS_UPDATED,"{'CASH': -5775760, 'JPM': 150}"
2019-06-28 14:18:00,BID_DEPTH,"[(99856, 73)]"
2019-06-28 14:18:00,ASK_DEPTH,"[(100264, 258)]"
2019-06-28 14:18:00,IMBALANCE,"[73, 258]"
2019-06-28 14:18:00,HOLDINGS_UPDATED,"{'CASH': -5276480, 'JPM': 145}"
2019-06-28 14:19:00,BID_DEPTH,"[(99856, 201)]"
2019-06-28 14:19:00,ASK_DEPTH,"[(100426, 332)]"
2019-06-28 14:19:00,IMBALANCE,"[201, 332]"
2019-06-28 14:19:00,HOLDINGS_UPDATED,"{'CASH': -4777200, 'JPM': 140}"
2019-06-28 14:20:00,BID_DEPTH,"[(100150, 85)]"
2019-06-28 14:20:00,ASK_DEPTH,"[(100287, 216)]"
2019-06-28 14:20:00,IMBALANCE,"[85, 216]"
2019-06-28 14:20:00,HOLDINGS_UPDATED,"{'CASH': -4276450, 'JPM': 135}"
2019-06-28 14:21:00,BID_DEPTH,"[(99560, 201)]"
2019-06-28 14:21:00,ASK_DEPTH,"[(100150, 332)]"
2019-06-28 14:21:00,IMBALANCE,"[201, 332]"
2019-06-28 14:21:00,HOLDINGS_UPDATED,"{'CASH': -3778650, 'JPM': 130}"
2019-06-28 14:22:00,BID_DEPTH,"[(99589, 127)]"
2019-06-28 14:22:00,ASK_DEPTH,"[(100099, 258)]"
2019-06-28 14:22:00,IMBALANCE,"[127, 258]"
2019-06-28 14:22:00,HOLDINGS_UPDATED,"{'CASH': -3280705, 'JPM': 125}"
2019-06-28 14:23:00,BID_DEPTH,"[(99616, 201)]"
2019-06-28 14:23:00,ASK_DEPTH,"[(99712, 332)]"
2019-06-28 14:23:00,IMBALANCE,"[201, 332]"
2019-06-28 14:23:00,HOLDINGS_UPDATED,"{'CASH': -2782625, 'JPM': 120}"
2019-06-28 14:24:00,BID_DEPTH,"[(99589, 434)]"
2019-06-28 14:24:00,ASK_DEPTH,"[(99712, 565)]"
2019-06-28 14:24:00,IMBALANCE,"[434, 565]"
2019-06-28 14:24:00,HOLDINGS_UPDATED,"{'CASH': -2284680, 'JPM': 115}"
2019-06-28 14:25:00,BID_DEPTH,"[(98617, 127)]"
2019-06-28 14:25:00,ASK_DEPTH,"[(99712, 255)]"
2019-06-28 14:25:00,IMBALANCE,"[127, 255]"
2019-06-28 14:25:00,HOLDINGS_UPDATED,"{'CASH': -1791595, 'JPM': 110}"
2019-06-28 14:26:00,BID_DEPTH,"[(97932, 434)]"
2019-06-28 14:26:00,ASK_DEPTH,"[(99712, 559)]"
2019-06-28 14:26:00,IMBALANCE,"[434, 559]"
2019-06-28 14:26:00,HOLDINGS_UPDATED,"{'CASH': -1301935, 'JPM': 105}"
2019-06-28 14:27:00,BID_DEPTH,"[(97932, 201)]"
2019-06-28 14:27:00,ASK_DEPTH,"[(98353, 332)]"
2019-06-28 14:27:00,IMBALANCE,"[201, 332]"
2019-06-28 14:27:00,HOLDINGS_UPDATED,"{'CASH': -812275, 'JPM': 100}"
2019-06-28 14:28:00,BID_DEPTH,"[(97932, 127)]"
2019-06-28 14:28:00,ASK_DEPTH,"[(99711, 258)]"
2019-06-28 14:28:00,IMBALANCE,"[127, 258]"
2019-06-28 14:28:00,HOLDINGS_UPDATED,"{'CASH': -322615, 'JPM': 95}"
2019-06-28 14:29:00,BID_DEPTH,"[(97649, 434)]"
2019-06-28 14:29:00,ASK_DEPTH,"[(98346, 565)]"
2019-06-28 14:29:00,IMBALANCE,"[434, 565]"
2019-06-28 14:29:00,HOLDINGS_UPDATED,"{'CASH': 165630, 'JPM': 90}"
2019-06-28 14:30:00,BID_DEPTH,"[(98227, 127)]"
2019-06-28 14:30:00,ASK_DEPTH,"[(98345, 258)]"
2019-06-28 14:30:00,IMBALANCE,"[127, 258]"
2019-06-28 14:30:00,HOLDINGS_UPDATED,"{'CASH': 656765, 'JPM': 85}"
2019-06-28 14:31:00,BID_DEPTH,"[(98227, 634)]"
2019-06-28 14:31:00,ASK_DEPTH,"[(98426, 565)]"
2019-06-28 14:31:00,IMBALANCE,"[634, 565]"
2019-06-28 14:31:00,HOLDINGS_UPDATED,"{'CASH': 1147900, 'JPM': 80}"
2019-06-28 14:32:00,BID_DEPTH,"[(98227, 265)]"
2019-06-28 14:32:00,ASK_DEPTH,"[(98380, 332)]"
2019-06-28 14:32:00,IMBALANCE,"[265, 332]"
2019-06-28 14:32:00,HOLDINGS_UPDATED,"{'CASH': 1639035, 'JPM': 75}"
2019-06-28 14:33:00,BID_DEPTH,"[(98418, 127)]"
2019-06-28 14:33:00,ASK_DEPTH,"[(98479, 258)]"
2019-06-28 14:33:00,IMBALANCE,"[127, 258]"
2019-06-28 14:33:00,HOLDINGS_UPDATED,"{'CASH': 2131125, 'JPM': 70}"
2019-06-28 14:34:00,BID_DEPTH,"[(98479, 434)]"
2019-06-28 14:34:00,ASK_DEPTH,"[(98556, 565)]"
2019-06-28 14:34:00,IMBALANCE,"[434, 565]"
2019-06-28 14:34:00,HOLDINGS_UPDATED,"{'CASH': 2623520, 'JPM': 65}"
2019-06-28 14:35:00,BID_DEPTH,"[(98556, 201)]"
2019-06-28 14:35:00,ASK_DEPTH,"[(98785, 332)]"
2019-06-28 14:35:00,IMBALANCE,"[201, 332]"
2019-06-28 14:35:00,HOLDINGS_UPDATED,"{'CASH': 3116300, 'JPM': 60}"
2019-06-28 14:36:00,BID_DEPTH,"[(98676, 434)]"
2019-06-28 14:36:00,ASK_DEPTH,"[(99000, 565)]"
2019-06-28 14:36:00,IMBALANCE,"[434, 565]"
2019-06-28 14:36:00,HOLDINGS_UPDATED,"{'CASH': 3609680, 'JPM': 55}"
2019-06-28 14:37:00,BID_DEPTH,"[(98033, 127)]"
2019-06-28 14:37:00,ASK_DEPTH,"[(99000, 255)]"
2019-06-28 14:37:00,IMBALANCE,"[127, 255]"
2019-06-28 14:37:00,HOLDINGS_UPDATED,"{'CASH': 4099845, 'JPM': 50}"
2019-06-28 14:38:00,BID_DEPTH,"[(98033, 85)]"
2019-06-28 14:38:00,ASK_DEPTH,"[(99000, 210)]"
2019-06-28 14:38:00,IMBALANCE,"[85, 210]"
2019-06-28 14:38:00,HOLDINGS_UPDATED,"{'CASH': 4590010, 'JPM': 45}"
2019-06-28 14:39:00,BID_DEPTH,"[(99000, 434)]"
2019-06-28 14:39:00,ASK_DEPTH,"[(99040, 565)]"
2019-06-28 14:39:00,IMBALANCE,"[434, 565]"
2019-06-28 14:39:00,HOLDINGS_UPDATED,"{'CASH': 5085010, 'JPM': 40}"
2019-06-28 14:40:00,BID_DEPTH,"[(97278, 62)]"
2019-06-28 14:40:00,ASK_DEPTH,"[(99045, 193)]"
2019-06-28 14:40:00,IMBALANCE,"[62, 193]"
2019-06-28 14:40:00,HOLDINGS_UPDATED,"{'CASH': 5571400, 'JPM': 35}"
2019-06-28 14:41:00,BID_DEPTH,"[(99044, 110)]"
2019-06-28 14:41:00,ASK_DEPTH,"[(99045, 6)]"
2019-06-28 14:41:00,IMBALANCE,"[110, 6]"
2019-06-28 14:41:00,HOLDINGS_UPDATED,"{'CASH': 6066620, 'JPM': 30}"
2019-06-28 14:42:00,BID_DEPTH,"[(99045, 298)]"
2019-06-28 14:42:00,ASK_DEPTH,"[(99243, 332)]"
2019-06-28 14:42:00,IMBALANCE,"[298, 332]"
2019-06-28 14:42:00,HOLDINGS_UPDATED,"{'CASH': 6561845, 'JPM': 25}"
2019-06-28 14:43:00,BID_DEPTH,"[(99243, 85)]"
2019-06-28 14:43:00,ASK_DEPTH,"[(99585, 216)]"
2019-06-28 14:43:00,IMBALANCE,"[85, 216]"
2019-06-28 14:43:00,HOLDINGS_UPDATED,"{'CASH': 7058060, 'JPM': 20}"
2019-06-28 14:44:00,BID_DEPTH,"[(99142, 62)]"
2019-06-28 14:44:00,ASK_DEPTH,"[(99280, 193)]"
2019-06-28 14:44:00,IMBALANCE,"[62, 193]"
2019-06-28 14:44:00,HOLDINGS_UPDATED,"{'CASH': 7553770, 'JPM': 15}"
2019-06-28 14:45:00,BID_DEPTH,"[(99064, 62)]"
2019-06-28 14:45:00,ASK_DEPTH,"[(99280, 290)]"
2019-06-28 14:45:00,IMBALANCE,"[62, 290]"
2019-06-28 14:45:00,HOLDINGS_UPDATED,"{'CASH': 8049090, 'JPM': 10}"
2019-06-28 14:46:00,BID_DEPTH,"[(99064, 85)]"
2019-06-28 14:46:00,ASK_DEPTH,"[(99280, 310)]"
2019-06-28 14:46:00,IMBALANCE,"[85, 310]"
2019-06-28 14:46:00,HOLDINGS_UPDATED,"{'CASH': 8544410, 'JPM': 5}"
2019-06-28 14:47:00,BID_DEPTH,"[(99025, 434)]"
2019-06-28 14:47:00,ASK_DEPTH,"[(99280, 656)]"
2019-06-28 14:47:00,IMBALANCE,"[434, 656]"
2019-06-28 14:47:00,HOLDINGS_UPDATED,{'CASH': 9039535}
2019-06-28 14:48:00,BID_DEPTH,"[(99280, 734)]"
2019-06-28 14:48:00,ASK_DEPTH,"[(99585, 562)]"
2019-06-28 14:48:00,IMBALANCE,"[734, 562]"
2019-06-28 14:48:00,HOLDINGS_UPDATED,"{'CASH': 9535935, 'JPM': -5}"
2019-06-28 14:49:00,BID_DEPTH,"[(99483, 85)]"
2019-06-28 14:49:00,ASK_DEPTH,"[(99758, 216)]"
2019-06-28 14:49:00,IMBALANCE,"[85, 216]"
2019-06-28 14:49:00,HOLDINGS_UPDATED,"{'CASH': 10033350, 'JPM': -10}"
2019-06-28 14:50:00,BID_DEPTH,"[(99615, 201)]"
2019-06-28 14:50:00,ASK_DEPTH,"[(99758, 329)]"
2019-06-28 14:50:00,IMBALANCE,"[201, 329]"
2019-06-28 14:50:00,HOLDINGS_UPDATED,"{'CASH': 10531425, 'JPM': -15}"
2019-06-28 14:51:00,BID_DEPTH,"[(99280, 126)]"
2019-06-28 14:51:00,ASK_DEPTH,"[(99305, 193)]"
2019-06-28 14:51:00,IMBALANCE,"[126, 193]"
2019-06-28 14:51:00,HOLDINGS_UPDATED,"{'CASH': 11027825, 'JPM': -20}"
2019-06-28 14:52:00,BID_DEPTH,"[(99066, 187)]"
2019-06-28 14:52:00,ASK_DEPTH,"[(99280, 4)]"
2019-06-28 14:52:00,IMBALANCE,"[187, 4]"
2019-06-28 14:52:00,HOLDINGS_UPDATED,"{'CASH': 11523155, 'JPM': -25}"
2019-06-28 14:53:00,BID_DEPTH,"[(99688, 127)]"
2019-06-28 14:53:00,ASK_DEPTH,"[(99758, 255)]"
2019-06-28 14:53:00,IMBALANCE,"[127, 255]"
2019-06-28 14:53:00,HOLDINGS_UPDATED,"{'CASH': 12021595, 'JPM': -30}"
2019-06-28 14:54:00,BID_DEPTH,"[(99280, 133)]"
2019-06-28 14:54:00,ASK_DEPTH,"[(99758, 255)]"
2019-06-28 14:54:00,IMBALANCE,"[133, 255]"
2019-06-28 14:54:00,HOLDINGS_UPDATED,"{'CASH': 12517995, 'JPM': -35}"
2019-06-28 14:55:00,BID_DEPTH,"[(99758, 127)]"
2019-06-28 14:55:00,ASK_DEPTH,"[(99888, 258)]"
2019-06-28 14:55:00,IMBALANCE,"[127, 258]"
2019-06-28 14:55:00,HOLDINGS_UPDATED,"{'CASH': 13016785, 'JPM': -40}"
2019-06-28 14:56:00,BID_DEPTH,"[(98929, 85)]"
2019-06-28 14:56:00,ASK_DEPTH,"[(99904, 216)]"
2019-06-28 14:56:00,IMBALANCE,"[85, 216]"
2019-06-28 14:56:00,HOLDINGS_UPDATED,"{'CASH': 13511430, 'JPM': -45}"
2019-06-28 14:57:00,BID_DEPTH,"[(99851, 565)]"
2019-06-28 14:57:00,ASK_DEPTH,"[(99904, 434)]"
2019-06-28 14:57:00,IMBALANCE,"[565, 434]"
2019-06-28 14:57:00,HOLDINGS_UPDATED,"{'CASH': 13011910, 'JPM': -40}"
2019-06-28 14:58:00,BID_DEPTH,"[(99745, 216)]"
2019-06-28 14:58:00,ASK_DEPTH,"[(99851, 85)]"
2019-06-28 14:58:00,IMBALANCE,"[216, 85]"
2019-06-28 14:58:00,HOLDINGS_UPDATED,"{'CASH': 12512655, 'JPM': -35}"
2019-06-28 14:59:00,BID_DEPTH,"[(99745, 190)]"
2019-06-28 14:59:00,ASK_DEPTH,"[(99851, 62)]"
2019-06-28 14:59:00,IMBALANCE,"[190, 62]"
2019-06-28 14:59:00,HOLDINGS_UPDATED,"{'CASH': 12013400, 'JPM': -30}"
2019-06-28 15:00:00,BID_DEPTH,"[(99745, 252)]"
2019-06-28 15:00:00,ASK_DEPTH,"[(100059, 127)]"
2019-06-28 15:00:00,IMBALANCE,"[252, 127]"
2019-06-28 15:00:00,HOLDINGS_UPDATED,"{'CASH': 11513105, 'JPM': -25}"
2019-06-28 15:01:00,BID_DEPTH,"[(99745, 423)]"
2019-06-28 15:01:00,ASK_DEPTH,"[(99816, 201)]"
2019-06-28 15:01:00,IMBALANCE,"[423, 201]"
2019-06-28 15:01:00,HOLDINGS_UPDATED,"{'CASH': 11014025, 'JPM': -20}"
2019-06-28 15:02:00,BID_DEPTH,"[(99745, 281)]"
2019-06-28 15:02:00,ASK_DEPTH,"[(99855, 62)]"
2019-06-28 15:02:00,IMBALANCE,"[281, 62]"
2019-06-28 15:02:00,HOLDINGS_UPDATED,"{'CASH': 10514750, 'JPM': -15}"
2019-06-28 15:03:00,BID_DEPTH,"[(99643, 216)]"
2019-06-28 15:03:00,ASK_DEPTH,"[(99889, 85)]"
2019-06-28 15:03:00,IMBALANCE,"[216, 85]"
2019-06-28 15:03:00,HOLDINGS_UPDATED,"{'CASH': 10015305, 'JPM': -10}"
2019-06-28 15:04:00,BID_DEPTH,"[(99643, 429)]"
2019-06-28 15:04:00,ASK_DEPTH,"[(99889, 201)]"
2019-06-28 15:04:00,IMBALANCE,"[429, 201]"
2019-06-28 15:04:00,HOLDINGS_UPDATED,"{'CASH': 9515860, 'JPM': -5}"
2019-06-28 15:05:00,BID_DEPTH,"[(99643, 287)]"
2019-06-28 15:05:00,ASK_DEPTH,"[(99758, 62)]"
2019-06-28 15:05:00,IMBALANCE,"[287, 62]"
2019-06-28 15:05:00,HOLDINGS_UPDATED,{'CASH': 9017070}
2019-06-28 15:06:00,BID_DEPTH,"[(99673, 565)]"
2019-06-28 15:06:00,ASK_DEPTH,"[(99912, 434)]"
2019-06-28 15:06:00,IMBALANCE,"[565, 434]"
2019-06-28 15:06:00,HOLDINGS_UPDATED,"{'CASH': 8517510, 'JPM': 5}"
2019-06-28 15:07:00,BID_DEPTH,"[(99674, 193)]"
2019-06-28 15:07:00,ASK_DEPTH,"[(100059, 62)]"
2019-06-28 15:07:00,IMBALANCE,"[193, 62]"
2019-06-28 15:07:00,HOLDINGS_UPDATED,"{'CASH': 8017215, 'JPM': 10}"
2019-06-28 15:08:00,BID_DEPTH,"[(99675, 565)]"
2019-06-28 15:08:00,ASK_DEPTH,"[(100086, 434)]"
2019-06-28 15:08:00,IMBALANCE,"[565, 434]"
2019-06-28 15:08:00,HOLDINGS_UPDATED,"{'CASH': 7516785, 'JPM': 15}"
2019-06-28 15:09:00,BID_DEPTH,"[(99676, 258)]"
2019-06-28 15:09:00,ASK_DEPTH,"[(99889, 127)]"
2019-06-28 15:09:00,IMBALANCE,"[258, 127]"
2019-06-28 15:09:00,HOLDINGS_UPDATED,"{'CASH': 7017340, 'JPM': 20}"
2019-06-28 15:10:00,BID_DEPTH,"[(100161, 216)]"
2019-06-28 15:10:00,ASK_DEPTH,"[(100234, 85)]"
2019-06-28 15:10:00,IMBALANCE,"[216, 85]"
2019-06-28 15:10:00,HOLDINGS_UPDATED,"{'CASH': 6516170, 'JPM': 25}"
2019-06-28 15:11:00,BID_DEPTH,"[(100261, 165)]"
2019-06-28 15:11:00,ASK_DEPTH,"[(100282, 127)]"
2019-06-28 15:11:00,IMBALANCE,"[165, 127]"
2019-06-28 15:11:00,HOLDINGS_UPDATED,"{'CASH': 6014760, 'JPM': 30}"
2019-06-28 15:12:00,BID_DEPTH,"[(100293, 258)]"
2019-06-28 15:12:00,ASK_DEPTH,"[(100751, 127)]"
2019-06-28 15:12:00,IMBALANCE,"[258, 127]"
2019-06-28 15:12:00,HOLDINGS_UPDATED,"{'CASH': 5511005, 'JPM': 35}"
2019-06-28 15:13:00,BID_DEPTH,"[(100261, 6)]"
2019-06-28 15:13:00,ASK_DEPTH,"[(100315, 210)]"
2019-06-28 15:13:00,IMBALANCE,"[6, 210]"
2019-06-28 15:13:00,HOLDINGS_UPDATED,"{'CASH': 5009430, 'JPM': 40}"
2019-06-28 15:14:00,BID_DEPTH,"[(100261, 96)]"
2019-06-28 15:14:00,ASK_DEPTH,"[(100315, 51)]"
2019-06-28 15:14:00,IMBALANCE,"[96, 51]"
2019-06-28 15:14:00,HOLDINGS_UPDATED,"{'CASH': 4507855, 'JPM': 45}"
2019-06-28 15:15:00,BID_DEPTH,"[(100224, 258)]"
2019-06-28 15:15:00,ASK_DEPTH,"[(100387, 127)]"
2019-06-28 15:15:00,IMBALANCE,"[258, 127]"
2019-06-28 15:15:00,HOLDINGS_UPDATED,"{'CASH': 4005920, 'JPM': 50}"
2019-06-28 15:16:00,BID_DEPTH,"[(100264, 258)]"
2019-06-28 15:16:00,ASK_DEPTH,"[(100395, 127)]"
2019-06-28 15:16:00,IMBALANCE,"[258, 127]"
2019-06-28 15:16:00,HOLDINGS_UPDATED,"{'CASH': 3503945, 'JPM': 55}"
2019-06-28 15:17:00,BID_DEPTH,"[(100264, 213)]"
2019-06-28 15:17:00,ASK_DEPTH,"[(100477, 85)]"
2019-06-28 15:17:00,IMBALANCE,"[213, 85]"
2019-06-28 15:17:00,HOLDINGS_UPDATED,"{'CASH': 3001560, 'JPM': 60}"
2019-06-28 15:18:00,BID_DEPTH,"[(100264, 452)]"
2019-06-28 15:18:00,ASK_DEPTH,"[(100813, 127)]"
2019-06-28 15:18:00,IMBALANCE,"[452, 127]"
2019-06-28 15:18:00,HOLDINGS_UPDATED,"{'CASH': 2497495, 'JPM': 65}"
2019-06-28 15:19:00,BID_DEPTH,"[(100264, 407)]"
2019-06-28 15:19:00,ASK_DEPTH,"[(100813, 85)]"
2019-06-28 15:19:00,IMBALANCE,"[407, 85]"
2019-06-28 15:19:00,HOLDINGS_UPDATED,"{'CASH': 1993430, 'JPM': 70}"
2019-06-28 15:20:00,BID_DEPTH,"[(100264, 546)]"
2019-06-28 15:20:00,ASK_DEPTH,"[(100406, 127)]"
2019-06-28 15:20:00,IMBALANCE,"[546, 127]"
2019-06-28 15:20:00,HOLDINGS_UPDATED,"{'CASH': 1491400, 'JPM': 75}"
2019-06-28 15:21:00,BID_DEPTH,"[(100844, 100)]"
2019-06-28 15:21:00,ASK_DEPTH,"[(100913, 62)]"
2019-06-28 15:21:00,IMBALANCE,"[100, 62]"
2019-06-28 15:21:00,HOLDINGS_UPDATED,"{'CASH': 986835, 'JPM': 80}"
2019-06-28 15:22:00,BID_DEPTH,"[(100913, 375)]"
2019-06-28 15:22:00,ASK_DEPTH,"[(101099, 201)]"
2019-06-28 15:22:00,IMBALANCE,"[375, 201]"
2019-06-28 15:22:00,HOLDINGS_UPDATED,"{'CASH': 481340, 'JPM': 85}"
2019-06-28 15:23:00,BID_DEPTH,"[(100913, 375)]"
2019-06-28 15:23:00,ASK_DEPTH,"[(101242, 201)]"
2019-06-28 15:23:00,IMBALANCE,"[375, 201]"
2019-06-28 15:23:00,HOLDINGS_UPDATED,"{'CASH': -24870, 'JPM': 90}"
2019-06-28 15:24:00,BID_DEPTH,"[(101007, 258)]"
2019-06-28 15:24:00,ASK_DEPTH,"[(101099, 127)]"
2019-06-28 15:24:00,IMBALANCE,"[258, 127]"
2019-06-28 15:24:00,HOLDINGS_UPDATED,"{'CASH': -530365, 'JPM': 95}"
2019-06-28 15:25:00,BID_DEPTH,"[(100913, 301)]"
2019-06-28 15:25:00,ASK_DEPTH,"[(101099, 127)]"
2019-06-28 15:25:00,IMBALANCE,"[301, 127]"
2019-06-28 15:25:00,HOLDINGS_UPDATED,"{'CASH': -1035860, 'JPM': 100}"
2019-06-28 15:26:00,BID_DEPTH,"[(100927, 193)]"
2019-06-28 15:26:00,ASK_DEPTH,"[(101396, 62)]"
2019-06-28 15:26:00,IMBALANCE,"[193, 62]"
2019-06-28 15:26:00,HOLDINGS_UPDATED,"{'CASH': -1542840, 'JPM': 105}"
2019-06-28 15:27:00,BID_DEPTH,"[(100844, 165)]"
2019-06-28 15:27:00,ASK_DEPTH,"[(101396, 127)]"
2019-06-28 15:27:00,IMBALANCE,"[165, 127]"
2019-06-28 15:27:00,HOLDINGS_UPDATED,"{'CASH': -2049820, 'JPM': 110}"
2019-06-28 15:28:00,BID_DEPTH,"[(100844, 239)]"
2019-06-28 15:28:00,ASK_DEPTH,"[(101396, 201)]"
2019-06-28 15:28:00,IMBALANCE,"[239, 201]"
2019-06-28 15:28:00,HOLDINGS_UPDATED,"{'CASH': -2556800, 'JPM': 115}"
2019-06-28 15:29:00,BID_DEPTH,"[(100844, 472)]"
2019-06-28 15:29:00,ASK_DEPTH,"[(101589, 434)]"
2019-06-28 15:29:00,IMBALANCE,"[472, 434]"
2019-06-28 15:29:00,HOLDINGS_UPDATED,"{'CASH': -3064745, 'JPM': 120}"
2019-06-28 15:30:00,BID_DEPTH,"[(100844, 165)]"
2019-06-28 15:30:00,ASK_DEPTH,"[(101988, 127)]"
2019-06-28 15:30:00,IMBALANCE,"[165, 127]"
2019-06-28 15:30:00,HOLDINGS_UPDATED,"{'CASH': -3574685, 'JPM': 125}"
2019-06-28 15:31:00,BID_DEPTH,"[(100844, 123)]"
2019-06-28 15:31:00,ASK_DEPTH,"[(102278, 85)]"
2019-06-28 15:31:00,IMBALANCE,"[123, 85]"
2019-06-28 15:31:00,HOLDINGS_UPDATED,"{'CASH': -4086075, 'JPM': 130}"
2019-06-28 15:32:00,BID_DEPTH,"[(101122, 258)]"
2019-06-28 15:32:00,ASK_DEPTH,"[(102278, 127)]"
2019-06-28 15:32:00,IMBALANCE,"[258, 127]"
2019-06-28 15:32:00,HOLDINGS_UPDATED,"{'CASH': -4597465, 'JPM': 135}"
2019-06-28 15:33:00,BID_DEPTH,"[(100899, 332)]"
2019-06-28 15:33:00,ASK_DEPTH,"[(102277, 201)]"
2019-06-28 15:33:00,IMBALANCE,"[332, 201]"
2019-06-28 15:33:00,HOLDINGS_UPDATED,"{'CASH': -5108850, 'JPM': 140}"
2019-06-28 15:34:00,BID_DEPTH,"[(100899, 193)]"
2019-06-28 15:34:00,ASK_DEPTH,"[(101129, 62)]"
2019-06-28 15:34:00,IMBALANCE,"[193, 62]"
2019-06-28 15:34:00,HOLDINGS_UPDATED,"{'CASH': -5614495, 'JPM': 145}"
2019-06-28 15:35:00,BID_DEPTH,"[(100709, 258)]"
2019-06-28 15:35:00,ASK_DEPTH,"[(102277, 127)]"
2019-06-28 15:35:00,IMBALANCE,"[258, 127]"
2019-06-28 15:35:00,HOLDINGS_UPDATED,"{'CASH': -6125880, 'JPM': 150}"
2019-06-28 15:36:00,BID_DEPTH,"[(100709, 332)]"
2019-06-28 15:36:00,ASK_DEPTH,"[(100857, 201)]"
2019-06-28 15:36:00,IMBALANCE,"[332, 201]"
2019-06-28 15:36:00,HOLDINGS_UPDATED,"{'CASH': -6630165, 'JPM': 155}"
2019-06-28 15:37:00,BID_DEPTH,"[(100888, 565)]"
2019-06-28 15:37:00,ASK_DEPTH,"[(100969, 434)]"
2019-06-28 15:37:00,IMBALANCE,"[565, 434]"
2019-06-28 15:37:00,HOLDINGS_UPDATED,"{'CASH': -7135010, 'JPM': 160}"
2019-06-28 15:38:00,BID_DEPTH,"[(100969, 565)]"
2019-06-28 15:38:00,ASK_DEPTH,"[(101177, 434)]"
2019-06-28 15:38:00,IMBALANCE,"[565, 434]"
2019-06-28 15:38:00,HOLDINGS_UPDATED,"{'CASH': -7640895, 'JPM': 165}"
2019-06-28 15:39:00,BID_DEPTH,"[(101070, 193)]"
2019-06-28 15:39:00,ASK_DEPTH,"[(101384, 62)]"
2019-06-28 15:39:00,IMBALANCE,"[193, 62]"
2019-06-28 15:39:00,HOLDINGS_UPDATED,"{'CASH': -8147815, 'JPM': 170}"
2019-06-28 15:40:00,BID_DEPTH,"[(100969, 216)]"
2019-06-28 15:40:00,ASK_DEPTH,"[(101696, 85)]"
2019-06-28 15:40:00,IMBALANCE,"[216, 85]"
2019-06-28 15:40:00,HOLDINGS_UPDATED,"{'CASH': -8656295, 'JPM': 175}"
2019-06-28 15:41:00,BID_DEPTH,"[(101246, 216)]"
2019-06-28 15:41:00,ASK_DEPTH,"[(101269, 85)]"
2019-06-28 15:41:00,IMBALANCE,"[216, 85]"
2019-06-28 15:41:00,HOLDINGS_UPDATED,"{'CASH': -9162640, 'JPM': 180}"
2019-06-28 15:42:00,BID_DEPTH,"[(101246, 216)]"
2019-06-28 15:42:00,ASK_DEPTH,"[(101446, 85)]"
2019-06-28 15:42:00,IMBALANCE,"[216, 85]"
2019-06-28 15:42:00,HOLDINGS_UPDATED,"{'CASH': -9669870, 'JPM': 185}"
2019-06-28 15:43:00,BID_DEPTH,"[(101430, 565)]"
2019-06-28 15:43:00,ASK_DEPTH,"[(102277, 534)]"
2019-06-28 15:43:00,IMBALANCE,"[565, 534]"
2019-06-28 15:43:00,HOLDINGS_UPDATED,"{'CASH': -10181255, 'JPM': 190}"
2019-06-28 15:44:00,BID_DEPTH,"[(101166, 332)]"
2019-06-28 15:44:00,ASK_DEPTH,"[(102277, 365)]"
2019-06-28 15:44:00,IMBALANCE,"[332, 365]"
2019-06-28 15:44:00,HOLDINGS_UPDATED,"{'CASH': -10692640, 'JPM': 195}"
2019-06-28 15:45:00,BID_DEPTH,"[(100807, 193)]"
2019-06-28 15:45:00,ASK_DEPTH,"[(100969, 62)]"
2019-06-28 15:45:00,IMBALANCE,"[193, 62]"
2019-06-28 15:45:00,HOLDINGS_UPDATED,"{'CASH': -11197485, 'JPM': 200}"
2019-06-28 15:46:00,BID_DEPTH,"[(100806, 258)]"
2019-06-28 15:46:00,ASK_DEPTH,"[(100969, 127)]"
2019-06-28 15:46:00,IMBALANCE,"[258, 127]"
2019-06-28 15:46:00,HOLDINGS_UPDATED,"{'CASH': -11702330, 'JPM': 205}"
2019-06-28 15:47:00,BID_DEPTH,"[(100764, 565)]"
2019-06-28 15:47:00,ASK_DEPTH,"[(102277, 462)]"
2019-06-28 15:47:00,IMBALANCE,"[565, 462]"
2019-06-28 15:47:00,HOLDINGS_UPDATED,"{'CASH': -12213715, 'JPM': 210}"
2019-06-28 15:48:00,BID_DEPTH,"[(100751, 193)]"
2019-06-28 15:48:00,ASK_DEPTH,"[(102277, 62)]"
2019-06-28 15:48:00,IMBALANCE,"[193, 62]"
2019-06-28 15:48:00,HOLDINGS_UPDATED,"{'CASH': -12725100, 'JPM': 215}"
2019-06-28 15:49:00,BID_DEPTH,"[(100751, 332)]"
2019-06-28 15:49:00,ASK_DEPTH,"[(102278, 201)]"
2019-06-28 15:49:00,IMBALANCE,"[332, 201]"
2019-06-28 15:49:00,HOLDINGS_UPDATED,"{'CASH': -13236490, 'JPM': 220}"
2019-06-28 15:50:00,BID_DEPTH,"[(100751, 100)]"
2019-06-28 15:50:00,ASK_DEPTH,[]
2019-06-28 15:50:00,IMBALANCE,"[100, 0]"
2019-06-28 15:51:00,BID_DEPTH,"[(100751, 258)]"
2019-06-28 15:51:00,ASK_DEPTH,"[(102278, 127)]"
2019-06-28 15:51:00,IMBALANCE,"[258, 127]"
2019-06-28 15:51:00,HOLDINGS_UPDATED,"{'CASH': -13747880, 'JPM': 225}"
2019-06-28 15:52:00,BID_DEPTH,"[(100751, 193)]"
2019-06-28 15:52:00,ASK_DEPTH,"[(102278, 162)]"
2019-06-28 15:52:00,IMBALANCE,"[193, 162]"
2019-06-28 15:52:00,HOLDINGS_UPDATED,"{'CASH': -14259270, 'JPM': 230}"
2019-06-28 15:53:00,BID_DEPTH,"[(100709, 216)]"
2019-06-28 15:53:00,ASK_DEPTH,"[(102278, 49)]"
2019-06-28 15:53:00,IMBALANCE,"[216, 49]"
2019-06-28 15:53:00,HOLDINGS_UPDATED,"{'CASH': -14770660, 'JPM': 235}"
2019-06-28 15:54:00,BID_DEPTH,"[(100709, 100)]"
2019-06-28 15:54:00,ASK_DEPTH,[]
2019-06-28 15:54:00,IMBALANCE,"[100, 0]"
2019-06-28 15:55:00,BID_DEPTH,"[(100709, 216)]"
2019-06-28 15:55:00,ASK_DEPTH,"[(102278, 85)]"
2019-06-28 15:55:00,IMBALANCE,"[216, 85]"
2019-06-28 15:55:00,HOLDINGS_UPDATED,"{'CASH': -15282050, 'JPM': 240}"
2019-06-28 15:56:00,BID_DEPTH,"[(100704, 100)]"
2019-06-28 15:56:00,ASK_DEPTH,[]
2019-06-28 15:56:00,IMBALANCE,"[100, 0]"
2019-06-28 15:57:00,BID_DEPTH,"[(100354, 216)]"
2019-06-28 15:57:00,ASK_DEPTH,"[(102278, 85)]"
2019-06-28 15:57:00,IMBALANCE,"[216, 85]"
2019-06-28 15:57:00,HOLDINGS_UPDATED,"{'CASH': -15793440, 'JPM': 245}"
2019-06-28 15:58:00,BID_DEPTH,"[(100307, 100)]"
2019-06-28 15:58:00,ASK_DEPTH,[]
2019-06-28 15:58:00,IMBALANCE,"[100, 0]"
2019-06-28 15:59:00,BID_DEPTH,"[(100268, 100)]"
2019-06-28 15:59:00,ASK_DEPTH,[]
2019-06-28 15:59:00,IMBALANCE,"[100, 0]"
2019-06-28 16:00:00,BID_DEPTH,"[(100264, 85)]"
2019-06-28 16:00:00,ASK_DEPTH,[]
2019-06-28 16:00:00,IMBALANCE,"[85, 0]"
2019-06-28 16:01:00,BID_DEPTH,"[(100264, 85)]"
2019-06-28 16:01:00,ASK_DEPTH,[]
2019-06-28 16:01:00,IMBALANCE,"[85, 0]"
2019-06-28 16:01:00,FINAL_HOLDINGS,"{ JPM: 245, CASH: -15793440 }"
2019-06-28 16:01:00,FINAL_CASH_POSITION,-15793440
2019-06-28 16:01:00,MARK_TO_MARKET,245 JPM @ 100268 == 24565660
2019-06-28 16:01:00,MARKED_TO_MARKET,8772220
2019-06-28 16:01:00,ENDING_CASH,8772220
