EventTime,EventType,Event
,AGENT_TYPE,MomentumAgent
,STARTING_CASH,10000000
2019-06-28 09:30:00,HOLDINGS_UPDATED,{'CASH': 10000000}
2019-06-28 09:31:00,BID_DEPTH,"[(99958, 537)]"
2019-06-28 09:31:00,ASK_DEPTH,"[(99969, 537)]"
2019-06-28 09:31:00,IMBALANCE,"[537, 537]"
2019-06-28 09:32:00,BID_DEPTH,"[(99956, 187)]"
2019-06-28 09:32:00,ASK_DEPTH,"[(99969, 287)]"
2019-06-28 09:32:00,IMBALANCE,"[187, 287]"
2019-06-28 09:33:00,BID_DEPTH,"[(99954, 249)]"
2019-06-28 09:33:00,ASK_DEPTH,"[(99969, 349)]"
2019-06-28 09:33:00,IMBALANCE,"[249, 349]"
2019-06-28 09:34:00,BID_DEPTH,"[(99937, 537)]"
2019-06-28 09:34:00,ASK_DEPTH,"[(99958, 537)]"
2019-06-28 09:34:00,IMBALANCE,"[537, 537]"
2019-06-28 09:35:00,BID_DEPTH,"[(99936, 318)]"
2019-06-28 09:35:00,ASK_DEPTH,"[(99945, 318)]"
2019-06-28 09:35:00,IMBALANCE,"[318, 318]"
2019-06-28 09:36:00,BID_DEPTH,"[(99927, 187)]"
2019-06-28 09:36:00,ASK_DEPTH,"[(99945, 187)]"
2019-06-28 09:36:00,IMBALANCE,"[187, 187]"
2019-06-28 09:37:00,BID_DEPTH,"[(99900, 318)]"
2019-06-28 09:37:00,ASK_DEPTH,"[(99945, 318)]"
2019-06-28 09:37:00,IMBALANCE,"[318, 318]"
2019-06-28 09:38:00,BID_DEPTH,"[(99898, 537)]"
2019-06-28 09:38:00,ASK_DEPTH,"[(99901, 537)]"
2019-06-28 09:38:00,IMBALANCE,"[537, 537]"
2019-06-28 09:39:00,BID_DEPTH,"[(99885, 318)]"
2019-06-28 09:39:00,ASK_DEPTH,"[(99900, 418)]"
2019-06-28 09:39:00,IMBALANCE,"[318, 418]"
2019-06-28 09:40:00,BID_DEPTH,"[(99883, 249)]"
2019-06-28 09:40:00,ASK_DEPTH,"[(99885, 249)]"
2019-06-28 09:40:00,IMBALANCE,"[249, 249]"
2019-06-28 09:41:00,BID_DEPTH,"[(99883, 187)]"
2019-06-28 09:41:00,ASK_DEPTH,"[(99885, 187)]"
2019-06-28 09:41:00,IMBALANCE,"[187, 187]"
2019-06-28 09:42:00,BID_DEPTH,"[(99883, 537)]"
2019-06-28 09:42:00,ASK_DEPTH,"[(99885, 537)]"
2019-06-28 09:42:00,IMBALANCE,"[537, 537]"
2019-06-28 09:43:00,BID_DEPTH,"[(99869, 209)]"
2019-06-28 09:43:00,ASK_DEPTH,"[(99885, 209)]"
2019-06-28 09:43:00,IMBALANCE,"[209, 209]"
2019-06-28 09:44:00,BID_DEPTH,"[(99442, 249)]"
2019-06-28 09:44:00,ASK_DEPTH,"[(99465, 162)]"
2019-06-28 09:44:00,IMBALANCE,"[249, 162]"
2019-06-28 09:45:00,BID_DEPTH,"[(99376, 187)]"
2019-06-28 09:45:00,ASK_DEPTH,"[(99465, 100)]"
2019-06-28 09:45:00,IMBALANCE,"[187, 100]"
2019-06-28 09:46:00,BID_DEPTH,"[(99376, 209)]"
2019-06-28 09:46:00,ASK_DEPTH,"[(99465, 122)]"
2019-06-28 09:46:00,IMBALANCE,"[209, 122]"
2019-06-28 09:47:00,BID_DEPTH,"[(98783, 249)]"
2019-06-28 09:47:00,ASK_DEPTH,"[(99465, 162)]"
2019-06-28 09:47:00,IMBALANCE,"[249, 162]"
2019-06-28 09:48:00,BID_DEPTH,"[(99350, 318)]"
2019-06-28 09:48:00,ASK_DEPTH,"[(99465, 231)]"
2019-06-28 09:48:00,IMBALANCE,"[318, 231]"
2019-06-28 09:49:00,BID_DEPTH,"[(98928, 209)]"
2019-06-28 09:49:00,ASK_DEPTH,"[(98975, 209)]"
2019-06-28 09:49:00,IMBALANCE,"[209, 209]"
2019-06-28 09:50:00,BID_DEPTH,"[(98928, 537)]"
2019-06-28 09:50:00,ASK_DEPTH,"[(98975, 537)]"
2019-06-28 09:50:00,IMBALANCE,"[537, 537]"
2019-06-28 09:51:00,BID_DEPTH,"[(98928, 187)]"
2019-06-28 09:51:00,ASK_DEPTH,"[(98975, 187)]"
2019-06-28 09:51:00,IMBALANCE,"[187, 187]"
2019-06-28 09:52:00,BID_DEPTH,"[(98975, 187)]"
2019-06-28 09:52:00,ASK_DEPTH,"[(98984, 187)]"
2019-06-28 09:52:00,IMBALANCE,"[187, 187]"
2019-06-28 09:53:00,BID_DEPTH,"[(98975, 537)]"
2019-06-28 09:53:00,ASK_DEPTH,"[(98984, 537)]"
2019-06-28 09:53:00,IMBALANCE,"[537, 537]"
2019-06-28 09:54:00,BID_DEPTH,"[(98976, 249)]"
2019-06-28 09:54:00,ASK_DEPTH,"[(99015, 249)]"
2019-06-28 09:54:00,IMBALANCE,"[249, 249]"
2019-06-28 09:55:00,BID_DEPTH,"[(98976, 537)]"
2019-06-28 09:55:00,ASK_DEPTH,"[(99108, 537)]"
2019-06-28 09:55:00,IMBALANCE,"[537, 537]"
2019-06-28 09:56:00,BID_DEPTH,"[(99015, 249)]"
2019-06-28 09:56:00,ASK_DEPTH,"[(99465, 162)]"
2019-06-28 09:56:00,IMBALANCE,"[249, 162]"
2019-06-28 09:57:00,BID_DEPTH,"[(99108, 737)]"
2019-06-28 09:57:00,ASK_DEPTH,"[(99590, 537)]"
2019-06-28 09:57:00,IMBALANCE,"[737, 537]"
2019-06-28 09:58:00,BID_DEPTH,"[(99108, 487)]"
2019-06-28 09:58:00,ASK_DEPTH,"[(99827, 187)]"
2019-06-28 09:58:00,IMBALANCE,"[487, 187]"
2019-06-28 09:59:00,BID_DEPTH,"[(99590, 187)]"
2019-06-28 09:59:00,ASK_DEPTH,"[(99900, 187)]"
2019-06-28 09:59:00,IMBALANCE,"[187, 187]"
2019-06-28 10:00:00,BID_DEPTH,"[(99827, 249)]"
2019-06-28 10:00:00,ASK_DEPTH,"[(99900, 249)]"
2019-06-28 10:00:00,IMBALANCE,"[249, 249]"
2019-06-28 10:01:00,BID_DEPTH,"[(99827, 537)]"
2019-06-28 10:01:00,ASK_DEPTH,"[(99988, 537)]"
2019-06-28 10:01:00,IMBALANCE,"[537, 537]"
2019-06-28 10:02:00,BID_DEPTH,"[(99827, 537)]"
2019-06-28 10:02:00,ASK_DEPTH,"[(99864, 537)]"
2019-06-28 10:02:00,IMBALANCE,"[537, 537]"
2019-06-28 10:03:00,BID_DEPTH,"[(99827, 537)]"
2019-06-28 10:03:00,ASK_DEPTH,"[(99863, 537)]"
2019-06-28 10:03:00,IMBALANCE,"[537, 537]"
2019-06-28 10:04:00,BID_DEPTH,"[(99630, 209)]"
2019-06-28 10:04:00,ASK_DEPTH,"[(99862, 209)]"
2019-06-28 10:04:00,IMBALANCE,"[209, 209]"
2019-06-28 10:05:00,BID_DEPTH,"[(99556, 249)]"
2019-06-28 10:05:00,ASK_DEPTH,"[(99862, 249)]"
2019-06-28 10:05:00,IMBALANCE,"[249, 249]"
2019-06-28 10:06:00,BID_DEPTH,"[(99556, 537)]"
2019-06-28 10:06:00,ASK_DEPTH,"[(99630, 537)]"
2019-06-28 10:06:00,IMBALANCE,"[537, 537]"
2019-06-28 10:07:00,BID_DEPTH,"[(99553, 637)]"
2019-06-28 10:07:00,ASK_DEPTH,"[(99630, 637)]"
2019-06-28 10:07:00,IMBALANCE,"[637, 637]"
2019-06-28 10:08:00,BID_DEPTH,"[(99553, 187)]"
2019-06-28 10:08:00,ASK_DEPTH,"[(99630, 287)]"
2019-06-28 10:08:00,IMBALANCE,"[187, 287]"
2019-06-28 10:09:00,BID_DEPTH,"[(99457, 187)]"
2019-06-28 10:09:00,ASK_DEPTH,"[(99630, 287)]"
2019-06-28 10:09:00,IMBALANCE,"[187, 287]"
2019-06-28 10:10:00,BID_DEPTH,"[(99554, 318)]"
2019-06-28 10:10:00,ASK_DEPTH,"[(99630, 318)]"
2019-06-28 10:10:00,IMBALANCE,"[318, 318]"
2019-06-28 10:11:00,BID_DEPTH,"[(99554, 187)]"
2019-06-28 10:11:00,ASK_DEPTH,"[(99862, 187)]"
2019-06-28 10:11:00,IMBALANCE,"[187, 187]"
2019-06-28 10:12:00,BID_DEPTH,"[(99554, 537)]"
2019-06-28 10:12:00,ASK_DEPTH,"[(99862, 537)]"
2019-06-28 10:12:00,IMBALANCE,"[537, 537]"
2019-06-28 10:13:00,BID_DEPTH,"[(99554, 209)]"
2019-06-28 10:13:00,ASK_DEPTH,"[(99863, 209)]"
2019-06-28 10:13:00,IMBALANCE,"[209, 209]"
2019-06-28 10:14:00,BID_DEPTH,"[(99863, 200)]"
2019-06-28 10:14:00,ASK_DEPTH,"[(100141, 209)]"
2019-06-28 10:14:00,IMBALANCE,"[200, 209]"
2019-06-28 10:15:00,BID_DEPTH,"[(99863, 178)]"
2019-06-28 10:15:00,ASK_DEPTH,"[(100228, 187)]"
2019-06-28 10:15:00,IMBALANCE,"[178, 187]"
2019-06-28 10:16:00,BID_DEPTH,"[(99863, 309)]"
2019-06-28 10:16:00,ASK_DEPTH,"[(100228, 318)]"
2019-06-28 10:16:00,IMBALANCE,"[309, 318]"
2019-06-28 10:17:00,BID_DEPTH,"[(100141, 209)]"
2019-06-28 10:17:00,ASK_DEPTH,"[(100190, 209)]"
2019-06-28 10:17:00,IMBALANCE,"[209, 209]"
2019-06-28 10:18:00,BID_DEPTH,"[(100141, 209)]"
2019-06-28 10:18:00,ASK_DEPTH,"[(100228, 209)]"
2019-06-28 10:18:00,IMBALANCE,"[209, 209]"
2019-06-28 10:19:00,BID_DEPTH,"[(100228, 537)]"
2019-06-28 10:19:00,ASK_DEPTH,"[(100329, 537)]"
2019-06-28 10:19:00,IMBALANCE,"[537, 537]"
2019-06-28 10:20:00,BID_DEPTH,"[(100228, 418)]"
2019-06-28 10:20:00,ASK_DEPTH,"[(100329, 318)]"
2019-06-28 10:20:00,IMBALANCE,"[418, 318]"
2019-06-28 10:21:00,BID_DEPTH,"[(100190, 187)]"
2019-06-28 10:21:00,ASK_DEPTH,"[(100329, 81)]"
2019-06-28 10:21:00,IMBALANCE,"[187, 81]"
2019-06-28 10:21:00,HOLDINGS_UPDATED,"{'CASH': 9899671, 'JPM': 1}"
2019-06-28 10:22:00,BID_DEPTH,"[(100141, 209)]"
2019-06-28 10:22:00,ASK_DEPTH,"[(100329, 11)]"
2019-06-28 10:22:00,IMBALANCE,"[209, 11]"
2019-06-28 10:22:00,HOLDINGS_UPDATED,"{'CASH': 9799342, 'JPM': 2}"
2019-06-28 10:23:00,BID_DEPTH,"[(100206, 187)]"
2019-06-28 10:23:00,ASK_DEPTH,"[(100292, 81)]"
2019-06-28 10:23:00,IMBALANCE,"[187, 81]"
2019-06-28 10:23:00,HOLDINGS_UPDATED,"{'CASH': 9699050, 'JPM': 3}"
2019-06-28 10:24:00,BID_DEPTH,"[(100117, 318)]"
2019-06-28 10:24:00,ASK_DEPTH,"[(100322, 212)]"
2019-06-28 10:24:00,IMBALANCE,"[318, 212]"
2019-06-28 10:24:00,HOLDINGS_UPDATED,"{'CASH': 9598728, 'JPM': 4}"
2019-06-28 10:25:00,BID_DEPTH,"[(100063, 249)]"
2019-06-28 10:25:00,ASK_DEPTH,"[(100155, 143)]"
2019-06-28 10:25:00,IMBALANCE,"[249, 143]"
2019-06-28 10:25:00,HOLDINGS_UPDATED,"{'CASH': 9498573, 'JPM': 5}"
2019-06-28 10:26:00,BID_DEPTH,"[(100059, 209)]"
2019-06-28 10:26:00,ASK_DEPTH,"[(100322, 203)]"
2019-06-28 10:26:00,IMBALANCE,"[209, 203]"
2019-06-28 10:26:00,HOLDINGS_UPDATED,"{'CASH': 9398251, 'JPM': 6}"
2019-06-28 10:27:00,BID_DEPTH,"[(100059, 209)]"
2019-06-28 10:27:00,ASK_DEPTH,"[(100322, 91)]"
2019-06-28 10:27:00,IMBALANCE,"[209, 91]"
2019-06-28 10:27:00,HOLDINGS_UPDATED,"{'CASH': 9297929, 'JPM': 7}"
2019-06-28 10:28:00,BID_DEPTH,"[(100059, 187)]"
2019-06-28 10:28:00,ASK_DEPTH,"[(100322, 81)]"
2019-06-28 10:28:00,IMBALANCE,"[187, 81]"
2019-06-28 10:28:00,HOLDINGS_UPDATED,"{'CASH': 9197607, 'JPM': 8}"
2019-06-28 10:29:00,BID_DEPTH,"[(99913, 318)]"
2019-06-28 10:29:00,ASK_DEPTH,"[(100059, 312)]"
2019-06-28 10:29:00,IMBALANCE,"[318, 312]"
2019-06-28 10:29:00,HOLDINGS_UPDATED,"{'CASH': 9097548, 'JPM': 9}"
2019-06-28 10:30:00,BID_DEPTH,"[(99905, 187)]"
2019-06-28 10:30:00,ASK_DEPTH,"[(100059, 69)]"
2019-06-28 10:30:00,IMBALANCE,"[187, 69]"
2019-06-28 10:30:00,HOLDINGS_UPDATED,"{'CASH': 8997489, 'JPM': 10}"
2019-06-28 10:31:00,BID_DEPTH,"[(99905, 209)]"
2019-06-28 10:31:00,ASK_DEPTH,"[(100059, 103)]"
2019-06-28 10:31:00,IMBALANCE,"[209, 103]"
2019-06-28 10:31:00,HOLDINGS_UPDATED,"{'CASH': 8897430, 'JPM': 11}"
2019-06-28 10:32:00,BID_DEPTH,"[(99755, 209)]"
2019-06-28 10:32:00,ASK_DEPTH,"[(99905, 103)]"
2019-06-28 10:32:00,IMBALANCE,"[209, 103]"
2019-06-28 10:32:00,HOLDINGS_UPDATED,"{'CASH': 8797525, 'JPM': 12}"
2019-06-28 10:33:00,BID_DEPTH,"[(99699, 318)]"
2019-06-28 10:33:00,ASK_DEPTH,"[(100542, 212)]"
2019-06-28 10:33:00,IMBALANCE,"[318, 212]"
2019-06-28 10:33:00,HOLDINGS_UPDATED,"{'CASH': 8696983, 'JPM': 13}"
2019-06-28 10:34:00,BID_DEPTH,"[(99478, 209)]"
2019-06-28 10:34:00,ASK_DEPTH,"[(100542, 103)]"
2019-06-28 10:34:00,IMBALANCE,"[209, 103]"
2019-06-28 10:34:00,HOLDINGS_UPDATED,"{'CASH': 8596441, 'JPM': 14}"
2019-06-28 10:35:00,BID_DEPTH,"[(99458, 537)]"
2019-06-28 10:35:00,ASK_DEPTH,"[(100542, 431)]"
2019-06-28 10:35:00,IMBALANCE,"[537, 431]"
2019-06-28 10:35:00,HOLDINGS_UPDATED,"{'CASH': 8495899, 'JPM': 15}"
2019-06-28 10:36:00,BID_DEPTH,"[(99529, 318)]"
2019-06-28 10:36:00,ASK_DEPTH,"[(99711, 212)]"
2019-06-28 10:36:00,IMBALANCE,"[318, 212]"
2019-06-28 10:36:00,HOLDINGS_UPDATED,"{'CASH': 8396188, 'JPM': 16}"
2019-06-28 10:37:00,BID_DEPTH,"[(99677, 537)]"
2019-06-28 10:37:00,ASK_DEPTH,"[(99764, 431)]"
2019-06-28 10:37:00,IMBALANCE,"[537, 431]"
2019-06-28 10:37:00,HOLDINGS_UPDATED,"{'CASH': 8296424, 'JPM': 17}"
2019-06-28 10:38:00,BID_DEPTH,"[(99764, 209)]"
2019-06-28 10:38:00,ASK_DEPTH,"[(100542, 103)]"
2019-06-28 10:38:00,IMBALANCE,"[209, 103]"
2019-06-28 10:38:00,HOLDINGS_UPDATED,"{'CASH': 8195882, 'JPM': 18}"
2019-06-28 10:39:00,BID_DEPTH,"[(99859, 318)]"
2019-06-28 10:39:00,ASK_DEPTH,"[(100078, 212)]"
2019-06-28 10:39:00,IMBALANCE,"[318, 212]"
2019-06-28 10:39:00,HOLDINGS_UPDATED,"{'CASH': 8095804, 'JPM': 19}"
2019-06-28 10:40:00,BID_DEPTH,"[(99722, 537)]"
2019-06-28 10:40:00,ASK_DEPTH,"[(99732, 431)]"
2019-06-28 10:40:00,IMBALANCE,"[537, 431]"
2019-06-28 10:40:00,HOLDINGS_UPDATED,"{'CASH': 7996072, 'JPM': 20}"
2019-06-28 10:41:00,BID_DEPTH,"[(99929, 187)]"
2019-06-28 10:41:00,ASK_DEPTH,"[(99980, 81)]"
2019-06-28 10:41:00,IMBALANCE,"[187, 81]"
2019-06-28 10:41:00,HOLDINGS_UPDATED,"{'CASH': 7896092, 'JPM': 21}"
2019-06-28 10:42:00,BID_DEPTH,"[(99980, 134)]"
2019-06-28 10:42:00,ASK_DEPTH,"[(100323, 103)]"
2019-06-28 10:42:00,IMBALANCE,"[134, 103]"
2019-06-28 10:42:00,HOLDINGS_UPDATED,"{'CASH': 7795769, 'JPM': 22}"
2019-06-28 10:43:00,BID_DEPTH,"[(99980, 174)]"
2019-06-28 10:43:00,ASK_DEPTH,"[(100001, 143)]"
2019-06-28 10:43:00,IMBALANCE,"[174, 143]"
2019-06-28 10:43:00,HOLDINGS_UPDATED,"{'CASH': 7695768, 'JPM': 23}"
2019-06-28 10:44:00,BID_DEPTH,"[(99980, 112)]"
2019-06-28 10:44:00,ASK_DEPTH,"[(100265, 81)]"
2019-06-28 10:44:00,IMBALANCE,"[112, 81]"
2019-06-28 10:44:00,HOLDINGS_UPDATED,"{'CASH': 7595503, 'JPM': 24}"
2019-06-28 10:45:00,BID_DEPTH,"[(100265, 234)]"
2019-06-28 10:45:00,ASK_DEPTH,"[(100622, 103)]"
2019-06-28 10:45:00,IMBALANCE,"[234, 103]"
2019-06-28 10:45:00,HOLDINGS_UPDATED,"{'CASH': 7494881, 'JPM': 25}"
2019-06-28 10:46:00,BID_DEPTH,"[(100265, 212)]"
2019-06-28 10:46:00,ASK_DEPTH,"[(100657, 176)]"
2019-06-28 10:46:00,IMBALANCE,"[212, 176]"
2019-06-28 10:46:00,HOLDINGS_UPDATED,"{'CASH': 7394224, 'JPM': 26}"
2019-06-28 10:47:00,BID_DEPTH,"[(100265, 249)]"
2019-06-28 10:47:00,ASK_DEPTH,"[(100876, 143)]"
2019-06-28 10:47:00,IMBALANCE,"[249, 143]"
2019-06-28 10:47:00,HOLDINGS_UPDATED,"{'CASH': 7293348, 'JPM': 27}"
2019-06-28 10:48:00,BID_DEPTH,"[(100876, 192)]"
2019-06-28 10:48:00,ASK_DEPTH,"[(100910, 143)]"
2019-06-28 10:48:00,IMBALANCE,"[192, 143]"
2019-06-28 10:48:00,HOLDINGS_UPDATED,"{'CASH': 7192438, 'JPM': 28}"
2019-06-28 10:49:00,BID_DEPTH,"[(100689, 249)]"
2019-06-28 10:49:00,ASK_DEPTH,"[(100910, 51)]"
2019-06-28 10:49:00,IMBALANCE,"[249, 51]"
2019-06-28 10:49:00,HOLDINGS_UPDATED,"{'CASH': 7091528, 'JPM': 29}"
2019-06-28 10:50:00,BID_DEPTH,"[(100689, 249)]"
2019-06-28 10:50:00,ASK_DEPTH,"[(100910, 51)]"
2019-06-28 10:50:00,IMBALANCE,"[249, 51]"
2019-06-28 10:50:00,HOLDINGS_UPDATED,"{'CASH': 6990618, 'JPM': 30}"
2019-06-28 10:51:00,BID_DEPTH,"[(100689, 209)]"
2019-06-28 10:51:00,ASK_DEPTH,"[(100910, 211)]"
2019-06-28 10:51:00,IMBALANCE,"[209, 211]"
2019-06-28 10:51:00,HOLDINGS_UPDATED,"{'CASH': 6889708, 'JPM': 31}"
2019-06-28 10:52:00,BID_DEPTH,"[(100280, 249)]"
2019-06-28 10:52:00,ASK_DEPTH,"[(100431, 143)]"
2019-06-28 10:52:00,IMBALANCE,"[249, 143]"
2019-06-28 10:52:00,HOLDINGS_UPDATED,"{'CASH': 6789277, 'JPM': 32}"
2019-06-28 10:53:00,BID_DEPTH,"[(100280, 318)]"
2019-06-28 10:53:00,ASK_DEPTH,"[(100431, 212)]"
2019-06-28 10:53:00,IMBALANCE,"[318, 212]"
2019-06-28 10:53:00,HOLDINGS_UPDATED,"{'CASH': 6688846, 'JPM': 33}"
2019-06-28 10:54:00,BID_DEPTH,"[(100320, 537)]"
2019-06-28 10:54:00,ASK_DEPTH,"[(100599, 431)]"
2019-06-28 10:54:00,IMBALANCE,"[537, 431]"
2019-06-28 10:54:00,HOLDINGS_UPDATED,"{'CASH': 6588247, 'JPM': 34}"
2019-06-28 10:55:00,BID_DEPTH,"[(100320, 209)]"
2019-06-28 10:55:00,ASK_DEPTH,"[(100804, 103)]"
2019-06-28 10:55:00,IMBALANCE,"[209, 103]"
2019-06-28 10:55:00,HOLDINGS_UPDATED,"{'CASH': 6487443, 'JPM': 35}"
2019-06-28 10:56:00,BID_DEPTH,"[(100320, 537)]"
2019-06-28 10:56:00,ASK_DEPTH,"[(100910, 435)]"
2019-06-28 10:56:00,IMBALANCE,"[537, 435]"
2019-06-28 10:56:00,HOLDINGS_UPDATED,"{'CASH': 6386533, 'JPM': 36}"
2019-06-28 10:57:00,BID_DEPTH,"[(100320, 318)]"
2019-06-28 10:57:00,ASK_DEPTH,"[(100483, 212)]"
2019-06-28 10:57:00,IMBALANCE,"[318, 212]"
2019-06-28 10:57:00,HOLDINGS_UPDATED,"{'CASH': 6286050, 'JPM': 37}"
2019-06-28 10:58:00,BID_DEPTH,"[(100487, 187)]"
2019-06-28 10:58:00,ASK_DEPTH,"[(100533, 81)]"
2019-06-28 10:58:00,IMBALANCE,"[187, 81]"
2019-06-28 10:58:00,HOLDINGS_UPDATED,"{'CASH': 6185517, 'JPM': 38}"
2019-06-28 10:59:00,BID_DEPTH,"[(100602, 318)]"
2019-06-28 10:59:00,ASK_DEPTH,"[(100807, 212)]"
2019-06-28 10:59:00,IMBALANCE,"[318, 212]"
2019-06-28 10:59:00,HOLDINGS_UPDATED,"{'CASH': 6084710, 'JPM': 39}"
2019-06-28 11:00:00,BID_DEPTH,"[(100791, 318)]"
2019-06-28 11:00:00,ASK_DEPTH,"[(100807, 120)]"
2019-06-28 11:00:00,IMBALANCE,"[318, 120]"
2019-06-28 11:00:00,HOLDINGS_UPDATED,"{'CASH': 5983903, 'JPM': 40}"
2019-06-28 11:01:00,BID_DEPTH,"[(100656, 537)]"
2019-06-28 11:01:00,ASK_DEPTH,"[(100806, 431)]"
2019-06-28 11:01:00,IMBALANCE,"[537, 431]"
2019-06-28 11:01:00,HOLDINGS_UPDATED,"{'CASH': 5883097, 'JPM': 41}"
2019-06-28 11:02:00,BID_DEPTH,"[(100656, 209)]"
2019-06-28 11:02:00,ASK_DEPTH,"[(100806, 11)]"
2019-06-28 11:02:00,IMBALANCE,"[209, 11]"
2019-06-28 11:02:00,HOLDINGS_UPDATED,"{'CASH': 5782291, 'JPM': 42}"
2019-06-28 11:03:00,BID_DEPTH,"[(100656, 249)]"
2019-06-28 11:03:00,ASK_DEPTH,"[(100806, 143)]"
2019-06-28 11:03:00,IMBALANCE,"[249, 143]"
2019-06-28 11:03:00,HOLDINGS_UPDATED,"{'CASH': 5681485, 'JPM': 43}"
2019-06-28 11:04:00,BID_DEPTH,"[(100656, 209)]"
2019-06-28 11:04:00,ASK_DEPTH,"[(100806, 103)]"
2019-06-28 11:04:00,IMBALANCE,"[209, 103]"
2019-06-28 11:04:00,HOLDINGS_UPDATED,"{'CASH': 5580679, 'JPM': 44}"
2019-06-28 11:05:00,BID_DEPTH,"[(100533, 134)]"
2019-06-28 11:05:00,ASK_DEPTH,"[(100806, 103)]"
2019-06-28 11:05:00,IMBALANCE,"[134, 103]"
2019-06-28 11:05:00,HOLDINGS_UPDATED,"{'CASH': 5479873, 'JPM': 45}"
2019-06-28 11:06:00,BID_DEPTH,"[(100487, 537)]"
2019-06-28 11:06:00,ASK_DEPTH,"[(100807, 339)]"
2019-06-28 11:06:00,IMBALANCE,"[537, 339]"
2019-06-28 11:06:00,HOLDINGS_UPDATED,"{'CASH': 5379066, 'JPM': 46}"
2019-06-28 11:07:00,BID_DEPTH,"[(100487, 209)]"
2019-06-28 11:07:00,ASK_DEPTH,"[(100807, 103)]"
2019-06-28 11:07:00,IMBALANCE,"[209, 103]"
2019-06-28 11:07:00,HOLDINGS_UPDATED,"{'CASH': 5278259, 'JPM': 47}"
2019-06-28 11:08:00,BID_DEPTH,"[(100338, 187)]"
2019-06-28 11:08:00,ASK_DEPTH,"[(100807, 281)]"
2019-06-28 11:08:00,IMBALANCE,"[187, 281]"
2019-06-28 11:08:00,HOLDINGS_UPDATED,"{'CASH': 5177452, 'JPM': 48}"
2019-06-28 11:09:00,BID_DEPTH,"[(100338, 209)]"
2019-06-28 11:09:00,ASK_DEPTH,"[(100539, 103)]"
2019-06-28 11:09:00,IMBALANCE,"[209, 103]"
2019-06-28 11:09:00,HOLDINGS_UPDATED,"{'CASH': 5076913, 'JPM': 49}"
2019-06-28 11:10:00,BID_DEPTH,"[(100338, 249)]"
2019-06-28 11:10:00,ASK_DEPTH,"[(100807, 231)]"
2019-06-28 11:10:00,IMBALANCE,"[249, 231]"
2019-06-28 11:10:00,HOLDINGS_UPDATED,"{'CASH': 4976106, 'JPM': 50}"
2019-06-28 11:11:00,BID_DEPTH,"[(100505, 187)]"
2019-06-28 11:11:00,ASK_DEPTH,"[(100621, 81)]"
2019-06-28 11:11:00,IMBALANCE,"[187, 81]"
2019-06-28 11:11:00,HOLDINGS_UPDATED,"{'CASH': 4875485, 'JPM': 51}"
2019-06-28 11:12:00,BID_DEPTH,"[(100505, 209)]"
2019-06-28 11:12:00,ASK_DEPTH,"[(100634, 103)]"
2019-06-28 11:12:00,IMBALANCE,"[209, 103]"
2019-06-28 11:12:00,HOLDINGS_UPDATED,"{'CASH': 4774851, 'JPM': 52}"
2019-06-28 11:13:00,BID_DEPTH,"[(100505, 249)]"
2019-06-28 11:13:00,ASK_DEPTH,"[(100807, 119)]"
2019-06-28 11:13:00,IMBALANCE,"[249, 119]"
2019-06-28 11:13:00,HOLDINGS_UPDATED,"{'CASH': 4674044, 'JPM': 53}"
2019-06-28 11:14:00,BID_DEPTH,"[(100505, 209)]"
2019-06-28 11:14:00,ASK_DEPTH,"[(101116, 103)]"
2019-06-28 11:14:00,IMBALANCE,"[209, 103]"
2019-06-28 11:14:00,HOLDINGS_UPDATED,"{'CASH': 4572928, 'JPM': 54}"
2019-06-28 11:15:00,BID_DEPTH,"[(100505, 318)]"
2019-06-28 11:15:00,ASK_DEPTH,"[(101303, 212)]"
2019-06-28 11:15:00,IMBALANCE,"[318, 212]"
2019-06-28 11:15:00,HOLDINGS_UPDATED,"{'CASH': 4471625, 'JPM': 55}"
2019-06-28 11:16:00,BID_DEPTH,"[(101244, 187)]"
2019-06-28 11:16:00,ASK_DEPTH,"[(101298, 81)]"
2019-06-28 11:16:00,IMBALANCE,"[187, 81]"
2019-06-28 11:16:00,HOLDINGS_UPDATED,"{'CASH': 4370327, 'JPM': 56}"
2019-06-28 11:17:00,BID_DEPTH,"[(101198, 537)]"
2019-06-28 11:17:00,ASK_DEPTH,"[(101298, 339)]"
2019-06-28 11:17:00,IMBALANCE,"[537, 339]"
2019-06-28 11:17:00,HOLDINGS_UPDATED,"{'CASH': 4269029, 'JPM': 57}"
2019-06-28 11:18:00,BID_DEPTH,"[(101180, 187)]"
2019-06-28 11:18:00,ASK_DEPTH,"[(101297, 81)]"
2019-06-28 11:18:00,IMBALANCE,"[187, 81]"
2019-06-28 11:18:00,HOLDINGS_UPDATED,"{'CASH': 4167732, 'JPM': 58}"
2019-06-28 11:19:00,BID_DEPTH,"[(100505, 187)]"
2019-06-28 11:19:00,ASK_DEPTH,"[(101298, 84)]"
2019-06-28 11:19:00,IMBALANCE,"[187, 84]"
2019-06-28 11:19:00,HOLDINGS_UPDATED,"{'CASH': 4066434, 'JPM': 59}"
2019-06-28 11:20:00,BID_DEPTH,"[(101376, 187)]"
2019-06-28 11:20:00,ASK_DEPTH,"[(101473, 81)]"
2019-06-28 11:20:00,IMBALANCE,"[187, 81]"
2019-06-28 11:20:00,HOLDINGS_UPDATED,"{'CASH': 3964961, 'JPM': 60}"
2019-06-28 11:21:00,BID_DEPTH,"[(101376, 187)]"
2019-06-28 11:21:00,ASK_DEPTH,"[(101473, 189)]"
2019-06-28 11:21:00,IMBALANCE,"[187, 189]"
2019-06-28 11:21:00,HOLDINGS_UPDATED,"{'CASH': 3863488, 'JPM': 61}"
2019-06-28 11:22:00,BID_DEPTH,"[(101458, 187)]"
2019-06-28 11:22:00,ASK_DEPTH,"[(101468, 81)]"
2019-06-28 11:22:00,IMBALANCE,"[187, 81]"
2019-06-28 11:22:00,HOLDINGS_UPDATED,"{'CASH': 3762020, 'JPM': 62}"
2019-06-28 11:23:00,BID_DEPTH,"[(101339, 209)]"
2019-06-28 11:23:00,ASK_DEPTH,"[(101468, 11)]"
2019-06-28 11:23:00,IMBALANCE,"[209, 11]"
2019-06-28 11:23:00,HOLDINGS_UPDATED,"{'CASH': 3660552, 'JPM': 63}"
2019-06-28 11:24:00,BID_DEPTH,"[(100505, 249)]"
2019-06-28 11:24:00,ASK_DEPTH,"[(101298, 243)]"
2019-06-28 11:24:00,IMBALANCE,"[249, 243]"
2019-06-28 11:24:00,HOLDINGS_UPDATED,"{'CASH': 3559254, 'JPM': 64}"
2019-06-28 11:25:00,BID_DEPTH,"[(100260, 318)]"
2019-06-28 11:25:00,ASK_DEPTH,"[(101298, 200)]"
2019-06-28 11:25:00,IMBALANCE,"[318, 200]"
2019-06-28 11:25:00,HOLDINGS_UPDATED,"{'CASH': 3457956, 'JPM': 65}"
2019-06-28 11:26:00,BID_DEPTH,"[(100260, 318)]"
2019-06-28 11:26:00,ASK_DEPTH,"[(100372, 212)]"
2019-06-28 11:26:00,IMBALANCE,"[318, 212]"
2019-06-28 11:26:00,HOLDINGS_UPDATED,"{'CASH': 3357584, 'JPM': 66}"
2019-06-28 11:27:00,BID_DEPTH,"[(100226, 537)]"
2019-06-28 11:27:00,ASK_DEPTH,"[(100339, 431)]"
2019-06-28 11:27:00,IMBALANCE,"[537, 431]"
2019-06-28 11:27:00,HOLDINGS_UPDATED,"{'CASH': 3257245, 'JPM': 67}"
2019-06-28 11:28:00,BID_DEPTH,"[(100241, 187)]"
2019-06-28 11:28:00,ASK_DEPTH,"[(100372, 81)]"
2019-06-28 11:28:00,IMBALANCE,"[187, 81]"
2019-06-28 11:28:00,HOLDINGS_UPDATED,"{'CASH': 3156873, 'JPM': 68}"
2019-06-28 11:29:00,BID_DEPTH,"[(100241, 209)]"
2019-06-28 11:29:00,ASK_DEPTH,"[(100379, 103)]"
2019-06-28 11:29:00,IMBALANCE,"[209, 103]"
2019-06-28 11:29:00,HOLDINGS_UPDATED,"{'CASH': 3056494, 'JPM': 69}"
2019-06-28 11:30:00,BID_DEPTH,"[(100294, 209)]"
2019-06-28 11:30:00,ASK_DEPTH,"[(100379, 103)]"
2019-06-28 11:30:00,IMBALANCE,"[209, 103]"
2019-06-28 11:30:00,HOLDINGS_UPDATED,"{'CASH': 2956115, 'JPM': 70}"
2019-06-28 11:31:00,BID_DEPTH,"[(100226, 318)]"
2019-06-28 11:31:00,ASK_DEPTH,"[(100381, 212)]"
2019-06-28 11:31:00,IMBALANCE,"[318, 212]"
2019-06-28 11:31:00,HOLDINGS_UPDATED,"{'CASH': 2855734, 'JPM': 71}"
2019-06-28 11:32:00,BID_DEPTH,"[(100346, 318)]"
2019-06-28 11:32:00,ASK_DEPTH,"[(100404, 212)]"
2019-06-28 11:32:00,IMBALANCE,"[318, 212]"
2019-06-28 11:32:00,HOLDINGS_UPDATED,"{'CASH': 2755330, 'JPM': 72}"
2019-06-28 11:33:00,BID_DEPTH,"[(100346, 537)]"
2019-06-28 11:33:00,ASK_DEPTH,"[(100508, 531)]"
2019-06-28 11:33:00,IMBALANCE,"[537, 531]"
2019-06-28 11:33:00,HOLDINGS_UPDATED,"{'CASH': 2654822, 'JPM': 73}"
2019-06-28 11:34:00,BID_DEPTH,"[(100508, 187)]"
2019-06-28 11:34:00,ASK_DEPTH,"[(100644, 81)]"
2019-06-28 11:34:00,IMBALANCE,"[187, 81]"
2019-06-28 11:34:00,HOLDINGS_UPDATED,"{'CASH': 2554178, 'JPM': 74}"
2019-06-28 11:35:00,BID_DEPTH,"[(100740, 209)]"
2019-06-28 11:35:00,ASK_DEPTH,"[(101468, 11)]"
2019-06-28 11:35:00,IMBALANCE,"[209, 11]"
2019-06-28 11:35:00,HOLDINGS_UPDATED,"{'CASH': 2452710, 'JPM': 75}"
2019-06-28 11:36:00,BID_DEPTH,"[(100644, 187)]"
2019-06-28 11:36:00,ASK_DEPTH,"[(100899, 81)]"
2019-06-28 11:36:00,IMBALANCE,"[187, 81]"
2019-06-28 11:36:00,HOLDINGS_UPDATED,"{'CASH': 2351811, 'JPM': 76}"
2019-06-28 11:37:00,BID_DEPTH,"[(100650, 537)]"
2019-06-28 11:37:00,ASK_DEPTH,"[(100899, 431)]"
2019-06-28 11:37:00,IMBALANCE,"[537, 431]"
2019-06-28 11:37:00,HOLDINGS_UPDATED,"{'CASH': 2250912, 'JPM': 77}"
2019-06-28 11:38:00,BID_DEPTH,"[(100376, 318)]"
2019-06-28 11:38:00,ASK_DEPTH,"[(100650, 212)]"
2019-06-28 11:38:00,IMBALANCE,"[318, 212]"
2019-06-28 11:38:00,HOLDINGS_UPDATED,"{'CASH': 2150262, 'JPM': 78}"
2019-06-28 11:39:00,BID_DEPTH,"[(100372, 209)]"
2019-06-28 11:39:00,ASK_DEPTH,"[(101473, 11)]"
2019-06-28 11:39:00,IMBALANCE,"[209, 11]"
2019-06-28 11:39:00,HOLDINGS_UPDATED,"{'CASH': 2048789, 'JPM': 79}"
2019-06-28 11:40:00,BID_DEPTH,"[(100304, 100)]"
2019-06-28 11:40:00,ASK_DEPTH,[]
2019-06-28 11:40:00,IMBALANCE,"[100, 0]"
2019-06-28 11:41:00,BID_DEPTH,"[(100346, 100)]"
2019-06-28 11:41:00,ASK_DEPTH,[]
2019-06-28 11:41:00,IMBALANCE,"[100, 0]"
2019-06-28 11:42:00,BID_DEPTH,"[(100304, 143)]"
2019-06-28 11:42:00,ASK_DEPTH,"[(100531, 249)]"
2019-06-28 11:42:00,IMBALANCE,"[143, 249]"
2019-06-28 11:42:00,HOLDINGS_UPDATED,"{'CASH': 2149093, 'JPM': 78}"
2019-06-28 11:43:00,BID_DEPTH,"[(100304, 103)]"
2019-06-28 11:43:00,ASK_DEPTH,"[(100444, 209)]"
2019-06-28 11:43:00,IMBALANCE,"[103, 209]"
2019-06-28 11:43:00,HOLDINGS_UPDATED,"{'CASH': 2249397, 'JPM': 77}"
2019-06-28 11:44:00,BID_DEPTH,"[(100287, 431)]"
2019-06-28 11:44:00,ASK_DEPTH,"[(100303, 537)]"
2019-06-28 11:44:00,IMBALANCE,"[431, 537]"
2019-06-28 11:44:00,HOLDINGS_UPDATED,"{'CASH': 2349684, 'JPM': 76}"
2019-06-28 11:45:00,BID_DEPTH,"[(100301, 212)]"
2019-06-28 11:45:00,ASK_DEPTH,"[(100303, 318)]"
2019-06-28 11:45:00,IMBALANCE,"[212, 318]"
2019-06-28 11:45:00,HOLDINGS_UPDATED,"{'CASH': 2449985, 'JPM': 75}"
2019-06-28 11:46:00,BID_DEPTH,"[(100224, 431)]"
2019-06-28 11:46:00,ASK_DEPTH,"[(100303, 537)]"
2019-06-28 11:46:00,IMBALANCE,"[431, 537]"
2019-06-28 11:46:00,HOLDINGS_UPDATED,"{'CASH': 2550209, 'JPM': 74}"
2019-06-28 11:47:00,BID_DEPTH,"[(100303, 103)]"
2019-06-28 11:47:00,ASK_DEPTH,"[(100444, 209)]"
2019-06-28 11:47:00,IMBALANCE,"[103, 209]"
2019-06-28 11:47:00,HOLDINGS_UPDATED,"{'CASH': 2650512, 'JPM': 73}"
2019-06-28 11:48:00,BID_DEPTH,"[(100225, 431)]"
2019-06-28 11:48:00,ASK_DEPTH,"[(100444, 537)]"
2019-06-28 11:48:00,IMBALANCE,"[431, 537]"
2019-06-28 11:48:00,HOLDINGS_UPDATED,"{'CASH': 2750737, 'JPM': 72}"
2019-06-28 11:49:00,BID_DEPTH,"[(100258, 143)]"
2019-06-28 11:49:00,ASK_DEPTH,"[(100332, 249)]"
2019-06-28 11:49:00,IMBALANCE,"[143, 249]"
2019-06-28 11:49:00,HOLDINGS_UPDATED,"{'CASH': 2850995, 'JPM': 71}"
2019-06-28 11:50:00,BID_DEPTH,"[(100258, 81)]"
2019-06-28 11:50:00,ASK_DEPTH,"[(100444, 187)]"
2019-06-28 11:50:00,IMBALANCE,"[81, 187]"
2019-06-28 11:50:00,HOLDINGS_UPDATED,"{'CASH': 2951253, 'JPM': 70}"
2019-06-28 11:51:00,BID_DEPTH,"[(100224, 143)]"
2019-06-28 11:51:00,ASK_DEPTH,"[(100537, 249)]"
2019-06-28 11:51:00,IMBALANCE,"[143, 249]"
2019-06-28 11:51:00,HOLDINGS_UPDATED,"{'CASH': 3051477, 'JPM': 69}"
2019-06-28 11:52:00,BID_DEPTH,"[(100267, 431)]"
2019-06-28 11:52:00,ASK_DEPTH,"[(100355, 537)]"
2019-06-28 11:52:00,IMBALANCE,"[431, 537]"
2019-06-28 11:52:00,HOLDINGS_UPDATED,"{'CASH': 3151744, 'JPM': 68}"
2019-06-28 11:53:00,BID_DEPTH,"[(100224, 143)]"
2019-06-28 11:53:00,ASK_DEPTH,"[(100301, 249)]"
2019-06-28 11:53:00,IMBALANCE,"[143, 249]"
2019-06-28 11:53:00,HOLDINGS_UPDATED,"{'CASH': 3251968, 'JPM': 67}"
2019-06-28 11:54:00,BID_DEPTH,"[(100182, 103)]"
2019-06-28 11:54:00,ASK_DEPTH,"[(100301, 209)]"
2019-06-28 11:54:00,IMBALANCE,"[103, 209]"
2019-06-28 11:54:00,HOLDINGS_UPDATED,"{'CASH': 3352150, 'JPM': 66}"
2019-06-28 11:55:00,BID_DEPTH,"[(100149, 103)]"
2019-06-28 11:55:00,ASK_DEPTH,"[(100301, 209)]"
2019-06-28 11:55:00,IMBALANCE,"[103, 209]"
2019-06-28 11:55:00,HOLDINGS_UPDATED,"{'CASH': 3452299, 'JPM': 65}"
2019-06-28 11:56:00,BID_DEPTH,"[(100064, 103)]"
2019-06-28 11:56:00,ASK_DEPTH,"[(100301, 209)]"
2019-06-28 11:56:00,IMBALANCE,"[103, 209]"
2019-06-28 11:56:00,HOLDINGS_UPDATED,"{'CASH': 3552363, 'JPM': 64}"
2019-06-28 11:57:00,BID_DEPTH,"[(100064, 103)]"
2019-06-28 11:57:00,ASK_DEPTH,"[(100355, 209)]"
2019-06-28 11:57:00,IMBALANCE,"[103, 209]"
2019-06-28 11:57:00,HOLDINGS_UPDATED,"{'CASH': 3652427, 'JPM': 63}"
2019-06-28 11:58:00,BID_DEPTH,"[(99962, 212)]"
2019-06-28 11:58:00,ASK_DEPTH,"[(100486, 318)]"
2019-06-28 11:58:00,IMBALANCE,"[212, 318]"
2019-06-28 11:58:00,HOLDINGS_UPDATED,"{'CASH': 3752389, 'JPM': 62}"
2019-06-28 11:59:00,BID_DEPTH,"[(100426, 431)]"
2019-06-28 11:59:00,ASK_DEPTH,"[(100486, 537)]"
2019-06-28 11:59:00,IMBALANCE,"[431, 537]"
2019-06-28 11:59:00,HOLDINGS_UPDATED,"{'CASH': 3852815, 'JPM': 61}"
2019-06-28 12:00:00,BID_DEPTH,"[(100426, 103)]"
2019-06-28 12:00:00,ASK_DEPTH,"[(100537, 209)]"
2019-06-28 12:00:00,IMBALANCE,"[103, 209]"
2019-06-28 12:00:00,HOLDINGS_UPDATED,"{'CASH': 3953241, 'JPM': 60}"
2019-06-28 12:01:00,BID_DEPTH,"[(100537, 103)]"
2019-06-28 12:01:00,ASK_DEPTH,"[(100567, 209)]"
2019-06-28 12:01:00,IMBALANCE,"[103, 209]"
2019-06-28 12:01:00,HOLDINGS_UPDATED,"{'CASH': 4053778, 'JPM': 59}"
2019-06-28 12:02:00,BID_DEPTH,"[(100537, 81)]"
2019-06-28 12:02:00,ASK_DEPTH,"[(100604, 187)]"
2019-06-28 12:02:00,IMBALANCE,"[81, 187]"
2019-06-28 12:02:00,HOLDINGS_UPDATED,"{'CASH': 4154315, 'JPM': 58}"
2019-06-28 12:03:00,BID_DEPTH,"[(100427, 431)]"
2019-06-28 12:03:00,ASK_DEPTH,"[(100510, 537)]"
2019-06-28 12:03:00,IMBALANCE,"[431, 537]"
2019-06-28 12:03:00,HOLDINGS_UPDATED,"{'CASH': 4254742, 'JPM': 57}"
2019-06-28 12:04:00,BID_DEPTH,"[(100342, 103)]"
2019-06-28 12:04:00,ASK_DEPTH,"[(100427, 209)]"
2019-06-28 12:04:00,IMBALANCE,"[103, 209]"
2019-06-28 12:04:00,HOLDINGS_UPDATED,"{'CASH': 4355084, 'JPM': 56}"
2019-06-28 12:05:00,BID_DEPTH,"[(100242, 212)]"
2019-06-28 12:05:00,ASK_DEPTH,"[(100341, 318)]"
2019-06-28 12:05:00,IMBALANCE,"[212, 318]"
2019-06-28 12:05:00,HOLDINGS_UPDATED,"{'CASH': 4455326, 'JPM': 55}"
2019-06-28 12:06:00,BID_DEPTH,"[(99963, 81)]"
2019-06-28 12:06:00,ASK_DEPTH,"[(100052, 187)]"
2019-06-28 12:06:00,IMBALANCE,"[81, 187]"
2019-06-28 12:06:00,HOLDINGS_UPDATED,"{'CASH': 4555289, 'JPM': 54}"
2019-06-28 12:07:00,BID_DEPTH,"[(99963, 212)]"
2019-06-28 12:07:00,ASK_DEPTH,"[(100052, 318)]"
2019-06-28 12:07:00,IMBALANCE,"[212, 318]"
2019-06-28 12:07:00,HOLDINGS_UPDATED,"{'CASH': 4655252, 'JPM': 53}"
2019-06-28 12:08:00,BID_DEPTH,"[(99963, 212)]"
2019-06-28 12:08:00,ASK_DEPTH,"[(100052, 318)]"
2019-06-28 12:08:00,IMBALANCE,"[212, 318]"
2019-06-28 12:08:00,HOLDINGS_UPDATED,"{'CASH': 4755215, 'JPM': 52}"
2019-06-28 12:09:00,BID_DEPTH,"[(99946, 212)]"
2019-06-28 12:09:00,ASK_DEPTH,"[(99963, 318)]"
2019-06-28 12:09:00,IMBALANCE,"[212, 318]"
2019-06-28 12:09:00,HOLDINGS_UPDATED,"{'CASH': 4855161, 'JPM': 51}"
2019-06-28 12:10:00,BID_DEPTH,"[(99829, 143)]"
2019-06-28 12:10:00,ASK_DEPTH,"[(99963, 249)]"
2019-06-28 12:10:00,IMBALANCE,"[143, 249]"
2019-06-28 12:10:00,HOLDINGS_UPDATED,"{'CASH': 4954990, 'JPM': 50}"
2019-06-28 12:11:00,BID_DEPTH,"[(99829, 111)]"
2019-06-28 12:11:00,ASK_DEPTH,"[(99963, 209)]"
2019-06-28 12:11:00,IMBALANCE,"[111, 209]"
2019-06-28 12:11:00,HOLDINGS_UPDATED,"{'CASH': 5054819, 'JPM': 49}"
2019-06-28 12:12:00,BID_DEPTH,"[(99751, 81)]"
2019-06-28 12:12:00,ASK_DEPTH,"[(99963, 187)]"
2019-06-28 12:12:00,IMBALANCE,"[81, 187]"
2019-06-28 12:12:00,HOLDINGS_UPDATED,"{'CASH': 5154570, 'JPM': 48}"
2019-06-28 12:13:00,BID_DEPTH,"[(99742, 431)]"
2019-06-28 12:13:00,ASK_DEPTH,"[(99751, 442)]"
2019-06-28 12:13:00,IMBALANCE,"[431, 442]"
2019-06-28 12:13:00,HOLDINGS_UPDATED,"{'CASH': 5254312, 'JPM': 47}"
2019-06-28 12:14:00,BID_DEPTH,"[(99761, 81)]"
2019-06-28 12:14:00,ASK_DEPTH,"[(99963, 187)]"
2019-06-28 12:14:00,IMBALANCE,"[81, 187]"
2019-06-28 12:14:00,HOLDINGS_UPDATED,"{'CASH': 5354073, 'JPM': 46}"
2019-06-28 12:15:00,BID_DEPTH,"[(99880, 212)]"
2019-06-28 12:15:00,ASK_DEPTH,"[(99963, 318)]"
2019-06-28 12:15:00,IMBALANCE,"[212, 318]"
2019-06-28 12:15:00,HOLDINGS_UPDATED,"{'CASH': 5453953, 'JPM': 45}"
2019-06-28 12:16:00,BID_DEPTH,"[(99879, 81)]"
2019-06-28 12:16:00,ASK_DEPTH,"[(99963, 187)]"
2019-06-28 12:16:00,IMBALANCE,"[81, 187]"
2019-06-28 12:16:00,HOLDINGS_UPDATED,"{'CASH': 5553832, 'JPM': 44}"
2019-06-28 12:17:00,BID_DEPTH,"[(99761, 220)]"
2019-06-28 12:17:00,ASK_DEPTH,"[(99879, 243)]"
2019-06-28 12:17:00,IMBALANCE,"[220, 243]"
2019-06-28 12:17:00,HOLDINGS_UPDATED,"{'CASH': 5653593, 'JPM': 43}"
2019-06-28 12:18:00,BID_DEPTH,"[(99761, 151)]"
2019-06-28 12:18:00,ASK_DEPTH,"[(99879, 174)]"
2019-06-28 12:18:00,IMBALANCE,"[151, 174]"
2019-06-28 12:18:00,HOLDINGS_UPDATED,"{'CASH': 5753354, 'JPM': 42}"
2019-06-28 12:19:00,BID_DEPTH,"[(99606, 176)]"
2019-06-28 12:19:00,ASK_DEPTH,"[(99751, 187)]"
2019-06-28 12:19:00,IMBALANCE,"[176, 187]"
2019-06-28 12:19:00,HOLDINGS_UPDATED,"{'CASH': 5852960, 'JPM': 41}"
2019-06-28 12:20:00,BID_DEPTH,"[(99606, 134)]"
2019-06-28 12:20:00,ASK_DEPTH,"[(99751, 249)]"
2019-06-28 12:20:00,IMBALANCE,"[134, 249]"
2019-06-28 12:20:00,HOLDINGS_UPDATED,"{'CASH': 5952566, 'JPM': 40}"
2019-06-28 12:21:00,BID_DEPTH,"[(99601, 143)]"
2019-06-28 12:21:00,ASK_DEPTH,"[(99751, 249)]"
2019-06-28 12:21:00,IMBALANCE,"[143, 249]"
2019-06-28 12:21:00,HOLDINGS_UPDATED,"{'CASH': 6052167, 'JPM': 39}"
2019-06-28 12:22:00,BID_DEPTH,"[(99516, 81)]"
2019-06-28 12:22:00,ASK_DEPTH,"[(99601, 130)]"
2019-06-28 12:22:00,IMBALANCE,"[81, 130]"
2019-06-28 12:22:00,HOLDINGS_UPDATED,"{'CASH': 6151683, 'JPM': 38}"
2019-06-28 12:23:00,BID_DEPTH,"[(99496, 103)]"
2019-06-28 12:23:00,ASK_DEPTH,"[(99601, 152)]"
2019-06-28 12:23:00,IMBALANCE,"[103, 152]"
2019-06-28 12:23:00,HOLDINGS_UPDATED,"{'CASH': 6251179, 'JPM': 37}"
2019-06-28 12:24:00,BID_DEPTH,"[(99263, 81)]"
2019-06-28 12:24:00,ASK_DEPTH,"[(99601, 130)]"
2019-06-28 12:24:00,IMBALANCE,"[81, 130]"
2019-06-28 12:24:00,HOLDINGS_UPDATED,"{'CASH': 6350442, 'JPM': 36}"
2019-06-28 12:25:00,BID_DEPTH,"[(98952, 103)]"
2019-06-28 12:25:00,ASK_DEPTH,"[(99263, 114)]"
2019-06-28 12:25:00,IMBALANCE,"[103, 114]"
2019-06-28 12:25:00,HOLDINGS_UPDATED,"{'CASH': 6449394, 'JPM': 35}"
2019-06-28 12:26:00,BID_DEPTH,"[(98610, 431)]"
2019-06-28 12:26:00,ASK_DEPTH,"[(98952, 732)]"
2019-06-28 12:26:00,IMBALANCE,"[431, 732]"
2019-06-28 12:26:00,HOLDINGS_UPDATED,"{'CASH': 6548004, 'JPM': 34}"
2019-06-28 12:27:00,BID_DEPTH,"[(98610, 339)]"
2019-06-28 12:27:00,ASK_DEPTH,"[(98641, 537)]"
2019-06-28 12:27:00,IMBALANCE,"[339, 537]"
2019-06-28 12:27:00,HOLDINGS_UPDATED,"{'CASH': 6646614, 'JPM': 33}"
2019-06-28 12:28:00,BID_DEPTH,"[(98537, 176)]"
2019-06-28 12:28:00,ASK_DEPTH,"[(98952, 382)]"
2019-06-28 12:28:00,IMBALANCE,"[176, 382]"
2019-06-28 12:28:00,HOLDINGS_UPDATED,"{'CASH': 6745151, 'JPM': 32}"
2019-06-28 12:29:00,BID_DEPTH,"[(98537, 72)]"
2019-06-28 12:29:00,ASK_DEPTH,"[(98952, 182)]"
2019-06-28 12:29:00,IMBALANCE,"[72, 182]"
2019-06-28 12:29:00,HOLDINGS_UPDATED,"{'CASH': 6843688, 'JPM': 31}"
2019-06-28 12:30:00,BID_DEPTH,"[(99263, 129)]"
2019-06-28 12:30:00,ASK_DEPTH,"[(99601, 192)]"
2019-06-28 12:30:00,IMBALANCE,"[129, 192]"
2019-06-28 12:30:00,HOLDINGS_UPDATED,"{'CASH': 6942951, 'JPM': 30}"
2019-06-28 12:31:00,BID_DEPTH,"[(98537, 111)]"
2019-06-28 12:31:00,ASK_DEPTH,"[(99963, 209)]"
2019-06-28 12:31:00,IMBALANCE,"[111, 209]"
2019-06-28 12:31:00,HOLDINGS_UPDATED,"{'CASH': 7041488, 'JPM': 29}"
2019-06-28 12:32:00,BID_DEPTH,"[(99963, 103)]"
2019-06-28 12:32:00,ASK_DEPTH,"[(99986, 209)]"
2019-06-28 12:32:00,IMBALANCE,"[103, 209]"
2019-06-28 12:32:00,HOLDINGS_UPDATED,"{'CASH': 7141451, 'JPM': 28}"
2019-06-28 12:33:00,BID_DEPTH,"[(99963, 212)]"
2019-06-28 12:33:00,ASK_DEPTH,"[(100023, 318)]"
2019-06-28 12:33:00,IMBALANCE,"[212, 318]"
2019-06-28 12:33:00,HOLDINGS_UPDATED,"{'CASH': 7241414, 'JPM': 27}"
2019-06-28 12:34:00,BID_DEPTH,"[(98456, 212)]"
2019-06-28 12:34:00,ASK_DEPTH,"[(100023, 318)]"
2019-06-28 12:34:00,IMBALANCE,"[212, 318]"
2019-06-28 12:34:00,HOLDINGS_UPDATED,"{'CASH': 7339870, 'JPM': 26}"
2019-06-28 12:35:00,BID_DEPTH,"[(98456, 212)]"
2019-06-28 12:35:00,ASK_DEPTH,"[(100023, 318)]"
2019-06-28 12:35:00,IMBALANCE,"[212, 318]"
2019-06-28 12:35:00,HOLDINGS_UPDATED,"{'CASH': 7438326, 'JPM': 25}"
2019-06-28 12:36:00,BID_DEPTH,"[(100223, 344)]"
2019-06-28 12:36:00,ASK_DEPTH,"[(100489, 537)]"
2019-06-28 12:36:00,IMBALANCE,"[344, 537]"
2019-06-28 12:36:00,HOLDINGS_UPDATED,"{'CASH': 7538549, 'JPM': 24}"
2019-06-28 12:37:00,BID_DEPTH,"[(98364, 212)]"
2019-06-28 12:37:00,ASK_DEPTH,"[(100546, 318)]"
2019-06-28 12:37:00,IMBALANCE,"[212, 318]"
2019-06-28 12:37:00,HOLDINGS_UPDATED,"{'CASH': 7636913, 'JPM': 23}"
2019-06-28 12:38:00,BID_DEPTH,"[(98234, 143)]"
2019-06-28 12:38:00,ASK_DEPTH,"[(99877, 249)]"
2019-06-28 12:38:00,IMBALANCE,"[143, 249]"
2019-06-28 12:38:00,HOLDINGS_UPDATED,"{'CASH': 7735147, 'JPM': 22}"
2019-06-28 12:39:00,BID_DEPTH,"[(99631, 212)]"
2019-06-28 12:39:00,ASK_DEPTH,"[(99679, 318)]"
2019-06-28 12:39:00,IMBALANCE,"[212, 318]"
2019-06-28 12:39:00,HOLDINGS_UPDATED,"{'CASH': 7834778, 'JPM': 21}"
2019-06-28 12:40:00,BID_DEPTH,"[(98234, 151)]"
2019-06-28 12:40:00,ASK_DEPTH,"[(99544, 249)]"
2019-06-28 12:40:00,IMBALANCE,"[151, 249]"
2019-06-28 12:40:00,HOLDINGS_UPDATED,"{'CASH': 7933012, 'JPM': 20}"
2019-06-28 12:41:00,BID_DEPTH,"[(99476, 143)]"
2019-06-28 12:41:00,ASK_DEPTH,"[(99526, 249)]"
2019-06-28 12:41:00,IMBALANCE,"[143, 249]"
2019-06-28 12:41:00,HOLDINGS_UPDATED,"{'CASH': 8032488, 'JPM': 19}"
2019-06-28 12:42:00,BID_DEPTH,"[(99518, 81)]"
2019-06-28 12:42:00,ASK_DEPTH,"[(99544, 187)]"
2019-06-28 12:42:00,IMBALANCE,"[81, 187]"
2019-06-28 12:42:00,HOLDINGS_UPDATED,"{'CASH': 8132006, 'JPM': 18}"
2019-06-28 12:43:00,BID_DEPTH,"[(99518, 81)]"
2019-06-28 12:43:00,ASK_DEPTH,"[(99584, 187)]"
2019-06-28 12:43:00,IMBALANCE,"[81, 187]"
2019-06-28 12:43:00,HOLDINGS_UPDATED,"{'CASH': 8231524, 'JPM': 17}"
2019-06-28 12:44:00,BID_DEPTH,"[(99518, 143)]"
2019-06-28 12:44:00,ASK_DEPTH,"[(99584, 249)]"
2019-06-28 12:44:00,IMBALANCE,"[143, 249]"
2019-06-28 12:44:00,HOLDINGS_UPDATED,"{'CASH': 8331042, 'JPM': 16}"
2019-06-28 12:45:00,BID_DEPTH,"[(99476, 143)]"
2019-06-28 12:45:00,ASK_DEPTH,"[(99679, 249)]"
2019-06-28 12:45:00,IMBALANCE,"[143, 249]"
2019-06-28 12:45:00,HOLDINGS_UPDATED,"{'CASH': 8430518, 'JPM': 15}"
2019-06-28 12:46:00,BID_DEPTH,"[(99679, 143)]"
2019-06-28 12:46:00,ASK_DEPTH,"[(99877, 249)]"
2019-06-28 12:46:00,IMBALANCE,"[143, 249]"
2019-06-28 12:46:00,HOLDINGS_UPDATED,"{'CASH': 8530197, 'JPM': 14}"
2019-06-28 12:47:00,BID_DEPTH,"[(99476, 212)]"
2019-06-28 12:47:00,ASK_DEPTH,"[(99930, 318)]"
2019-06-28 12:47:00,IMBALANCE,"[212, 318]"
2019-06-28 12:47:00,HOLDINGS_UPDATED,"{'CASH': 8629673, 'JPM': 13}"
2019-06-28 12:48:00,BID_DEPTH,"[(99476, 143)]"
2019-06-28 12:48:00,ASK_DEPTH,"[(99930, 249)]"
2019-06-28 12:48:00,IMBALANCE,"[143, 249]"
2019-06-28 12:48:00,HOLDINGS_UPDATED,"{'CASH': 8729149, 'JPM': 12}"
2019-06-28 12:49:00,BID_DEPTH,"[(99476, 243)]"
2019-06-28 12:49:00,ASK_DEPTH,"[(99930, 249)]"
2019-06-28 12:49:00,IMBALANCE,"[243, 249]"
2019-06-28 12:49:00,HOLDINGS_UPDATED,"{'CASH': 8828625, 'JPM': 11}"
2019-06-28 12:50:00,BID_DEPTH,"[(99476, 131)]"
2019-06-28 12:50:00,ASK_DEPTH,"[(100033, 249)]"
2019-06-28 12:50:00,IMBALANCE,"[131, 249]"
2019-06-28 12:50:00,HOLDINGS_UPDATED,"{'CASH': 8928101, 'JPM': 10}"
2019-06-28 12:51:00,BID_DEPTH,"[(99347, 143)]"
2019-06-28 12:51:00,ASK_DEPTH,"[(100033, 249)]"
2019-06-28 12:51:00,IMBALANCE,"[143, 249]"
2019-06-28 12:51:00,HOLDINGS_UPDATED,"{'CASH': 9027448, 'JPM': 9}"
2019-06-28 12:52:00,BID_DEPTH,"[(98234, 339)]"
2019-06-28 12:52:00,ASK_DEPTH,"[(100033, 537)]"
2019-06-28 12:52:00,IMBALANCE,"[339, 537]"
2019-06-28 12:52:00,HOLDINGS_UPDATED,"{'CASH': 9125682, 'JPM': 8}"
2019-06-28 12:53:00,BID_DEPTH,"[(98234, 143)]"
2019-06-28 12:53:00,ASK_DEPTH,"[(100132, 249)]"
2019-06-28 12:53:00,IMBALANCE,"[143, 249]"
2019-06-28 12:53:00,HOLDINGS_UPDATED,"{'CASH': 9223916, 'JPM': 7}"
2019-06-28 12:54:00,BID_DEPTH,[]
2019-06-28 12:54:00,ASK_DEPTH,"[(100284, 100)]"
2019-06-28 12:54:00,IMBALANCE,"[0, 100]"
2019-06-28 12:55:00,BID_DEPTH,"[(98234, 312)]"
2019-06-28 12:55:00,ASK_DEPTH,"[(100284, 318)]"
2019-06-28 12:55:00,IMBALANCE,"[312, 318]"
2019-06-28 12:55:00,HOLDINGS_UPDATED,"{'CASH': 9322150, 'JPM': 6}"
2019-06-28 12:56:00,BID_DEPTH,"[(98234, 331)]"
2019-06-28 12:56:00,ASK_DEPTH,"[(100546, 249)]"
2019-06-28 12:56:00,IMBALANCE,"[331, 249]"
2019-06-28 12:56:00,HOLDINGS_UPDATED,"{'CASH': 9420384, 'JPM': 5}"
2019-06-28 12:57:00,BID_DEPTH,"[(100017, 431)]"
2019-06-28 12:57:00,ASK_DEPTH,"[(100244, 537)]"
2019-06-28 12:57:00,IMBALANCE,"[431, 537]"
2019-06-28 12:57:00,HOLDINGS_UPDATED,"{'CASH': 9520401, 'JPM': 4}"
2019-06-28 12:58:00,BID_DEPTH,"[(100114, 103)]"
2019-06-28 12:58:00,ASK_DEPTH,"[(100452, 209)]"
2019-06-28 12:58:00,IMBALANCE,"[103, 209]"
2019-06-28 12:58:00,HOLDINGS_UPDATED,"{'CASH': 9620515, 'JPM': 3}"
2019-06-28 12:59:00,BID_DEPTH,"[(100450, 209)]"
2019-06-28 12:59:00,ASK_DEPTH,"[(100546, 103)]"
2019-06-28 12:59:00,IMBALANCE,"[209, 103]"
2019-06-28 12:59:00,HOLDINGS_UPDATED,"{'CASH': 9519969, 'JPM': 4}"
2019-06-28 13:00:00,BID_DEPTH,"[(100450, 537)]"
2019-06-28 13:00:00,ASK_DEPTH,"[(100546, 336)]"
2019-06-28 13:00:00,IMBALANCE,"[537, 336]"
2019-06-28 13:00:00,HOLDINGS_UPDATED,"{'CASH': 9419423, 'JPM': 5}"
2019-06-28 13:01:00,BID_DEPTH,"[(100450, 209)]"
2019-06-28 13:01:00,ASK_DEPTH,"[(100459, 103)]"
2019-06-28 13:01:00,IMBALANCE,"[209, 103]"
2019-06-28 13:01:00,HOLDINGS_UPDATED,"{'CASH': 9318964, 'JPM': 6}"
2019-06-28 13:02:00,BID_DEPTH,"[(100421, 249)]"
2019-06-28 13:02:00,ASK_DEPTH,"[(100450, 143)]"
2019-06-28 13:02:00,IMBALANCE,"[249, 143]"
2019-06-28 13:02:00,HOLDINGS_UPDATED,"{'CASH': 9218514, 'JPM': 7}"
2019-06-28 13:03:00,BID_DEPTH,"[(100421, 209)]"
2019-06-28 13:03:00,ASK_DEPTH,"[(100450, 11)]"
2019-06-28 13:03:00,IMBALANCE,"[209, 11]"
2019-06-28 13:03:00,HOLDINGS_UPDATED,"{'CASH': 9118064, 'JPM': 8}"
2019-06-28 13:04:00,BID_DEPTH,"[(100450, 336)]"
2019-06-28 13:04:00,ASK_DEPTH,"[(100459, 51)]"
2019-06-28 13:04:00,IMBALANCE,"[336, 51]"
2019-06-28 13:04:00,HOLDINGS_UPDATED,"{'CASH': 9017605, 'JPM': 9}"
2019-06-28 13:05:00,BID_DEPTH,"[(100450, 405)]"
2019-06-28 13:05:00,ASK_DEPTH,"[(100459, 120)]"
2019-06-28 13:05:00,IMBALANCE,"[405, 120]"
2019-06-28 13:05:00,HOLDINGS_UPDATED,"{'CASH': 8917146, 'JPM': 10}"
2019-06-28 13:06:00,BID_DEPTH,"[(100450, 174)]"
2019-06-28 13:06:00,ASK_DEPTH,"[(100546, 84)]"
2019-06-28 13:06:00,IMBALANCE,"[174, 84]"
2019-06-28 13:06:00,HOLDINGS_UPDATED,"{'CASH': 8816600, 'JPM': 11}"
2019-06-28 13:07:00,BID_DEPTH,"[(100257, 537)]"
2019-06-28 13:07:00,ASK_DEPTH,"[(100545, 431)]"
2019-06-28 13:07:00,IMBALANCE,"[537, 431]"
2019-06-28 13:07:00,HOLDINGS_UPDATED,"{'CASH': 8716055, 'JPM': 12}"
2019-06-28 13:08:00,BID_DEPTH,"[(100260, 249)]"
2019-06-28 13:08:00,ASK_DEPTH,"[(100546, 51)]"
2019-06-28 13:08:00,IMBALANCE,"[249, 51]"
2019-06-28 13:08:00,HOLDINGS_UPDATED,"{'CASH': 8615509, 'JPM': 13}"
2019-06-28 13:09:00,BID_DEPTH,"[(100260, 537)]"
2019-06-28 13:09:00,ASK_DEPTH,"[(100616, 431)]"
2019-06-28 13:09:00,IMBALANCE,"[537, 431]"
2019-06-28 13:09:00,HOLDINGS_UPDATED,"{'CASH': 8514893, 'JPM': 14}"
2019-06-28 13:10:00,BID_DEPTH,"[(100661, 162)]"
2019-06-28 13:10:00,ASK_DEPTH,"[(100698, 143)]"
2019-06-28 13:10:00,IMBALANCE,"[162, 143]"
2019-06-28 13:10:00,HOLDINGS_UPDATED,"{'CASH': 8414195, 'JPM': 15}"
2019-06-28 13:11:00,BID_DEPTH,"[(100698, 209)]"
2019-06-28 13:11:00,ASK_DEPTH,"[(100699, 103)]"
2019-06-28 13:11:00,IMBALANCE,"[209, 103]"
2019-06-28 13:11:00,HOLDINGS_UPDATED,"{'CASH': 8313496, 'JPM': 16}"
2019-06-28 13:12:00,BID_DEPTH,"[(100661, 100)]"
2019-06-28 13:12:00,ASK_DEPTH,"[(100776, 81)]"
2019-06-28 13:12:00,IMBALANCE,"[100, 81]"
2019-06-28 13:12:00,HOLDINGS_UPDATED,"{'CASH': 8212720, 'JPM': 17}"
2019-06-28 13:13:00,BID_DEPTH,"[(100661, 450)]"
2019-06-28 13:13:00,ASK_DEPTH,"[(100776, 339)]"
2019-06-28 13:13:00,IMBALANCE,"[450, 339]"
2019-06-28 13:13:00,HOLDINGS_UPDATED,"{'CASH': 8111944, 'JPM': 18}"
2019-06-28 13:14:00,BID_DEPTH,"[(100617, 187)]"
2019-06-28 13:14:00,ASK_DEPTH,"[(100775, 81)]"
2019-06-28 13:14:00,IMBALANCE,"[187, 81]"
2019-06-28 13:14:00,HOLDINGS_UPDATED,"{'CASH': 8011169, 'JPM': 19}"
2019-06-28 13:15:00,BID_DEPTH,"[(100616, 187)]"
2019-06-28 13:15:00,ASK_DEPTH,"[(100821, 176)]"
2019-06-28 13:15:00,IMBALANCE,"[187, 176]"
2019-06-28 13:15:00,HOLDINGS_UPDATED,"{'CASH': 7910348, 'JPM': 20}"
2019-06-28 13:16:00,BID_DEPTH,"[(100616, 187)]"
2019-06-28 13:16:00,ASK_DEPTH,"[(100821, 64)]"
2019-06-28 13:16:00,IMBALANCE,"[187, 64]"
2019-06-28 13:16:00,HOLDINGS_UPDATED,"{'CASH': 7809527, 'JPM': 21}"
2019-06-28 13:17:00,BID_DEPTH,"[(100499, 249)]"
2019-06-28 13:17:00,ASK_DEPTH,"[(100616, 143)]"
2019-06-28 13:17:00,IMBALANCE,"[249, 143]"
2019-06-28 13:17:00,HOLDINGS_UPDATED,"{'CASH': 7708911, 'JPM': 22}"
2019-06-28 13:18:00,BID_DEPTH,"[(100431, 209)]"
2019-06-28 13:18:00,ASK_DEPTH,"[(100574, 103)]"
2019-06-28 13:18:00,IMBALANCE,"[209, 103]"
2019-06-28 13:18:00,HOLDINGS_UPDATED,"{'CASH': 7608337, 'JPM': 23}"
2019-06-28 13:19:00,BID_DEPTH,"[(100491, 187)]"
2019-06-28 13:19:00,ASK_DEPTH,"[(100574, 81)]"
2019-06-28 13:19:00,IMBALANCE,"[187, 81]"
2019-06-28 13:19:00,HOLDINGS_UPDATED,"{'CASH': 7507763, 'JPM': 24}"
2019-06-28 13:20:00,BID_DEPTH,"[(100455, 249)]"
2019-06-28 13:20:00,ASK_DEPTH,"[(100492, 143)]"
2019-06-28 13:20:00,IMBALANCE,"[249, 143]"
2019-06-28 13:20:00,HOLDINGS_UPDATED,"{'CASH': 7407271, 'JPM': 25}"
2019-06-28 13:21:00,BID_DEPTH,"[(100431, 187)]"
2019-06-28 13:21:00,ASK_DEPTH,"[(100492, 281)]"
2019-06-28 13:21:00,IMBALANCE,"[187, 281]"
2019-06-28 13:21:00,HOLDINGS_UPDATED,"{'CASH': 7306779, 'JPM': 26}"
2019-06-28 13:22:00,BID_DEPTH,"[(100377, 318)]"
2019-06-28 13:22:00,ASK_DEPTH,"[(100492, 200)]"
2019-06-28 13:22:00,IMBALANCE,"[318, 200]"
2019-06-28 13:22:00,HOLDINGS_UPDATED,"{'CASH': 7206287, 'JPM': 27}"
2019-06-28 13:23:00,BID_DEPTH,"[(100377, 187)]"
2019-06-28 13:23:00,ASK_DEPTH,"[(100832, 81)]"
2019-06-28 13:23:00,IMBALANCE,"[187, 81]"
2019-06-28 13:23:00,HOLDINGS_UPDATED,"{'CASH': 7105455, 'JPM': 28}"
2019-06-28 13:24:00,BID_DEPTH,"[(100355, 318)]"
2019-06-28 13:24:00,ASK_DEPTH,"[(100836, 212)]"
2019-06-28 13:24:00,IMBALANCE,"[318, 212]"
2019-06-28 13:24:00,HOLDINGS_UPDATED,"{'CASH': 7004619, 'JPM': 29}"
2019-06-28 13:25:00,BID_DEPTH,"[(100340, 249)]"
2019-06-28 13:25:00,ASK_DEPTH,"[(100836, 143)]"
2019-06-28 13:25:00,IMBALANCE,"[249, 143]"
2019-06-28 13:25:00,HOLDINGS_UPDATED,"{'CASH': 6903783, 'JPM': 30}"
2019-06-28 13:26:00,BID_DEPTH,"[(100337, 318)]"
2019-06-28 13:26:00,ASK_DEPTH,"[(100876, 212)]"
2019-06-28 13:26:00,IMBALANCE,"[318, 212]"
2019-06-28 13:26:00,HOLDINGS_UPDATED,"{'CASH': 6802907, 'JPM': 31}"
2019-06-28 13:27:00,BID_DEPTH,"[(100329, 249)]"
2019-06-28 13:27:00,ASK_DEPTH,"[(100876, 143)]"
2019-06-28 13:27:00,IMBALANCE,"[249, 143]"
2019-06-28 13:27:00,HOLDINGS_UPDATED,"{'CASH': 6702031, 'JPM': 32}"
2019-06-28 13:28:00,BID_DEPTH,"[(100167, 537)]"
2019-06-28 13:28:00,ASK_DEPTH,"[(100876, 431)]"
2019-06-28 13:28:00,IMBALANCE,"[537, 431]"
2019-06-28 13:28:00,HOLDINGS_UPDATED,"{'CASH': 6601155, 'JPM': 33}"
2019-06-28 13:29:00,BID_DEPTH,"[(100051, 249)]"
2019-06-28 13:29:00,ASK_DEPTH,"[(100876, 143)]"
2019-06-28 13:29:00,IMBALANCE,"[249, 143]"
2019-06-28 13:29:00,HOLDINGS_UPDATED,"{'CASH': 6500279, 'JPM': 34}"
2019-06-28 13:30:00,BID_DEPTH,"[(100051, 249)]"
2019-06-28 13:30:00,ASK_DEPTH,"[(100903, 143)]"
2019-06-28 13:30:00,IMBALANCE,"[249, 143]"
2019-06-28 13:30:00,HOLDINGS_UPDATED,"{'CASH': 6399376, 'JPM': 35}"
2019-06-28 13:31:00,BID_DEPTH,"[(99889, 100)]"
2019-06-28 13:31:00,ASK_DEPTH,[]
2019-06-28 13:31:00,IMBALANCE,"[100, 0]"
2019-06-28 13:32:00,BID_DEPTH,"[(99850, 100)]"
2019-06-28 13:32:00,ASK_DEPTH,[]
2019-06-28 13:32:00,IMBALANCE,"[100, 0]"
2019-06-28 13:33:00,BID_DEPTH,"[(99800, 100)]"
2019-06-28 13:33:00,ASK_DEPTH,[]
2019-06-28 13:33:00,IMBALANCE,"[100, 0]"
2019-06-28 13:34:00,BID_DEPTH,"[(99714, 318)]"
2019-06-28 13:34:00,ASK_DEPTH,"[(99889, 312)]"
2019-06-28 13:34:00,IMBALANCE,"[318, 312]"
2019-06-28 13:34:00,HOLDINGS_UPDATED,"{'CASH': 6299487, 'JPM': 36}"
2019-06-28 13:35:00,BID_DEPTH,"[(99610, 318)]"
2019-06-28 13:35:00,ASK_DEPTH,"[(99889, 200)]"
2019-06-28 13:35:00,IMBALANCE,"[318, 200]"
2019-06-28 13:35:00,HOLDINGS_UPDATED,"{'CASH': 6199598, 'JPM': 37}"
2019-06-28 13:36:00,BID_DEPTH,"[(99610, 537)]"
2019-06-28 13:36:00,ASK_DEPTH,"[(99713, 431)]"
2019-06-28 13:36:00,IMBALANCE,"[537, 431]"
2019-06-28 13:36:00,HOLDINGS_UPDATED,"{'CASH': 6099885, 'JPM': 38}"
2019-06-28 13:37:00,BID_DEPTH,"[(99610, 537)]"
2019-06-28 13:37:00,ASK_DEPTH,"[(99660, 431)]"
2019-06-28 13:37:00,IMBALANCE,"[537, 431]"
2019-06-28 13:37:00,HOLDINGS_UPDATED,"{'CASH': 6000225, 'JPM': 39}"
2019-06-28 13:38:00,BID_DEPTH,"[(99409, 318)]"
2019-06-28 13:38:00,ASK_DEPTH,"[(99660, 312)]"
2019-06-28 13:38:00,IMBALANCE,"[318, 312]"
2019-06-28 13:38:00,HOLDINGS_UPDATED,"{'CASH': 5900565, 'JPM': 40}"
2019-06-28 13:39:00,BID_DEPTH,"[(99409, 249)]"
2019-06-28 13:39:00,ASK_DEPTH,"[(99660, 331)]"
2019-06-28 13:39:00,IMBALANCE,"[249, 331]"
2019-06-28 13:39:00,HOLDINGS_UPDATED,"{'CASH': 5800905, 'JPM': 41}"
2019-06-28 13:40:00,BID_DEPTH,"[(99380, 249)]"
2019-06-28 13:40:00,ASK_DEPTH,"[(99660, 219)]"
2019-06-28 13:40:00,IMBALANCE,"[249, 219]"
2019-06-28 13:40:00,HOLDINGS_UPDATED,"{'CASH': 5701245, 'JPM': 42}"
2019-06-28 13:41:00,BID_DEPTH,"[(99660, 212)]"
2019-06-28 13:41:00,ASK_DEPTH,"[(99972, 318)]"
2019-06-28 13:41:00,IMBALANCE,"[212, 318]"
2019-06-28 13:41:00,HOLDINGS_UPDATED,"{'CASH': 5800905, 'JPM': 41}"
2019-06-28 13:42:00,BID_DEPTH,"[(99380, 431)]"
2019-06-28 13:42:00,ASK_DEPTH,"[(99972, 537)]"
2019-06-28 13:42:00,IMBALANCE,"[431, 537]"
2019-06-28 13:42:00,HOLDINGS_UPDATED,"{'CASH': 5900285, 'JPM': 40}"
2019-06-28 13:43:00,BID_DEPTH,"[(99320, 143)]"
2019-06-28 13:43:00,ASK_DEPTH,"[(100010, 249)]"
2019-06-28 13:43:00,IMBALANCE,"[143, 249]"
2019-06-28 13:43:00,HOLDINGS_UPDATED,"{'CASH': 5999605, 'JPM': 39}"
2019-06-28 13:44:00,BID_DEPTH,"[(99258, 431)]"
2019-06-28 13:44:00,ASK_DEPTH,"[(100010, 537)]"
2019-06-28 13:44:00,IMBALANCE,"[431, 537]"
2019-06-28 13:44:00,HOLDINGS_UPDATED,"{'CASH': 6098863, 'JPM': 38}"
2019-06-28 13:45:00,BID_DEPTH,"[(99667, 212)]"
2019-06-28 13:45:00,ASK_DEPTH,"[(100010, 318)]"
2019-06-28 13:45:00,IMBALANCE,"[212, 318]"
2019-06-28 13:45:00,HOLDINGS_UPDATED,"{'CASH': 6198530, 'JPM': 37}"
2019-06-28 13:46:00,BID_DEPTH,"[(99447, 212)]"
2019-06-28 13:46:00,ASK_DEPTH,"[(99517, 318)]"
2019-06-28 13:46:00,IMBALANCE,"[212, 318]"
2019-06-28 13:46:00,HOLDINGS_UPDATED,"{'CASH': 6297977, 'JPM': 36}"
2019-06-28 13:47:00,BID_DEPTH,"[(99447, 51)]"
2019-06-28 13:47:00,ASK_DEPTH,"[(100010, 249)]"
2019-06-28 13:47:00,IMBALANCE,"[51, 249]"
2019-06-28 13:47:00,HOLDINGS_UPDATED,"{'CASH': 6397424, 'JPM': 35}"
2019-06-28 13:48:00,BID_DEPTH,"[(99258, 143)]"
2019-06-28 13:48:00,ASK_DEPTH,"[(100165, 249)]"
2019-06-28 13:48:00,IMBALANCE,"[143, 249]"
2019-06-28 13:48:00,HOLDINGS_UPDATED,"{'CASH': 6496682, 'JPM': 34}"
2019-06-28 13:49:00,BID_DEPTH,"[(99976, 143)]"
2019-06-28 13:49:00,ASK_DEPTH,"[(99990, 249)]"
2019-06-28 13:49:00,IMBALANCE,"[143, 249]"
2019-06-28 13:49:00,HOLDINGS_UPDATED,"{'CASH': 6596658, 'JPM': 33}"
2019-06-28 13:50:00,BID_DEPTH,"[(99795, 103)]"
2019-06-28 13:50:00,ASK_DEPTH,"[(99976, 209)]"
2019-06-28 13:50:00,IMBALANCE,"[103, 209]"
2019-06-28 13:50:00,HOLDINGS_UPDATED,"{'CASH': 6696453, 'JPM': 32}"
2019-06-28 13:51:00,BID_DEPTH,"[(99489, 143)]"
2019-06-28 13:51:00,ASK_DEPTH,"[(99772, 249)]"
2019-06-28 13:51:00,IMBALANCE,"[143, 249]"
2019-06-28 13:51:00,HOLDINGS_UPDATED,"{'CASH': 6795942, 'JPM': 31}"
2019-06-28 13:52:00,BID_DEPTH,"[(99489, 143)]"
2019-06-28 13:52:00,ASK_DEPTH,"[(99976, 249)]"
2019-06-28 13:52:00,IMBALANCE,"[143, 249]"
2019-06-28 13:52:00,HOLDINGS_UPDATED,"{'CASH': 6895431, 'JPM': 30}"
2019-06-28 13:53:00,BID_DEPTH,"[(99695, 431)]"
2019-06-28 13:53:00,ASK_DEPTH,"[(99990, 537)]"
2019-06-28 13:53:00,IMBALANCE,"[431, 537]"
2019-06-28 13:53:00,HOLDINGS_UPDATED,"{'CASH': 6995126, 'JPM': 29}"
2019-06-28 13:54:00,BID_DEPTH,"[(99759, 431)]"
2019-06-28 13:54:00,ASK_DEPTH,"[(100161, 537)]"
2019-06-28 13:54:00,IMBALANCE,"[431, 537]"
2019-06-28 13:54:00,HOLDINGS_UPDATED,"{'CASH': 7094885, 'JPM': 28}"
2019-06-28 13:55:00,BID_DEPTH,"[(99489, 103)]"
2019-06-28 13:55:00,ASK_DEPTH,"[(100161, 209)]"
2019-06-28 13:55:00,IMBALANCE,"[103, 209]"
2019-06-28 13:55:00,HOLDINGS_UPDATED,"{'CASH': 7194374, 'JPM': 27}"
2019-06-28 13:56:00,BID_DEPTH,"[(99250, 212)]"
2019-06-28 13:56:00,ASK_DEPTH,"[(99456, 318)]"
2019-06-28 13:56:00,IMBALANCE,"[212, 318]"
2019-06-28 13:56:00,HOLDINGS_UPDATED,"{'CASH': 7293624, 'JPM': 26}"
2019-06-28 13:57:00,BID_DEPTH,"[(99158, 143)]"
2019-06-28 13:57:00,ASK_DEPTH,"[(99211, 249)]"
2019-06-28 13:57:00,IMBALANCE,"[143, 249]"
2019-06-28 13:57:00,HOLDINGS_UPDATED,"{'CASH': 7392782, 'JPM': 25}"
2019-06-28 13:58:00,BID_DEPTH,"[(99158, 151)]"
2019-06-28 13:58:00,ASK_DEPTH,"[(99211, 249)]"
2019-06-28 13:58:00,IMBALANCE,"[151, 249]"
2019-06-28 13:58:00,HOLDINGS_UPDATED,"{'CASH': 7491940, 'JPM': 24}"
2019-06-28 13:59:00,BID_DEPTH,"[(99158, 51)]"
2019-06-28 13:59:00,ASK_DEPTH,"[(99250, 254)]"
2019-06-28 13:59:00,IMBALANCE,"[51, 254]"
2019-06-28 13:59:00,HOLDINGS_UPDATED,"{'CASH': 7591098, 'JPM': 23}"
2019-06-28 14:00:00,BID_DEPTH,"[(99143, 176)]"
2019-06-28 14:00:00,ASK_DEPTH,"[(100165, 187)]"
2019-06-28 14:00:00,IMBALANCE,"[176, 187]"
2019-06-28 14:00:00,HOLDINGS_UPDATED,"{'CASH': 7690241, 'JPM': 22}"
2019-06-28 14:01:00,BID_DEPTH,"[(99143, 212)]"
2019-06-28 14:01:00,ASK_DEPTH,"[(100015, 318)]"
2019-06-28 14:01:00,IMBALANCE,"[212, 318]"
2019-06-28 14:01:00,HOLDINGS_UPDATED,"{'CASH': 7789384, 'JPM': 21}"
2019-06-28 14:02:00,BID_DEPTH,"[(99408, 143)]"
2019-06-28 14:02:00,ASK_DEPTH,"[(99616, 249)]"
2019-06-28 14:02:00,IMBALANCE,"[143, 249]"
2019-06-28 14:02:00,HOLDINGS_UPDATED,"{'CASH': 7888792, 'JPM': 20}"
2019-06-28 14:03:00,BID_DEPTH,"[(99507, 81)]"
2019-06-28 14:03:00,ASK_DEPTH,"[(99616, 187)]"
2019-06-28 14:03:00,IMBALANCE,"[81, 187]"
2019-06-28 14:03:00,HOLDINGS_UPDATED,"{'CASH': 7988299, 'JPM': 19}"
2019-06-28 14:04:00,BID_DEPTH,"[(99143, 212)]"
2019-06-28 14:04:00,ASK_DEPTH,"[(99616, 318)]"
2019-06-28 14:04:00,IMBALANCE,"[212, 318]"
2019-06-28 14:04:00,HOLDINGS_UPDATED,"{'CASH': 8087442, 'JPM': 18}"
2019-06-28 14:05:00,BID_DEPTH,"[(99054, 81)]"
2019-06-28 14:05:00,ASK_DEPTH,"[(99616, 187)]"
2019-06-28 14:05:00,IMBALANCE,"[81, 187]"
2019-06-28 14:05:00,HOLDINGS_UPDATED,"{'CASH': 8186496, 'JPM': 17}"
2019-06-28 14:06:00,BID_DEPTH,"[(99071, 431)]"
2019-06-28 14:06:00,ASK_DEPTH,"[(99225, 537)]"
2019-06-28 14:06:00,IMBALANCE,"[431, 537]"
2019-06-28 14:06:00,HOLDINGS_UPDATED,"{'CASH': 8285567, 'JPM': 16}"
2019-06-28 14:07:00,BID_DEPTH,"[(99071, 111)]"
2019-06-28 14:07:00,ASK_DEPTH,"[(99225, 209)]"
2019-06-28 14:07:00,IMBALANCE,"[111, 209]"
2019-06-28 14:07:00,HOLDINGS_UPDATED,"{'CASH': 8384638, 'JPM': 15}"
2019-06-28 14:08:00,BID_DEPTH,"[(99071, 120)]"
2019-06-28 14:08:00,ASK_DEPTH,"[(99202, 318)]"
2019-06-28 14:08:00,IMBALANCE,"[120, 318]"
2019-06-28 14:08:00,HOLDINGS_UPDATED,"{'CASH': 8483709, 'JPM': 14}"
2019-06-28 14:09:00,BID_DEPTH,"[(99146, 212)]"
2019-06-28 14:09:00,ASK_DEPTH,"[(99225, 318)]"
2019-06-28 14:09:00,IMBALANCE,"[212, 318]"
2019-06-28 14:09:00,HOLDINGS_UPDATED,"{'CASH': 8582855, 'JPM': 13}"
2019-06-28 14:10:00,BID_DEPTH,"[(99199, 81)]"
2019-06-28 14:10:00,ASK_DEPTH,"[(99333, 187)]"
2019-06-28 14:10:00,IMBALANCE,"[81, 187]"
2019-06-28 14:10:00,HOLDINGS_UPDATED,"{'CASH': 8682054, 'JPM': 12}"
2019-06-28 14:11:00,BID_DEPTH,"[(99146, 431)]"
2019-06-28 14:11:00,ASK_DEPTH,"[(99199, 462)]"
2019-06-28 14:11:00,IMBALANCE,"[431, 462]"
2019-06-28 14:11:00,HOLDINGS_UPDATED,"{'CASH': 8781200, 'JPM': 11}"
2019-06-28 14:12:00,BID_DEPTH,"[(99110, 143)]"
2019-06-28 14:12:00,ASK_DEPTH,"[(99146, 249)]"
2019-06-28 14:12:00,IMBALANCE,"[143, 249]"
2019-06-28 14:12:00,HOLDINGS_UPDATED,"{'CASH': 8880310, 'JPM': 10}"
2019-06-28 14:13:00,BID_DEPTH,"[(99007, 212)]"
2019-06-28 14:13:00,ASK_DEPTH,"[(99146, 318)]"
2019-06-28 14:13:00,IMBALANCE,"[212, 318]"
2019-06-28 14:13:00,HOLDINGS_UPDATED,"{'CASH': 8979317, 'JPM': 9}"
2019-06-28 14:14:00,BID_DEPTH,"[(98967, 81)]"
2019-06-28 14:14:00,ASK_DEPTH,"[(99146, 187)]"
2019-06-28 14:14:00,IMBALANCE,"[81, 187]"
2019-06-28 14:14:00,HOLDINGS_UPDATED,"{'CASH': 9078284, 'JPM': 8}"
2019-06-28 14:15:00,BID_DEPTH,"[(98727, 431)]"
2019-06-28 14:15:00,ASK_DEPTH,"[(99146, 537)]"
2019-06-28 14:15:00,IMBALANCE,"[431, 537]"
2019-06-28 14:15:00,HOLDINGS_UPDATED,"{'CASH': 9177011, 'JPM': 7}"
2019-06-28 14:16:00,BID_DEPTH,"[(98644, 103)]"
2019-06-28 14:16:00,ASK_DEPTH,"[(99146, 209)]"
2019-06-28 14:16:00,IMBALANCE,"[103, 209]"
2019-06-28 14:16:00,HOLDINGS_UPDATED,"{'CASH': 9275655, 'JPM': 6}"
2019-06-28 14:17:00,BID_DEPTH,"[(98373, 431)]"
2019-06-28 14:17:00,ASK_DEPTH,"[(98644, 442)]"
2019-06-28 14:17:00,IMBALANCE,"[431, 442]"
2019-06-28 14:17:00,HOLDINGS_UPDATED,"{'CASH': 9374028, 'JPM': 5}"
2019-06-28 14:18:00,BID_DEPTH,"[(98327, 103)]"
2019-06-28 14:18:00,ASK_DEPTH,"[(98644, 114)]"
2019-06-28 14:18:00,IMBALANCE,"[103, 114]"
2019-06-28 14:18:00,HOLDINGS_UPDATED,"{'CASH': 9472355, 'JPM': 4}"
2019-06-28 14:19:00,BID_DEPTH,"[(98148, 431)]"
2019-06-28 14:19:00,ASK_DEPTH,"[(98327, 480)]"
2019-06-28 14:19:00,IMBALANCE,"[431, 480]"
2019-06-28 14:19:00,HOLDINGS_UPDATED,"{'CASH': 9570503, 'JPM': 3}"
2019-06-28 14:20:00,BID_DEPTH,"[(97628, 212)]"
2019-06-28 14:20:00,ASK_DEPTH,"[(98148, 223)]"
2019-06-28 14:20:00,IMBALANCE,"[212, 223]"
2019-06-28 14:20:00,HOLDINGS_UPDATED,"{'CASH': 9668131, 'JPM': 2}"
2019-06-28 14:21:00,BID_DEPTH,"[(97610, 212)]"
2019-06-28 14:21:00,ASK_DEPTH,"[(98148, 223)]"
2019-06-28 14:21:00,IMBALANCE,"[212, 223]"
2019-06-28 14:21:00,HOLDINGS_UPDATED,"{'CASH': 9765741, 'JPM': 1}"
2019-06-28 14:22:00,BID_DEPTH,"[(97610, 339)]"
2019-06-28 14:22:00,ASK_DEPTH,"[(98148, 442)]"
2019-06-28 14:22:00,IMBALANCE,"[339, 442]"
2019-06-28 14:22:00,HOLDINGS_UPDATED,{'CASH': 9863351}
2019-06-28 14:23:00,BID_DEPTH,"[(97610, 51)]"
2019-06-28 14:23:00,ASK_DEPTH,"[(97653, 249)]"
2019-06-28 14:23:00,IMBALANCE,"[51, 249]"
2019-06-28 14:23:00,HOLDINGS_UPDATED,"{'CASH': 9960961, 'JPM': -1}"
2019-06-28 14:24:00,BID_DEPTH,"[(97610, 120)]"
2019-06-28 14:24:00,ASK_DEPTH,"[(97653, 318)]"
2019-06-28 14:24:00,IMBALANCE,"[120, 318]"
2019-06-28 14:24:00,HOLDINGS_UPDATED,"{'CASH': 10058571, 'JPM': -2}"
2019-06-28 14:25:00,BID_DEPTH,"[(97610, 11)]"
2019-06-28 14:25:00,ASK_DEPTH,"[(97750, 209)]"
2019-06-28 14:25:00,IMBALANCE,"[11, 209]"
2019-06-28 14:25:00,HOLDINGS_UPDATED,"{'CASH': 10156181, 'JPM': -3}"
2019-06-28 14:26:00,BID_DEPTH,"[(97610, 11)]"
2019-06-28 14:26:00,ASK_DEPTH,"[(97750, 209)]"
2019-06-28 14:26:00,IMBALANCE,"[11, 209]"
2019-06-28 14:26:00,HOLDINGS_UPDATED,"{'CASH': 10253791, 'JPM': -4}"
2019-06-28 14:27:00,BID_DEPTH,"[(97309, 143)]"
2019-06-28 14:27:00,ASK_DEPTH,"[(97415, 249)]"
2019-06-28 14:27:00,IMBALANCE,"[143, 249]"
2019-06-28 14:27:00,HOLDINGS_UPDATED,"{'CASH': 10351100, 'JPM': -5}"
2019-06-28 14:28:00,BID_DEPTH,"[(97227, 143)]"
2019-06-28 14:28:00,ASK_DEPTH,"[(97393, 249)]"
2019-06-28 14:28:00,IMBALANCE,"[143, 249]"
2019-06-28 14:28:00,HOLDINGS_UPDATED,"{'CASH': 10448327, 'JPM': -6}"
2019-06-28 14:29:00,BID_DEPTH,"[(97055, 431)]"
2019-06-28 14:29:00,ASK_DEPTH,"[(97197, 537)]"
2019-06-28 14:29:00,IMBALANCE,"[431, 537]"
2019-06-28 14:29:00,HOLDINGS_UPDATED,"{'CASH': 10545382, 'JPM': -7}"
2019-06-28 14:30:00,BID_DEPTH,"[(97055, 339)]"
2019-06-28 14:30:00,ASK_DEPTH,"[(97197, 537)]"
2019-06-28 14:30:00,IMBALANCE,"[339, 537]"
2019-06-28 14:30:00,HOLDINGS_UPDATED,"{'CASH': 10642437, 'JPM': -8}"
2019-06-28 14:31:00,BID_DEPTH,"[(97055, 339)]"
2019-06-28 14:31:00,ASK_DEPTH,"[(97197, 537)]"
2019-06-28 14:31:00,IMBALANCE,"[339, 537]"
2019-06-28 14:31:00,HOLDINGS_UPDATED,"{'CASH': 10739492, 'JPM': -9}"
2019-06-28 14:32:00,BID_DEPTH,"[(97055, 439)]"
2019-06-28 14:32:00,ASK_DEPTH,"[(97197, 537)]"
2019-06-28 14:32:00,IMBALANCE,"[439, 537]"
2019-06-28 14:32:00,HOLDINGS_UPDATED,"{'CASH': 10836547, 'JPM': -10}"
2019-06-28 14:33:00,BID_DEPTH,"[(97056, 212)]"
2019-06-28 14:33:00,ASK_DEPTH,"[(97227, 261)]"
2019-06-28 14:33:00,IMBALANCE,"[212, 261]"
2019-06-28 14:33:00,HOLDINGS_UPDATED,"{'CASH': 10933603, 'JPM': -11}"
2019-06-28 14:34:00,BID_DEPTH,"[(97056, 51)]"
2019-06-28 14:34:00,ASK_DEPTH,"[(97393, 249)]"
2019-06-28 14:34:00,IMBALANCE,"[51, 249]"
2019-06-28 14:34:00,HOLDINGS_UPDATED,"{'CASH': 11030659, 'JPM': -12}"
2019-06-28 14:35:00,BID_DEPTH,"[(97056, 439)]"
2019-06-28 14:35:00,ASK_DEPTH,"[(97393, 537)]"
2019-06-28 14:35:00,IMBALANCE,"[439, 537]"
2019-06-28 14:35:00,HOLDINGS_UPDATED,"{'CASH': 11127715, 'JPM': -13}"
2019-06-28 14:36:00,BID_DEPTH,"[(97056, 120)]"
2019-06-28 14:36:00,ASK_DEPTH,"[(97415, 318)]"
2019-06-28 14:36:00,IMBALANCE,"[120, 318]"
2019-06-28 14:36:00,HOLDINGS_UPDATED,"{'CASH': 11224771, 'JPM': -14}"
2019-06-28 14:37:00,BID_DEPTH,"[(97055, 151)]"
2019-06-28 14:37:00,ASK_DEPTH,"[(97415, 249)]"
2019-06-28 14:37:00,IMBALANCE,"[151, 249]"
2019-06-28 14:37:00,HOLDINGS_UPDATED,"{'CASH': 11321826, 'JPM': -15}"
2019-06-28 14:38:00,BID_DEPTH,"[(96740, 81)]"
2019-06-28 14:38:00,ASK_DEPTH,"[(97750, 187)]"
2019-06-28 14:38:00,IMBALANCE,"[81, 187]"
2019-06-28 14:38:00,HOLDINGS_UPDATED,"{'CASH': 11418566, 'JPM': -16}"
2019-06-28 14:39:00,BID_DEPTH,"[(96686, 81)]"
2019-06-28 14:39:00,ASK_DEPTH,"[(98327, 130)]"
2019-06-28 14:39:00,IMBALANCE,"[81, 130]"
2019-06-28 14:39:00,HOLDINGS_UPDATED,"{'CASH': 11515252, 'JPM': -17}"
2019-06-28 14:40:00,BID_DEPTH,"[(98327, 60)]"
2019-06-28 14:40:00,ASK_DEPTH,"[(99030, 209)]"
2019-06-28 14:40:00,IMBALANCE,"[60, 209]"
2019-06-28 14:40:00,HOLDINGS_UPDATED,"{'CASH': 11613579, 'JPM': -18}"
2019-06-28 14:41:00,BID_DEPTH,"[(99030, 103)]"
2019-06-28 14:41:00,ASK_DEPTH,"[(99053, 209)]"
2019-06-28 14:41:00,IMBALANCE,"[103, 209]"
2019-06-28 14:41:00,HOLDINGS_UPDATED,"{'CASH': 11712609, 'JPM': -19}"
2019-06-28 14:42:00,BID_DEPTH,"[(99030, 103)]"
2019-06-28 14:42:00,ASK_DEPTH,"[(99072, 209)]"
2019-06-28 14:42:00,IMBALANCE,"[103, 209]"
2019-06-28 14:42:00,HOLDINGS_UPDATED,"{'CASH': 11811639, 'JPM': -20}"
2019-06-28 14:43:00,BID_DEPTH,"[(98328, 143)]"
2019-06-28 14:43:00,ASK_DEPTH,"[(99588, 249)]"
2019-06-28 14:43:00,IMBALANCE,"[143, 249]"
2019-06-28 14:43:00,HOLDINGS_UPDATED,"{'CASH': 11909967, 'JPM': -21}"
2019-06-28 14:44:00,BID_DEPTH,"[(98327, 143)]"
2019-06-28 14:44:00,ASK_DEPTH,"[(99988, 249)]"
2019-06-28 14:44:00,IMBALANCE,"[143, 249]"
2019-06-28 14:44:00,HOLDINGS_UPDATED,"{'CASH': 12008294, 'JPM': -22}"
2019-06-28 14:45:00,BID_DEPTH,[]
2019-06-28 14:45:00,ASK_DEPTH,"[(100029, 100)]"
2019-06-28 14:45:00,IMBALANCE,"[0, 100]"
2019-06-28 14:46:00,BID_DEPTH,"[(98327, 81)]"
2019-06-28 14:46:00,ASK_DEPTH,"[(100029, 187)]"
2019-06-28 14:46:00,IMBALANCE,"[81, 187]"
2019-06-28 14:46:00,HOLDINGS_UPDATED,"{'CASH': 12106621, 'JPM': -23}"
2019-06-28 14:47:00,BID_DEPTH,"[(98327, 81)]"
2019-06-28 14:47:00,ASK_DEPTH,"[(100757, 187)]"
2019-06-28 14:47:00,IMBALANCE,"[81, 187]"
2019-06-28 14:47:00,HOLDINGS_UPDATED,"{'CASH': 12204948, 'JPM': -24}"
2019-06-28 14:48:00,BID_DEPTH,"[(100102, 81)]"
2019-06-28 14:48:00,ASK_DEPTH,"[(100757, 187)]"
2019-06-28 14:48:00,IMBALANCE,"[81, 187]"
2019-06-28 14:48:00,HOLDINGS_UPDATED,"{'CASH': 12305050, 'JPM': -25}"
2019-06-28 14:49:00,BID_DEPTH,"[(99487, 143)]"
2019-06-28 14:49:00,ASK_DEPTH,"[(99838, 249)]"
2019-06-28 14:49:00,IMBALANCE,"[143, 249]"
2019-06-28 14:49:00,HOLDINGS_UPDATED,"{'CASH': 12404537, 'JPM': -26}"
2019-06-28 14:50:00,BID_DEPTH,"[(99579, 212)]"
2019-06-28 14:50:00,ASK_DEPTH,"[(99838, 318)]"
2019-06-28 14:50:00,IMBALANCE,"[212, 318]"
2019-06-28 14:50:00,HOLDINGS_UPDATED,"{'CASH': 12504116, 'JPM': -27}"
2019-06-28 14:51:00,BID_DEPTH,"[(98327, 103)]"
2019-06-28 14:51:00,ASK_DEPTH,"[(99838, 209)]"
2019-06-28 14:51:00,IMBALANCE,"[103, 209]"
2019-06-28 14:51:00,HOLDINGS_UPDATED,"{'CASH': 12602443, 'JPM': -28}"
2019-06-28 14:52:00,BID_DEPTH,"[(98327, 249)]"
2019-06-28 14:52:00,ASK_DEPTH,"[(99562, 143)]"
2019-06-28 14:52:00,IMBALANCE,"[249, 143]"
2019-06-28 14:52:00,HOLDINGS_UPDATED,"{'CASH': 12502881, 'JPM': -27}"
2019-06-28 14:53:00,BID_DEPTH,"[(99223, 537)]"
2019-06-28 14:53:00,ASK_DEPTH,"[(99562, 731)]"
2019-06-28 14:53:00,IMBALANCE,"[537, 731]"
2019-06-28 14:53:00,HOLDINGS_UPDATED,"{'CASH': 12403319, 'JPM': -26}"
2019-06-28 14:54:00,BID_DEPTH,"[(99084, 187)]"
2019-06-28 14:54:00,ASK_DEPTH,"[(99223, 81)]"
2019-06-28 14:54:00,IMBALANCE,"[187, 81]"
2019-06-28 14:54:00,HOLDINGS_UPDATED,"{'CASH': 12304096, 'JPM': -25}"
2019-06-28 14:55:00,BID_DEPTH,"[(98580, 537)]"
2019-06-28 14:55:00,ASK_DEPTH,"[(99562, 619)]"
2019-06-28 14:55:00,IMBALANCE,"[537, 619]"
2019-06-28 14:55:00,HOLDINGS_UPDATED,"{'CASH': 12204534, 'JPM': -24}"
2019-06-28 14:56:00,BID_DEPTH,"[(99049, 318)]"
2019-06-28 14:56:00,ASK_DEPTH,"[(99562, 388)]"
2019-06-28 14:56:00,IMBALANCE,"[318, 388]"
2019-06-28 14:56:00,HOLDINGS_UPDATED,"{'CASH': 12104972, 'JPM': -23}"
2019-06-28 14:57:00,BID_DEPTH,"[(99442, 537)]"
2019-06-28 14:57:00,ASK_DEPTH,"[(99562, 695)]"
2019-06-28 14:57:00,IMBALANCE,"[537, 695]"
2019-06-28 14:57:00,HOLDINGS_UPDATED,"{'CASH': 12005410, 'JPM': -22}"
2019-06-28 14:58:00,BID_DEPTH,"[(99442, 537)]"
2019-06-28 14:58:00,ASK_DEPTH,"[(99528, 431)]"
2019-06-28 14:58:00,IMBALANCE,"[537, 431]"
2019-06-28 14:58:00,HOLDINGS_UPDATED,"{'CASH': 11905882, 'JPM': -21}"
2019-06-28 14:59:00,BID_DEPTH,"[(99442, 187)]"
2019-06-28 14:59:00,ASK_DEPTH,"[(99562, 133)]"
2019-06-28 14:59:00,IMBALANCE,"[187, 133]"
2019-06-28 14:59:00,HOLDINGS_UPDATED,"{'CASH': 11806320, 'JPM': -20}"
2019-06-28 15:00:00,BID_DEPTH,"[(99304, 209)]"
2019-06-28 15:00:00,ASK_DEPTH,"[(99629, 103)]"
2019-06-28 15:00:00,IMBALANCE,"[209, 103]"
2019-06-28 15:00:00,HOLDINGS_UPDATED,"{'CASH': 11706691, 'JPM': -19}"
2019-06-28 15:01:00,BID_DEPTH,"[(99304, 318)]"
2019-06-28 15:01:00,ASK_DEPTH,"[(99838, 212)]"
2019-06-28 15:01:00,IMBALANCE,"[318, 212]"
2019-06-28 15:01:00,HOLDINGS_UPDATED,"{'CASH': 11606853, 'JPM': -18}"
2019-06-28 15:02:00,BID_DEPTH,"[(99452, 209)]"
2019-06-28 15:02:00,ASK_DEPTH,"[(99545, 103)]"
2019-06-28 15:02:00,IMBALANCE,"[209, 103]"
2019-06-28 15:02:00,HOLDINGS_UPDATED,"{'CASH': 11507308, 'JPM': -17}"
2019-06-28 15:03:00,BID_DEPTH,"[(99452, 249)]"
2019-06-28 15:03:00,ASK_DEPTH,"[(99920, 143)]"
2019-06-28 15:03:00,IMBALANCE,"[249, 143]"
2019-06-28 15:03:00,HOLDINGS_UPDATED,"{'CASH': 11407388, 'JPM': -16}"
2019-06-28 15:04:00,BID_DEPTH,"[(100361, 249)]"
2019-06-28 15:04:00,ASK_DEPTH,"[(100816, 143)]"
2019-06-28 15:04:00,IMBALANCE,"[249, 143]"
2019-06-28 15:04:00,HOLDINGS_UPDATED,"{'CASH': 11306572, 'JPM': -15}"
2019-06-28 15:05:00,BID_DEPTH,"[(100361, 537)]"
2019-06-28 15:05:00,ASK_DEPTH,"[(101055, 431)]"
2019-06-28 15:05:00,IMBALANCE,"[537, 431]"
2019-06-28 15:05:00,HOLDINGS_UPDATED,"{'CASH': 11205517, 'JPM': -14}"
2019-06-28 15:06:00,BID_DEPTH,"[(100361, 537)]"
2019-06-28 15:06:00,ASK_DEPTH,"[(101769, 431)]"
2019-06-28 15:06:00,IMBALANCE,"[537, 431]"
2019-06-28 15:06:00,HOLDINGS_UPDATED,"{'CASH': 11103748, 'JPM': -13}"
2019-06-28 15:07:00,BID_DEPTH,"[(102118, 100)]"
2019-06-28 15:07:00,ASK_DEPTH,[]
2019-06-28 15:07:00,IMBALANCE,"[100, 0]"
2019-06-28 15:08:00,BID_DEPTH,"[(101769, 114)]"
2019-06-28 15:08:00,ASK_DEPTH,"[(101853, 103)]"
2019-06-28 15:08:00,IMBALANCE,"[114, 103]"
2019-06-28 15:08:00,HOLDINGS_UPDATED,"{'CASH': 11001895, 'JPM': -12}"
2019-06-28 15:09:00,BID_DEPTH,"[(101769, 154)]"
2019-06-28 15:09:00,ASK_DEPTH,"[(101853, 251)]"
2019-06-28 15:09:00,IMBALANCE,"[154, 251]"
2019-06-28 15:09:00,HOLDINGS_UPDATED,"{'CASH': 10900042, 'JPM': -11}"
2019-06-28 15:10:00,BID_DEPTH,"[(101513, 249)]"
2019-06-28 15:10:00,ASK_DEPTH,"[(101526, 143)]"
2019-06-28 15:10:00,IMBALANCE,"[249, 143]"
2019-06-28 15:10:00,HOLDINGS_UPDATED,"{'CASH': 10798516, 'JPM': -10}"
2019-06-28 15:11:00,BID_DEPTH,"[(101193, 537)]"
2019-06-28 15:11:00,ASK_DEPTH,"[(101526, 439)]"
2019-06-28 15:11:00,IMBALANCE,"[537, 439]"
2019-06-28 15:11:00,HOLDINGS_UPDATED,"{'CASH': 10696990, 'JPM': -9}"
2019-06-28 15:12:00,BID_DEPTH,"[(100822, 209)]"
2019-06-28 15:12:00,ASK_DEPTH,"[(101193, 103)]"
2019-06-28 15:12:00,IMBALANCE,"[209, 103]"
2019-06-28 15:12:00,HOLDINGS_UPDATED,"{'CASH': 10595797, 'JPM': -8}"
2019-06-28 15:13:00,BID_DEPTH,"[(100738, 318)]"
2019-06-28 15:13:00,ASK_DEPTH,"[(101526, 120)]"
2019-06-28 15:13:00,IMBALANCE,"[318, 120]"
2019-06-28 15:13:00,HOLDINGS_UPDATED,"{'CASH': 10494271, 'JPM': -7}"
2019-06-28 15:14:00,BID_DEPTH,"[(100783, 187)]"
2019-06-28 15:14:00,ASK_DEPTH,"[(101526, 89)]"
2019-06-28 15:14:00,IMBALANCE,"[187, 89]"
2019-06-28 15:14:00,HOLDINGS_UPDATED,"{'CASH': 10392745, 'JPM': -6}"
2019-06-28 15:15:00,BID_DEPTH,"[(100783, 249)]"
2019-06-28 15:15:00,ASK_DEPTH,"[(101526, 143)]"
2019-06-28 15:15:00,IMBALANCE,"[249, 143]"
2019-06-28 15:15:00,HOLDINGS_UPDATED,"{'CASH': 10291219, 'JPM': -5}"
2019-06-28 15:16:00,BID_DEPTH,"[(100738, 318)]"
2019-06-28 15:16:00,ASK_DEPTH,"[(101526, 212)]"
2019-06-28 15:16:00,IMBALANCE,"[318, 212]"
2019-06-28 15:16:00,HOLDINGS_UPDATED,"{'CASH': 10189693, 'JPM': -4}"
2019-06-28 15:17:00,BID_DEPTH,"[(100490, 209)]"
2019-06-28 15:17:00,ASK_DEPTH,"[(100738, 103)]"
2019-06-28 15:17:00,IMBALANCE,"[209, 103]"
2019-06-28 15:17:00,HOLDINGS_UPDATED,"{'CASH': 10088955, 'JPM': -3}"
2019-06-28 15:18:00,BID_DEPTH,"[(100923, 187)]"
2019-06-28 15:18:00,ASK_DEPTH,"[(101281, 81)]"
2019-06-28 15:18:00,IMBALANCE,"[187, 81]"
2019-06-28 15:18:00,HOLDINGS_UPDATED,"{'CASH': 9987674, 'JPM': -2}"
2019-06-28 15:19:00,BID_DEPTH,"[(100923, 249)]"
2019-06-28 15:19:00,ASK_DEPTH,"[(101160, 143)]"
2019-06-28 15:19:00,IMBALANCE,"[249, 143]"
2019-06-28 15:19:00,HOLDINGS_UPDATED,"{'CASH': 9886514, 'JPM': -1}"
2019-06-28 15:20:00,BID_DEPTH,"[(100923, 249)]"
2019-06-28 15:20:00,ASK_DEPTH,"[(101057, 143)]"
2019-06-28 15:20:00,IMBALANCE,"[249, 143]"
2019-06-28 15:20:00,HOLDINGS_UPDATED,{'CASH': 9785457}
2019-06-28 15:21:00,BID_DEPTH,"[(101166, 187)]"
2019-06-28 15:21:00,ASK_DEPTH,"[(101251, 81)]"
2019-06-28 15:21:00,IMBALANCE,"[187, 81]"
2019-06-28 15:21:00,HOLDINGS_UPDATED,"{'CASH': 9684206, 'JPM': 1}"
2019-06-28 15:22:00,BID_DEPTH,"[(101251, 537)]"
2019-06-28 15:22:00,ASK_DEPTH,"[(101260, 431)]"
2019-06-28 15:22:00,IMBALANCE,"[537, 431]"
2019-06-28 15:22:00,HOLDINGS_UPDATED,"{'CASH': 9582946, 'JPM': 2}"
2019-06-28 15:23:00,BID_DEPTH,"[(101251, 209)]"
2019-06-28 15:23:00,ASK_DEPTH,"[(101283, 103)]"
2019-06-28 15:23:00,IMBALANCE,"[209, 103]"
2019-06-28 15:23:00,HOLDINGS_UPDATED,"{'CASH': 9481663, 'JPM': 3}"
2019-06-28 15:24:00,BID_DEPTH,"[(101160, 318)]"
2019-06-28 15:24:00,ASK_DEPTH,"[(101542, 212)]"
2019-06-28 15:24:00,IMBALANCE,"[318, 212]"
2019-06-28 15:24:00,HOLDINGS_UPDATED,"{'CASH': 9380121, 'JPM': 4}"
2019-06-28 15:25:00,BID_DEPTH,"[(101160, 318)]"
2019-06-28 15:25:00,ASK_DEPTH,"[(101564, 212)]"
2019-06-28 15:25:00,IMBALANCE,"[318, 212]"
2019-06-28 15:25:00,HOLDINGS_UPDATED,"{'CASH': 9278557, 'JPM': 5}"
2019-06-28 15:26:00,BID_DEPTH,"[(101160, 249)]"
2019-06-28 15:26:00,ASK_DEPTH,"[(101595, 143)]"
2019-06-28 15:26:00,IMBALANCE,"[249, 143]"
2019-06-28 15:26:00,HOLDINGS_UPDATED,"{'CASH': 9176962, 'JPM': 6}"
2019-06-28 15:27:00,BID_DEPTH,"[(101465, 249)]"
2019-06-28 15:27:00,ASK_DEPTH,"[(101853, 51)]"
2019-06-28 15:27:00,IMBALANCE,"[249, 51]"
2019-06-28 15:27:00,HOLDINGS_UPDATED,"{'CASH': 9075109, 'JPM': 7}"
2019-06-28 15:28:00,BID_DEPTH,"[(100876, 249)]"
2019-06-28 15:28:00,ASK_DEPTH,"[(101465, 143)]"
2019-06-28 15:28:00,IMBALANCE,"[249, 143]"
2019-06-28 15:28:00,HOLDINGS_UPDATED,"{'CASH': 8973644, 'JPM': 8}"
2019-06-28 15:29:00,BID_DEPTH,"[(100876, 537)]"
2019-06-28 15:29:00,ASK_DEPTH,"[(101465, 431)]"
2019-06-28 15:29:00,IMBALANCE,"[537, 431]"
2019-06-28 15:29:00,HOLDINGS_UPDATED,"{'CASH': 8872179, 'JPM': 9}"
2019-06-28 15:30:00,BID_DEPTH,"[(100876, 209)]"
2019-06-28 15:30:00,ASK_DEPTH,"[(101094, 103)]"
2019-06-28 15:30:00,IMBALANCE,"[209, 103]"
2019-06-28 15:30:00,HOLDINGS_UPDATED,"{'CASH': 8771085, 'JPM': 10}"
2019-06-28 15:31:00,BID_DEPTH,"[(101094, 540)]"
2019-06-28 15:31:00,ASK_DEPTH,"[(101465, 431)]"
2019-06-28 15:31:00,IMBALANCE,"[540, 431]"
2019-06-28 15:31:00,HOLDINGS_UPDATED,"{'CASH': 8669620, 'JPM': 11}"
2019-06-28 15:32:00,BID_DEPTH,"[(101094, 190)]"
2019-06-28 15:32:00,ASK_DEPTH,"[(101822, 81)]"
2019-06-28 15:32:00,IMBALANCE,"[190, 81]"
2019-06-28 15:32:00,HOLDINGS_UPDATED,"{'CASH': 8567798, 'JPM': 12}"
2019-06-28 15:33:00,BID_DEPTH,"[(101299, 537)]"
2019-06-28 15:33:00,ASK_DEPTH,"[(101501, 431)]"
2019-06-28 15:33:00,IMBALANCE,"[537, 431]"
2019-06-28 15:33:00,HOLDINGS_UPDATED,"{'CASH': 8466297, 'JPM': 13}"
2019-06-28 15:34:00,BID_DEPTH,"[(101331, 318)]"
2019-06-28 15:34:00,ASK_DEPTH,"[(101604, 212)]"
2019-06-28 15:34:00,IMBALANCE,"[318, 212]"
2019-06-28 15:34:00,HOLDINGS_UPDATED,"{'CASH': 8364693, 'JPM': 14}"
2019-06-28 15:35:00,BID_DEPTH,"[(101331, 318)]"
2019-06-28 15:35:00,ASK_DEPTH,"[(101605, 212)]"
2019-06-28 15:35:00,IMBALANCE,"[318, 212]"
2019-06-28 15:35:00,HOLDINGS_UPDATED,"{'CASH': 8263088, 'JPM': 15}"
2019-06-28 15:36:00,BID_DEPTH,"[(101299, 187)]"
2019-06-28 15:36:00,ASK_DEPTH,"[(101853, 81)]"
2019-06-28 15:36:00,IMBALANCE,"[187, 81]"
2019-06-28 15:36:00,HOLDINGS_UPDATED,"{'CASH': 8161235, 'JPM': 16}"
2019-06-28 15:37:00,BID_DEPTH,"[(101290, 187)]"
2019-06-28 15:37:00,ASK_DEPTH,"[(101879, 81)]"
2019-06-28 15:37:00,IMBALANCE,"[187, 81]"
2019-06-28 15:37:00,HOLDINGS_UPDATED,"{'CASH': 8059356, 'JPM': 17}"
2019-06-28 15:38:00,BID_DEPTH,"[(101170, 209)]"
2019-06-28 15:38:00,ASK_DEPTH,"[(101879, 103)]"
2019-06-28 15:38:00,IMBALANCE,"[209, 103]"
2019-06-28 15:38:00,HOLDINGS_UPDATED,"{'CASH': 7957477, 'JPM': 18}"
2019-06-28 15:39:00,BID_DEPTH,"[(101170, 249)]"
2019-06-28 15:39:00,ASK_DEPTH,"[(101949, 143)]"
2019-06-28 15:39:00,IMBALANCE,"[249, 143]"
2019-06-28 15:39:00,HOLDINGS_UPDATED,"{'CASH': 7855528, 'JPM': 19}"
2019-06-28 15:40:00,BID_DEPTH,"[(101402, 318)]"
2019-06-28 15:40:00,ASK_DEPTH,"[(101533, 212)]"
2019-06-28 15:40:00,IMBALANCE,"[318, 212]"
2019-06-28 15:40:00,HOLDINGS_UPDATED,"{'CASH': 7753995, 'JPM': 20}"
2019-06-28 15:41:00,BID_DEPTH,"[(101235, 249)]"
2019-06-28 15:41:00,ASK_DEPTH,"[(101985, 143)]"
2019-06-28 15:41:00,IMBALANCE,"[249, 143]"
2019-06-28 15:41:00,HOLDINGS_UPDATED,"{'CASH': 7652010, 'JPM': 21}"
2019-06-28 15:42:00,BID_DEPTH,"[(101204, 187)]"
2019-06-28 15:42:00,ASK_DEPTH,"[(101985, 81)]"
2019-06-28 15:42:00,IMBALANCE,"[187, 81]"
2019-06-28 15:42:00,HOLDINGS_UPDATED,"{'CASH': 7550025, 'JPM': 22}"
2019-06-28 15:43:00,BID_DEPTH,"[(101170, 537)]"
2019-06-28 15:43:00,ASK_DEPTH,"[(101984, 431)]"
2019-06-28 15:43:00,IMBALANCE,"[537, 431]"
2019-06-28 15:43:00,HOLDINGS_UPDATED,"{'CASH': 7448041, 'JPM': 23}"
2019-06-28 15:44:00,BID_DEPTH,"[(101230, 209)]"
2019-06-28 15:44:00,ASK_DEPTH,"[(101984, 103)]"
2019-06-28 15:44:00,IMBALANCE,"[209, 103]"
2019-06-28 15:44:00,HOLDINGS_UPDATED,"{'CASH': 7346057, 'JPM': 24}"
2019-06-28 15:45:00,BID_DEPTH,"[(101230, 318)]"
2019-06-28 15:45:00,ASK_DEPTH,"[(101312, 212)]"
2019-06-28 15:45:00,IMBALANCE,"[318, 212]"
2019-06-28 15:45:00,HOLDINGS_UPDATED,"{'CASH': 7244745, 'JPM': 25}"
2019-06-28 15:46:00,BID_DEPTH,"[(101195, 318)]"
2019-06-28 15:46:00,ASK_DEPTH,"[(101984, 212)]"
2019-06-28 15:46:00,IMBALANCE,"[318, 212]"
2019-06-28 15:46:00,HOLDINGS_UPDATED,"{'CASH': 7142761, 'JPM': 26}"
2019-06-28 15:47:00,BID_DEPTH,"[(101170, 209)]"
2019-06-28 15:47:00,ASK_DEPTH,"[(101985, 103)]"
2019-06-28 15:47:00,IMBALANCE,"[209, 103]"
2019-06-28 15:47:00,HOLDINGS_UPDATED,"{'CASH': 7040776, 'JPM': 27}"
2019-06-28 15:48:00,BID_DEPTH,"[(101094, 252)]"
2019-06-28 15:48:00,ASK_DEPTH,"[(101985, 143)]"
2019-06-28 15:48:00,IMBALANCE,"[252, 143]"
2019-06-28 15:48:00,HOLDINGS_UPDATED,"{'CASH': 6938791, 'JPM': 28}"
2019-06-28 15:49:00,BID_DEPTH,"[(101094, 190)]"
2019-06-28 15:49:00,ASK_DEPTH,"[(101985, 81)]"
2019-06-28 15:49:00,IMBALANCE,"[190, 81]"
2019-06-28 15:49:00,HOLDINGS_UPDATED,"{'CASH': 6836806, 'JPM': 29}"
2019-06-28 15:50:00,BID_DEPTH,"[(101094, 3)]"
2019-06-28 15:50:00,ASK_DEPTH,[]
2019-06-28 15:50:00,IMBALANCE,"[3, 0]"
2019-06-28 15:51:00,BID_DEPTH,"[(101010, 209)]"
2019-06-28 15:51:00,ASK_DEPTH,"[(101094, 200)]"
2019-06-28 15:51:00,IMBALANCE,"[209, 200]"
2019-06-28 15:51:00,HOLDINGS_UPDATED,"{'CASH': 6735712, 'JPM': 30}"
2019-06-28 15:52:00,BID_DEPTH,"[(100980, 318)]"
2019-06-28 15:52:00,ASK_DEPTH,"[(101094, 197)]"
2019-06-28 15:52:00,IMBALANCE,"[318, 197]"
2019-06-28 15:52:00,HOLDINGS_UPDATED,"{'CASH': 6634618, 'JPM': 31}"
2019-06-28 15:53:00,BID_DEPTH,"[(100980, 537)]"
2019-06-28 15:53:00,ASK_DEPTH,"[(101067, 431)]"
2019-06-28 15:53:00,IMBALANCE,"[537, 431]"
2019-06-28 15:53:00,HOLDINGS_UPDATED,"{'CASH': 6533551, 'JPM': 32}"
2019-06-28 15:54:00,BID_DEPTH,"[(100978, 318)]"
2019-06-28 15:54:00,ASK_DEPTH,"[(101067, 212)]"
2019-06-28 15:54:00,IMBALANCE,"[318, 212]"
2019-06-28 15:54:00,HOLDINGS_UPDATED,"{'CASH': 6432484, 'JPM': 33}"
2019-06-28 15:55:00,BID_DEPTH,"[(100957, 187)]"
2019-06-28 15:55:00,ASK_DEPTH,"[(101067, 81)]"
2019-06-28 15:55:00,IMBALANCE,"[187, 81]"
2019-06-28 15:55:00,HOLDINGS_UPDATED,"{'CASH': 6331417, 'JPM': 34}"
2019-06-28 15:56:00,BID_DEPTH,"[(100958, 318)]"
2019-06-28 15:56:00,ASK_DEPTH,"[(101066, 212)]"
2019-06-28 15:56:00,IMBALANCE,"[318, 212]"
2019-06-28 15:56:00,HOLDINGS_UPDATED,"{'CASH': 6230351, 'JPM': 35}"
2019-06-28 15:57:00,BID_DEPTH,"[(100877, 209)]"
2019-06-28 15:57:00,ASK_DEPTH,"[(101066, 34)]"
2019-06-28 15:57:00,IMBALANCE,"[209, 34]"
2019-06-28 15:57:00,HOLDINGS_UPDATED,"{'CASH': 6129285, 'JPM': 36}"
2019-06-28 15:58:00,BID_DEPTH,"[(100741, 249)]"
2019-06-28 15:58:00,ASK_DEPTH,"[(101067, 74)]"
2019-06-28 15:58:00,IMBALANCE,"[249, 74]"
2019-06-28 15:58:00,HOLDINGS_UPDATED,"{'CASH': 6028218, 'JPM': 37}"
2019-06-28 15:59:00,BID_DEPTH,"[(100711, 249)]"
2019-06-28 15:59:00,ASK_DEPTH,"[(101067, 143)]"
2019-06-28 15:59:00,IMBALANCE,"[249, 143]"
2019-06-28 15:59:00,HOLDINGS_UPDATED,"{'CASH': 5927151, 'JPM': 38}"
2019-06-28 16:00:00,BID_DEPTH,"[(100456, 212)]"
2019-06-28 16:00:00,ASK_DEPTH,"[(100495, 318)]"
2019-06-28 16:00:00,IMBALANCE,"[212, 318]"
2019-06-28 16:00:00,HOLDINGS_UPDATED,"{'CASH': 6027607, 'JPM': 37}"
2019-06-28 16:01:00,BID_DEPTH,"[(100456, 206)]"
2019-06-28 16:01:00,ASK_DEPTH,"[(100495, 318)]"
2019-06-28 16:01:00,IMBALANCE,"[206, 318]"
2019-06-28 16:01:00,MKT_CLOSED,
2019-06-28 16:01:00,FINAL_HOLDINGS,"{ JPM: 37, CASH: 6027607 }"
2019-06-28 16:01:00,FINAL_CASH_POSITION,6027607
2019-06-28 16:01:00,MARK_TO_MARKET,37 JPM @ 100456 == 3716872
2019-06-28 16:01:00,MARKED_TO_MARKET,9744479
2019-06-28 16:01:00,ENDING_CASH,9744479
