EventTime,EventType,Event
,AGENT_TYPE,MomentumAgent
,STARTING_CASH,10000000
2019-06-28 09:30:00,HOLDINGS_UPDATED,{'CASH': 10000000}
2019-06-28 09:31:00,BID_DEPTH,"[(100013, 180)]"
2019-06-28 09:31:00,ASK_DEPTH,"[(100023, 380)]"
2019-06-28 09:31:00,IMBALANCE,"[180, 380]"
2019-06-28 09:32:00,BID_DEPTH,"[(100017, 301)]"
2019-06-28 09:32:00,ASK_DEPTH,"[(100023, 301)]"
2019-06-28 09:32:00,IMBALANCE,"[301, 301]"
2019-06-28 09:33:00,BID_DEPTH,"[(100018, 180)]"
2019-06-28 09:33:00,ASK_DEPTH,"[(100024, 180)]"
2019-06-28 09:33:00,IMBALANCE,"[180, 180]"
2019-06-28 09:34:00,BID_DEPTH,"[(100018, 200)]"
2019-06-28 09:34:00,ASK_DEPTH,"[(100027, 300)]"
2019-06-28 09:34:00,IMBALANCE,"[200, 300]"
2019-06-28 09:35:00,BID_DEPTH,"[(100018, 502)]"
2019-06-28 09:35:00,ASK_DEPTH,"[(100027, 602)]"
2019-06-28 09:35:00,IMBALANCE,"[502, 602]"
2019-06-28 09:36:00,BID_DEPTH,"[(100024, 200)]"
2019-06-28 09:36:00,ASK_DEPTH,"[(100027, 200)]"
2019-06-28 09:36:00,IMBALANCE,"[200, 200]"
2019-06-28 09:37:00,BID_DEPTH,"[(100024, 180)]"
2019-06-28 09:37:00,ASK_DEPTH,"[(100027, 180)]"
2019-06-28 09:37:00,IMBALANCE,"[180, 180]"
2019-06-28 09:38:00,BID_DEPTH,"[(100026, 502)]"
2019-06-28 09:38:00,ASK_DEPTH,"[(100046, 502)]"
2019-06-28 09:38:00,IMBALANCE,"[502, 502]"
2019-06-28 09:39:00,BID_DEPTH,"[(100027, 180)]"
2019-06-28 09:39:00,ASK_DEPTH,"[(100051, 180)]"
2019-06-28 09:39:00,IMBALANCE,"[180, 180]"
2019-06-28 09:40:00,BID_DEPTH,"[(100028, 337)]"
2019-06-28 09:40:00,ASK_DEPTH,"[(100051, 237)]"
2019-06-28 09:40:00,IMBALANCE,"[337, 237]"
2019-06-28 09:41:00,BID_DEPTH,"[(100028, 180)]"
2019-06-28 09:41:00,ASK_DEPTH,"[(100051, 180)]"
2019-06-28 09:41:00,IMBALANCE,"[180, 180]"
2019-06-28 09:42:00,BID_DEPTH,"[(100027, 301)]"
2019-06-28 09:42:00,ASK_DEPTH,"[(100028, 221)]"
2019-06-28 09:42:00,IMBALANCE,"[301, 221]"
2019-06-28 09:43:00,BID_DEPTH,"[(100018, 180)]"
2019-06-28 09:43:00,ASK_DEPTH,"[(100027, 180)]"
2019-06-28 09:43:00,IMBALANCE,"[180, 180]"
2019-06-28 09:44:00,BID_DEPTH,"[(99985, 301)]"
2019-06-28 09:44:00,ASK_DEPTH,"[(100026, 401)]"
2019-06-28 09:44:00,IMBALANCE,"[301, 401]"
2019-06-28 09:45:00,BID_DEPTH,"[(99955, 301)]"
2019-06-28 09:45:00,ASK_DEPTH,"[(100026, 401)]"
2019-06-28 09:45:00,IMBALANCE,"[301, 401]"
2019-06-28 09:46:00,BID_DEPTH,"[(99937, 200)]"
2019-06-28 09:46:00,ASK_DEPTH,"[(99995, 200)]"
2019-06-28 09:46:00,IMBALANCE,"[200, 200]"
2019-06-28 09:47:00,BID_DEPTH,"[(99931, 200)]"
2019-06-28 09:47:00,ASK_DEPTH,"[(99995, 200)]"
2019-06-28 09:47:00,IMBALANCE,"[200, 200]"
2019-06-28 09:48:00,BID_DEPTH,"[(99893, 180)]"
2019-06-28 09:48:00,ASK_DEPTH,"[(99995, 180)]"
2019-06-28 09:48:00,IMBALANCE,"[180, 180]"
2019-06-28 09:49:00,BID_DEPTH,"[(99893, 502)]"
2019-06-28 09:49:00,ASK_DEPTH,"[(99995, 502)]"
2019-06-28 09:49:00,IMBALANCE,"[502, 502]"
2019-06-28 09:50:00,BID_DEPTH,"[(99874, 237)]"
2019-06-28 09:50:00,ASK_DEPTH,"[(99924, 237)]"
2019-06-28 09:50:00,IMBALANCE,"[237, 237]"
2019-06-28 09:51:00,BID_DEPTH,"[(99825, 301)]"
2019-06-28 09:51:00,ASK_DEPTH,"[(99893, 401)]"
2019-06-28 09:51:00,IMBALANCE,"[301, 401]"
2019-06-28 09:52:00,BID_DEPTH,"[(99465, 180)]"
2019-06-28 09:52:00,ASK_DEPTH,"[(99585, 180)]"
2019-06-28 09:52:00,IMBALANCE,"[180, 180]"
2019-06-28 09:53:00,BID_DEPTH,"[(99425, 180)]"
2019-06-28 09:53:00,ASK_DEPTH,"[(99585, 180)]"
2019-06-28 09:53:00,IMBALANCE,"[180, 180]"
2019-06-28 09:54:00,BID_DEPTH,"[(99425, 301)]"
2019-06-28 09:54:00,ASK_DEPTH,"[(99585, 301)]"
2019-06-28 09:54:00,IMBALANCE,"[301, 301]"
2019-06-28 09:55:00,BID_DEPTH,"[(99425, 237)]"
2019-06-28 09:55:00,ASK_DEPTH,"[(99776, 237)]"
2019-06-28 09:55:00,IMBALANCE,"[237, 237]"
2019-06-28 09:56:00,BID_DEPTH,"[(99302, 237)]"
2019-06-28 09:56:00,ASK_DEPTH,"[(99392, 237)]"
2019-06-28 09:56:00,IMBALANCE,"[237, 237]"
2019-06-28 09:57:00,BID_DEPTH,"[(99273, 301)]"
2019-06-28 09:57:00,ASK_DEPTH,"[(99392, 301)]"
2019-06-28 09:57:00,IMBALANCE,"[301, 301]"
2019-06-28 09:58:00,BID_DEPTH,"[(99308, 502)]"
2019-06-28 09:58:00,ASK_DEPTH,"[(99439, 502)]"
2019-06-28 09:58:00,IMBALANCE,"[502, 502]"
2019-06-28 09:59:00,BID_DEPTH,"[(99308, 301)]"
2019-06-28 09:59:00,ASK_DEPTH,"[(99391, 301)]"
2019-06-28 09:59:00,IMBALANCE,"[301, 301]"
2019-06-28 10:00:00,BID_DEPTH,"[(99293, 200)]"
2019-06-28 10:00:00,ASK_DEPTH,"[(99391, 200)]"
2019-06-28 10:00:00,IMBALANCE,"[200, 200]"
2019-06-28 10:01:00,BID_DEPTH,"[(99293, 237)]"
2019-06-28 10:01:00,ASK_DEPTH,"[(99391, 237)]"
2019-06-28 10:01:00,IMBALANCE,"[237, 237]"
2019-06-28 10:02:00,BID_DEPTH,"[(99293, 200)]"
2019-06-28 10:02:00,ASK_DEPTH,"[(99439, 200)]"
2019-06-28 10:02:00,IMBALANCE,"[200, 200]"
2019-06-28 10:03:00,BID_DEPTH,"[(99439, 120)]"
2019-06-28 10:03:00,ASK_DEPTH,"[(99488, 200)]"
2019-06-28 10:03:00,IMBALANCE,"[120, 200]"
2019-06-28 10:04:00,BID_DEPTH,"[(99431, 180)]"
2019-06-28 10:04:00,ASK_DEPTH,"[(99584, 180)]"
2019-06-28 10:04:00,IMBALANCE,"[180, 180]"
2019-06-28 10:05:00,BID_DEPTH,"[(99526, 180)]"
2019-06-28 10:05:00,ASK_DEPTH,"[(99584, 180)]"
2019-06-28 10:05:00,IMBALANCE,"[180, 180]"
2019-06-28 10:06:00,BID_DEPTH,"[(99526, 237)]"
2019-06-28 10:06:00,ASK_DEPTH,"[(99583, 337)]"
2019-06-28 10:06:00,IMBALANCE,"[237, 337]"
2019-06-28 10:07:00,BID_DEPTH,"[(99583, 237)]"
2019-06-28 10:07:00,ASK_DEPTH,"[(99621, 237)]"
2019-06-28 10:07:00,IMBALANCE,"[237, 237]"
2019-06-28 10:08:00,BID_DEPTH,"[(99583, 200)]"
2019-06-28 10:08:00,ASK_DEPTH,"[(99621, 200)]"
2019-06-28 10:08:00,IMBALANCE,"[200, 200]"
2019-06-28 10:09:00,BID_DEPTH,"[(99596, 237)]"
2019-06-28 10:09:00,ASK_DEPTH,"[(99630, 237)]"
2019-06-28 10:09:00,IMBALANCE,"[237, 237]"
2019-06-28 10:10:00,BID_DEPTH,"[(99596, 301)]"
2019-06-28 10:10:00,ASK_DEPTH,"[(99640, 301)]"
2019-06-28 10:10:00,IMBALANCE,"[301, 301]"
2019-06-28 10:11:00,BID_DEPTH,"[(99621, 502)]"
2019-06-28 10:11:00,ASK_DEPTH,"[(99640, 502)]"
2019-06-28 10:11:00,IMBALANCE,"[502, 502]"
2019-06-28 10:12:00,BID_DEPTH,"[(99621, 237)]"
2019-06-28 10:12:00,ASK_DEPTH,"[(99640, 237)]"
2019-06-28 10:12:00,IMBALANCE,"[237, 237]"
2019-06-28 10:13:00,BID_DEPTH,"[(99621, 502)]"
2019-06-28 10:13:00,ASK_DEPTH,"[(99640, 502)]"
2019-06-28 10:13:00,IMBALANCE,"[502, 502]"
2019-06-28 10:14:00,BID_DEPTH,"[(99621, 301)]"
2019-06-28 10:14:00,ASK_DEPTH,"[(99679, 301)]"
2019-06-28 10:14:00,IMBALANCE,"[301, 301]"
2019-06-28 10:15:00,BID_DEPTH,"[(99647, 502)]"
2019-06-28 10:15:00,ASK_DEPTH,"[(99738, 502)]"
2019-06-28 10:15:00,IMBALANCE,"[502, 502]"
2019-06-28 10:16:00,BID_DEPTH,"[(99747, 180)]"
2019-06-28 10:16:00,ASK_DEPTH,"[(99889, 180)]"
2019-06-28 10:16:00,IMBALANCE,"[180, 180]"
2019-06-28 10:17:00,BID_DEPTH,"[(99794, 237)]"
2019-06-28 10:17:00,ASK_DEPTH,"[(99924, 237)]"
2019-06-28 10:17:00,IMBALANCE,"[237, 237]"
2019-06-28 10:18:00,BID_DEPTH,"[(99794, 301)]"
2019-06-28 10:18:00,ASK_DEPTH,"[(100031, 301)]"
2019-06-28 10:18:00,IMBALANCE,"[301, 301]"
2019-06-28 10:19:00,BID_DEPTH,"[(100028, 301)]"
2019-06-28 10:19:00,ASK_DEPTH,"[(100061, 301)]"
2019-06-28 10:19:00,IMBALANCE,"[301, 301]"
2019-06-28 10:20:00,BID_DEPTH,"[(100061, 180)]"
2019-06-28 10:20:00,ASK_DEPTH,"[(100073, 180)]"
2019-06-28 10:20:00,IMBALANCE,"[180, 180]"
2019-06-28 10:21:00,BID_DEPTH,"[(100061, 148)]"
2019-06-28 10:21:00,ASK_DEPTH,"[(100073, 200)]"
2019-06-28 10:21:00,IMBALANCE,"[148, 200]"
2019-06-28 10:21:00,HOLDINGS_UPDATED,"{'CASH': 10500305, 'JPM': -5}"
2019-06-28 10:22:00,BID_DEPTH,"[(100061, 128)]"
2019-06-28 10:22:00,ASK_DEPTH,"[(100086, 180)]"
2019-06-28 10:22:00,IMBALANCE,"[128, 180]"
2019-06-28 10:22:00,HOLDINGS_UPDATED,"{'CASH': 11000610, 'JPM': -10}"
2019-06-28 10:23:00,BID_DEPTH,"[(100061, 228)]"
2019-06-28 10:23:00,ASK_DEPTH,"[(100086, 180)]"
2019-06-28 10:23:00,IMBALANCE,"[228, 180]"
2019-06-28 10:23:00,HOLDINGS_UPDATED,"{'CASH': 11500915, 'JPM': -15}"
2019-06-28 10:24:00,BID_DEPTH,"[(100086, 157)]"
2019-06-28 10:24:00,ASK_DEPTH,"[(100237, 185)]"
2019-06-28 10:24:00,IMBALANCE,"[157, 185]"
2019-06-28 10:24:00,HOLDINGS_UPDATED,"{'CASH': 10999730, 'JPM': -10}"
2019-06-28 10:25:00,BID_DEPTH,"[(100001, 301)]"
2019-06-28 10:25:00,ASK_DEPTH,"[(100237, 349)]"
2019-06-28 10:25:00,IMBALANCE,"[301, 349]"
2019-06-28 10:25:00,HOLDINGS_UPDATED,"{'CASH': 10498545, 'JPM': -5}"
2019-06-28 10:26:00,BID_DEPTH,"[(99794, 180)]"
2019-06-28 10:26:00,ASK_DEPTH,"[(100043, 128)]"
2019-06-28 10:26:00,IMBALANCE,"[180, 128]"
2019-06-28 10:26:00,HOLDINGS_UPDATED,{'CASH': 9998330}
2019-06-28 10:27:00,BID_DEPTH,"[(100127, 237)]"
2019-06-28 10:27:00,ASK_DEPTH,"[(100237, 253)]"
2019-06-28 10:27:00,IMBALANCE,"[237, 253]"
2019-06-28 10:27:00,HOLDINGS_UPDATED,"{'CASH': 9497145, 'JPM': 5}"
2019-06-28 10:28:00,BID_DEPTH,"[(100127, 301)]"
2019-06-28 10:28:00,ASK_DEPTH,"[(100237, 185)]"
2019-06-28 10:28:00,IMBALANCE,"[301, 185]"
2019-06-28 10:28:00,HOLDINGS_UPDATED,"{'CASH': 8995960, 'JPM': 10}"
2019-06-28 10:29:00,BID_DEPTH,"[(100127, 237)]"
2019-06-28 10:29:00,ASK_DEPTH,"[(100237, 185)]"
2019-06-28 10:29:00,IMBALANCE,"[237, 185]"
2019-06-28 10:29:00,HOLDINGS_UPDATED,"{'CASH': 8494775, 'JPM': 15}"
2019-06-28 10:30:00,BID_DEPTH,"[(100152, 301)]"
2019-06-28 10:30:00,ASK_DEPTH,"[(100250, 249)]"
2019-06-28 10:30:00,IMBALANCE,"[301, 249]"
2019-06-28 10:30:00,HOLDINGS_UPDATED,"{'CASH': 7993525, 'JPM': 20}"
2019-06-28 10:31:00,BID_DEPTH,"[(100100, 237)]"
2019-06-28 10:31:00,ASK_DEPTH,"[(100250, 185)]"
2019-06-28 10:31:00,IMBALANCE,"[237, 185]"
2019-06-28 10:31:00,HOLDINGS_UPDATED,"{'CASH': 7492275, 'JPM': 25}"
2019-06-28 10:32:00,BID_DEPTH,"[(100133, 301)]"
2019-06-28 10:32:00,ASK_DEPTH,"[(100295, 249)]"
2019-06-28 10:32:00,IMBALANCE,"[301, 249]"
2019-06-28 10:32:00,HOLDINGS_UPDATED,"{'CASH': 6990800, 'JPM': 30}"
2019-06-28 10:33:00,BID_DEPTH,"[(100133, 180)]"
2019-06-28 10:33:00,ASK_DEPTH,"[(100147, 128)]"
2019-06-28 10:33:00,IMBALANCE,"[180, 128]"
2019-06-28 10:33:00,HOLDINGS_UPDATED,"{'CASH': 6490065, 'JPM': 35}"
2019-06-28 10:34:00,BID_DEPTH,"[(100187, 301)]"
2019-06-28 10:34:00,ASK_DEPTH,"[(100210, 249)]"
2019-06-28 10:34:00,IMBALANCE,"[301, 249]"
2019-06-28 10:34:00,HOLDINGS_UPDATED,"{'CASH': 5989015, 'JPM': 40}"
2019-06-28 10:35:00,BID_DEPTH,"[(100187, 200)]"
2019-06-28 10:35:00,ASK_DEPTH,"[(100295, 248)]"
2019-06-28 10:35:00,IMBALANCE,"[200, 248]"
2019-06-28 10:35:00,HOLDINGS_UPDATED,"{'CASH': 5487540, 'JPM': 45}"
2019-06-28 10:36:00,BID_DEPTH,"[(100133, 200)]"
2019-06-28 10:36:00,ASK_DEPTH,"[(100294, 148)]"
2019-06-28 10:36:00,IMBALANCE,"[200, 148]"
2019-06-28 10:36:00,HOLDINGS_UPDATED,"{'CASH': 4986070, 'JPM': 50}"
2019-06-28 10:37:00,BID_DEPTH,"[(100133, 180)]"
2019-06-28 10:37:00,ASK_DEPTH,"[(100295, 196)]"
2019-06-28 10:37:00,IMBALANCE,"[180, 196]"
2019-06-28 10:37:00,HOLDINGS_UPDATED,"{'CASH': 4484595, 'JPM': 55}"
2019-06-28 10:38:00,BID_DEPTH,"[(99980, 502)]"
2019-06-28 10:38:00,ASK_DEPTH,"[(100295, 586)]"
2019-06-28 10:38:00,IMBALANCE,"[502, 586]"
2019-06-28 10:38:00,HOLDINGS_UPDATED,"{'CASH': 3983120, 'JPM': 60}"
2019-06-28 10:39:00,BID_DEPTH,"[(99698, 301)]"
2019-06-28 10:39:00,ASK_DEPTH,"[(100295, 353)]"
2019-06-28 10:39:00,IMBALANCE,"[301, 353]"
2019-06-28 10:39:00,HOLDINGS_UPDATED,"{'CASH': 3481645, 'JPM': 65}"
2019-06-28 10:40:00,BID_DEPTH,"[(99568, 237)]"
2019-06-28 10:40:00,ASK_DEPTH,"[(100295, 257)]"
2019-06-28 10:40:00,IMBALANCE,"[237, 257]"
2019-06-28 10:40:00,HOLDINGS_UPDATED,"{'CASH': 2980170, 'JPM': 70}"
2019-06-28 10:41:00,BID_DEPTH,"[(99539, 200)]"
2019-06-28 10:41:00,ASK_DEPTH,"[(99818, 148)]"
2019-06-28 10:41:00,IMBALANCE,"[200, 148]"
2019-06-28 10:41:00,HOLDINGS_UPDATED,"{'CASH': 2481080, 'JPM': 75}"
2019-06-28 10:42:00,BID_DEPTH,"[(99607, 502)]"
2019-06-28 10:42:00,ASK_DEPTH,"[(100059, 450)]"
2019-06-28 10:42:00,IMBALANCE,"[502, 450]"
2019-06-28 10:42:00,HOLDINGS_UPDATED,"{'CASH': 1980785, 'JPM': 80}"
2019-06-28 10:43:00,BID_DEPTH,"[(100059, 237)]"
2019-06-28 10:43:00,ASK_DEPTH,"[(100071, 185)]"
2019-06-28 10:43:00,IMBALANCE,"[237, 185]"
2019-06-28 10:43:00,HOLDINGS_UPDATED,"{'CASH': 1480430, 'JPM': 85}"
2019-06-28 10:44:00,BID_DEPTH,"[(100009, 200)]"
2019-06-28 10:44:00,ASK_DEPTH,"[(100214, 148)]"
2019-06-28 10:44:00,IMBALANCE,"[200, 148]"
2019-06-28 10:44:00,HOLDINGS_UPDATED,"{'CASH': 979360, 'JPM': 90}"
2019-06-28 10:45:00,BID_DEPTH,"[(100009, 301)]"
2019-06-28 10:45:00,ASK_DEPTH,"[(100150, 249)]"
2019-06-28 10:45:00,IMBALANCE,"[301, 249]"
2019-06-28 10:45:00,HOLDINGS_UPDATED,"{'CASH': 478610, 'JPM': 95}"
2019-06-28 10:46:00,BID_DEPTH,"[(100150, 180)]"
2019-06-28 10:46:00,ASK_DEPTH,"[(100171, 128)]"
2019-06-28 10:46:00,IMBALANCE,"[180, 128]"
2019-06-28 10:46:00,HOLDINGS_UPDATED,"{'CASH': -22245, 'JPM': 100}"
2019-06-28 10:47:00,BID_DEPTH,"[(100150, 237)]"
2019-06-28 10:47:00,ASK_DEPTH,"[(100262, 185)]"
2019-06-28 10:47:00,IMBALANCE,"[237, 185]"
2019-06-28 10:47:00,HOLDINGS_UPDATED,"{'CASH': -523555, 'JPM': 105}"
2019-06-28 10:48:00,BID_DEPTH,"[(100145, 200)]"
2019-06-28 10:48:00,ASK_DEPTH,"[(100303, 148)]"
2019-06-28 10:48:00,IMBALANCE,"[200, 148]"
2019-06-28 10:48:00,HOLDINGS_UPDATED,"{'CASH': -1025070, 'JPM': 110}"
2019-06-28 10:49:00,BID_DEPTH,"[(100010, 180)]"
2019-06-28 10:49:00,ASK_DEPTH,"[(100148, 128)]"
2019-06-28 10:49:00,IMBALANCE,"[180, 128]"
2019-06-28 10:49:00,HOLDINGS_UPDATED,"{'CASH': -1525810, 'JPM': 115}"
2019-06-28 10:50:00,BID_DEPTH,"[(100009, 502)]"
2019-06-28 10:50:00,ASK_DEPTH,"[(100303, 450)]"
2019-06-28 10:50:00,IMBALANCE,"[502, 450]"
2019-06-28 10:50:00,HOLDINGS_UPDATED,"{'CASH': -2027325, 'JPM': 120}"
2019-06-28 10:51:00,BID_DEPTH,"[(99926, 237)]"
2019-06-28 10:51:00,ASK_DEPTH,"[(100321, 185)]"
2019-06-28 10:51:00,IMBALANCE,"[237, 185]"
2019-06-28 10:51:00,HOLDINGS_UPDATED,"{'CASH': -2528930, 'JPM': 125}"
2019-06-28 10:52:00,BID_DEPTH,"[(99728, 200)]"
2019-06-28 10:52:00,ASK_DEPTH,"[(99984, 148)]"
2019-06-28 10:52:00,IMBALANCE,"[200, 148]"
2019-06-28 10:52:00,HOLDINGS_UPDATED,"{'CASH': -3028850, 'JPM': 130}"
2019-06-28 10:53:00,BID_DEPTH,"[(99607, 200)]"
2019-06-28 10:53:00,ASK_DEPTH,"[(100023, 148)]"
2019-06-28 10:53:00,IMBALANCE,"[200, 148]"
2019-06-28 10:53:00,HOLDINGS_UPDATED,"{'CASH': -3528965, 'JPM': 135}"
2019-06-28 10:54:00,BID_DEPTH,"[(99607, 502)]"
2019-06-28 10:54:00,ASK_DEPTH,"[(100385, 450)]"
2019-06-28 10:54:00,IMBALANCE,"[502, 450]"
2019-06-28 10:54:00,HOLDINGS_UPDATED,"{'CASH': -4030890, 'JPM': 140}"
2019-06-28 10:55:00,BID_DEPTH,"[(100259, 200)]"
2019-06-28 10:55:00,ASK_DEPTH,"[(100439, 248)]"
2019-06-28 10:55:00,IMBALANCE,"[200, 248]"
2019-06-28 10:55:00,HOLDINGS_UPDATED,"{'CASH': -4533085, 'JPM': 145}"
2019-06-28 10:56:00,BID_DEPTH,"[(100259, 200)]"
2019-06-28 10:56:00,ASK_DEPTH,"[(100391, 148)]"
2019-06-28 10:56:00,IMBALANCE,"[200, 148]"
2019-06-28 10:56:00,HOLDINGS_UPDATED,"{'CASH': -5035040, 'JPM': 150}"
2019-06-28 10:57:00,BID_DEPTH,"[(100391, 301)]"
2019-06-28 10:57:00,ASK_DEPTH,"[(100556, 249)]"
2019-06-28 10:57:00,IMBALANCE,"[301, 249]"
2019-06-28 10:57:00,HOLDINGS_UPDATED,"{'CASH': -5537820, 'JPM': 155}"
2019-06-28 10:58:00,BID_DEPTH,"[(100259, 502)]"
2019-06-28 10:58:00,ASK_DEPTH,"[(100585, 450)]"
2019-06-28 10:58:00,IMBALANCE,"[502, 450]"
2019-06-28 10:58:00,HOLDINGS_UPDATED,"{'CASH': -6040745, 'JPM': 160}"
2019-06-28 10:59:00,BID_DEPTH,"[(100259, 200)]"
2019-06-28 10:59:00,ASK_DEPTH,"[(100585, 148)]"
2019-06-28 10:59:00,IMBALANCE,"[200, 148]"
2019-06-28 10:59:00,HOLDINGS_UPDATED,"{'CASH': -6543670, 'JPM': 165}"
2019-06-28 11:00:00,BID_DEPTH,"[(100259, 237)]"
2019-06-28 11:00:00,ASK_DEPTH,"[(100270, 185)]"
2019-06-28 11:00:00,IMBALANCE,"[237, 185]"
2019-06-28 11:00:00,HOLDINGS_UPDATED,"{'CASH': -7045020, 'JPM': 170}"
2019-06-28 11:01:00,BID_DEPTH,"[(100211, 200)]"
2019-06-28 11:01:00,ASK_DEPTH,"[(100585, 148)]"
2019-06-28 11:01:00,IMBALANCE,"[200, 148]"
2019-06-28 11:01:00,HOLDINGS_UPDATED,"{'CASH': -7547945, 'JPM': 175}"
2019-06-28 11:02:00,BID_DEPTH,"[(100205, 502)]"
2019-06-28 11:02:00,ASK_DEPTH,"[(100585, 450)]"
2019-06-28 11:02:00,IMBALANCE,"[502, 450]"
2019-06-28 11:02:00,HOLDINGS_UPDATED,"{'CASH': -8050870, 'JPM': 180}"
2019-06-28 11:03:00,BID_DEPTH,"[(100195, 200)]"
2019-06-28 11:03:00,ASK_DEPTH,"[(100585, 148)]"
2019-06-28 11:03:00,IMBALANCE,"[200, 148]"
2019-06-28 11:03:00,HOLDINGS_UPDATED,"{'CASH': -8553795, 'JPM': 185}"
2019-06-28 11:04:00,BID_DEPTH,"[(100546, 502)]"
2019-06-28 11:04:00,ASK_DEPTH,"[(100619, 450)]"
2019-06-28 11:04:00,IMBALANCE,"[502, 450]"
2019-06-28 11:04:00,HOLDINGS_UPDATED,"{'CASH': -9056890, 'JPM': 190}"
2019-06-28 11:05:00,BID_DEPTH,"[(100619, 100)]"
2019-06-28 11:05:00,ASK_DEPTH,[]
2019-06-28 11:05:00,IMBALANCE,"[100, 0]"
2019-06-28 11:06:00,BID_DEPTH,"[(100619, 200)]"
2019-06-28 11:06:00,ASK_DEPTH,"[(101076, 148)]"
2019-06-28 11:06:00,IMBALANCE,"[200, 148]"
2019-06-28 11:06:00,HOLDINGS_UPDATED,"{'CASH': -9562270, 'JPM': 195}"
2019-06-28 11:07:00,BID_DEPTH,"[(101389, 237)]"
2019-06-28 11:07:00,ASK_DEPTH,"[(101762, 185)]"
2019-06-28 11:07:00,IMBALANCE,"[237, 185]"
2019-06-28 11:07:00,HOLDINGS_UPDATED,"{'CASH': -10071080, 'JPM': 200}"
2019-06-28 11:08:00,BID_DEPTH,"[(101389, 100)]"
2019-06-28 11:08:00,ASK_DEPTH,[]
2019-06-28 11:08:00,IMBALANCE,"[100, 0]"
2019-06-28 11:09:00,BID_DEPTH,"[(101389, 502)]"
2019-06-28 11:09:00,ASK_DEPTH,"[(101762, 450)]"
2019-06-28 11:09:00,IMBALANCE,"[502, 450]"
2019-06-28 11:09:00,HOLDINGS_UPDATED,"{'CASH': -10579890, 'JPM': 205}"
2019-06-28 11:10:00,BID_DEPTH,"[(102802, 100)]"
2019-06-28 11:10:00,ASK_DEPTH,[]
2019-06-28 11:10:00,IMBALANCE,"[100, 0]"
2019-06-28 11:11:00,BID_DEPTH,"[(102802, 100)]"
2019-06-28 11:11:00,ASK_DEPTH,[]
2019-06-28 11:11:00,IMBALANCE,"[100, 0]"
2019-06-28 11:12:00,BID_DEPTH,"[(101389, 237)]"
2019-06-28 11:12:00,ASK_DEPTH,"[(102367, 185)]"
2019-06-28 11:12:00,IMBALANCE,"[237, 185]"
2019-06-28 11:12:00,HOLDINGS_UPDATED,"{'CASH': -11091725, 'JPM': 210}"
2019-06-28 11:13:00,BID_DEPTH,"[(102195, 237)]"
2019-06-28 11:13:00,ASK_DEPTH,"[(102288, 185)]"
2019-06-28 11:13:00,IMBALANCE,"[237, 185]"
2019-06-28 11:13:00,HOLDINGS_UPDATED,"{'CASH': -11603165, 'JPM': 215}"
2019-06-28 11:14:00,BID_DEPTH,"[(102195, 180)]"
2019-06-28 11:14:00,ASK_DEPTH,"[(102288, 228)]"
2019-06-28 11:14:00,IMBALANCE,"[180, 228]"
2019-06-28 11:14:00,HOLDINGS_UPDATED,"{'CASH': -12114605, 'JPM': 220}"
2019-06-28 11:15:00,BID_DEPTH,"[(101962, 200)]"
2019-06-28 11:15:00,ASK_DEPTH,"[(102288, 116)]"
2019-06-28 11:15:00,IMBALANCE,"[200, 116]"
2019-06-28 11:15:00,HOLDINGS_UPDATED,"{'CASH': -12626045, 'JPM': 225}"
2019-06-28 11:16:00,BID_DEPTH,"[(101176, 200)]"
2019-06-28 11:16:00,ASK_DEPTH,"[(102367, 148)]"
2019-06-28 11:16:00,IMBALANCE,"[200, 148]"
2019-06-28 11:16:00,HOLDINGS_UPDATED,"{'CASH': -13137880, 'JPM': 230}"
2019-06-28 11:17:00,BID_DEPTH,"[(101571, 237)]"
2019-06-28 11:17:00,ASK_DEPTH,"[(101859, 185)]"
2019-06-28 11:17:00,IMBALANCE,"[237, 185]"
2019-06-28 11:17:00,HOLDINGS_UPDATED,"{'CASH': -13647175, 'JPM': 235}"
2019-06-28 11:18:00,BID_DEPTH,"[(101445, 502)]"
2019-06-28 11:18:00,ASK_DEPTH,"[(102367, 650)]"
2019-06-28 11:18:00,IMBALANCE,"[502, 650]"
2019-06-28 11:18:00,HOLDINGS_UPDATED,"{'CASH': -14159010, 'JPM': 240}"
2019-06-28 11:19:00,BID_DEPTH,"[(100902, 237)]"
2019-06-28 11:19:00,ASK_DEPTH,"[(101011, 185)]"
2019-06-28 11:19:00,IMBALANCE,"[237, 185]"
2019-06-28 11:19:00,HOLDINGS_UPDATED,"{'CASH': -14664065, 'JPM': 245}"
2019-06-28 11:20:00,BID_DEPTH,"[(100902, 180)]"
2019-06-28 11:20:00,ASK_DEPTH,"[(101094, 128)]"
2019-06-28 11:20:00,IMBALANCE,"[180, 128]"
2019-06-28 11:20:00,HOLDINGS_UPDATED,"{'CASH': -15169535, 'JPM': 250}"
2019-06-28 11:21:00,BID_DEPTH,"[(101028, 301)]"
2019-06-28 11:21:00,ASK_DEPTH,"[(101176, 169)]"
2019-06-28 11:21:00,IMBALANCE,"[301, 169]"
2019-06-28 11:21:00,HOLDINGS_UPDATED,"{'CASH': -15675415, 'JPM': 255}"
2019-06-28 11:22:00,BID_DEPTH,"[(101028, 237)]"
2019-06-28 11:22:00,ASK_DEPTH,"[(101694, 185)]"
2019-06-28 11:22:00,IMBALANCE,"[237, 185]"
2019-06-28 11:22:00,HOLDINGS_UPDATED,"{'CASH': -16183885, 'JPM': 260}"
2019-06-28 11:23:00,BID_DEPTH,"[(101028, 237)]"
2019-06-28 11:23:00,ASK_DEPTH,"[(101868, 185)]"
2019-06-28 11:23:00,IMBALANCE,"[237, 185]"
2019-06-28 11:23:00,HOLDINGS_UPDATED,"{'CASH': -16693225, 'JPM': 265}"
2019-06-28 11:24:00,BID_DEPTH,"[(100823, 502)]"
2019-06-28 11:24:00,ASK_DEPTH,"[(102367, 518)]"
2019-06-28 11:24:00,IMBALANCE,"[502, 518]"
2019-06-28 11:24:00,HOLDINGS_UPDATED,"{'CASH': -17205060, 'JPM': 270}"
2019-06-28 11:25:00,BID_DEPTH,"[(100799, 502)]"
2019-06-28 11:25:00,ASK_DEPTH,"[(102367, 386)]"
2019-06-28 11:25:00,IMBALANCE,"[502, 386]"
2019-06-28 11:25:00,HOLDINGS_UPDATED,"{'CASH': -17716895, 'JPM': 275}"
2019-06-28 11:26:00,BID_DEPTH,"[(100799, 502)]"
2019-06-28 11:26:00,ASK_DEPTH,"[(102424, 450)]"
2019-06-28 11:26:00,IMBALANCE,"[502, 450]"
2019-06-28 11:26:00,HOLDINGS_UPDATED,"{'CASH': -18229015, 'JPM': 280}"
2019-06-28 11:27:00,BID_DEPTH,"[(100985, 502)]"
2019-06-28 11:27:00,ASK_DEPTH,"[(101121, 450)]"
2019-06-28 11:27:00,IMBALANCE,"[502, 450]"
2019-06-28 11:27:00,HOLDINGS_UPDATED,"{'CASH': -18734620, 'JPM': 285}"
2019-06-28 11:28:00,BID_DEPTH,"[(100985, 301)]"
2019-06-28 11:28:00,ASK_DEPTH,"[(101215, 249)]"
2019-06-28 11:28:00,IMBALANCE,"[301, 249]"
2019-06-28 11:28:00,HOLDINGS_UPDATED,"{'CASH': -19240695, 'JPM': 290}"
2019-06-28 11:29:00,BID_DEPTH,"[(100985, 200)]"
2019-06-28 11:29:00,ASK_DEPTH,"[(101004, 148)]"
2019-06-28 11:29:00,IMBALANCE,"[200, 148]"
2019-06-28 11:29:00,HOLDINGS_UPDATED,"{'CASH': -19745715, 'JPM': 295}"
2019-06-28 11:30:00,BID_DEPTH,"[(100958, 301)]"
2019-06-28 11:30:00,ASK_DEPTH,"[(101215, 249)]"
2019-06-28 11:30:00,IMBALANCE,"[301, 249]"
2019-06-28 11:30:00,HOLDINGS_UPDATED,"{'CASH': -20251790, 'JPM': 300}"
2019-06-28 11:31:00,BID_DEPTH,"[(100979, 200)]"
2019-06-28 11:31:00,ASK_DEPTH,"[(101396, 148)]"
2019-06-28 11:31:00,IMBALANCE,"[200, 148]"
2019-06-28 11:31:00,HOLDINGS_UPDATED,"{'CASH': -20758770, 'JPM': 305}"
2019-06-28 11:32:00,BID_DEPTH,"[(100979, 301)]"
2019-06-28 11:32:00,ASK_DEPTH,"[(100987, 249)]"
2019-06-28 11:32:00,IMBALANCE,"[301, 249]"
2019-06-28 11:32:00,HOLDINGS_UPDATED,"{'CASH': -21263705, 'JPM': 310}"
2019-06-28 11:33:00,BID_DEPTH,"[(100958, 502)]"
2019-06-28 11:33:00,ASK_DEPTH,"[(100987, 450)]"
2019-06-28 11:33:00,IMBALANCE,"[502, 450]"
2019-06-28 11:33:00,HOLDINGS_UPDATED,"{'CASH': -21768640, 'JPM': 315}"
2019-06-28 11:34:00,BID_DEPTH,"[(100958, 237)]"
2019-06-28 11:34:00,ASK_DEPTH,"[(101011, 185)]"
2019-06-28 11:34:00,IMBALANCE,"[237, 185]"
2019-06-28 11:34:00,HOLDINGS_UPDATED,"{'CASH': -22273695, 'JPM': 320}"
2019-06-28 11:35:00,BID_DEPTH,"[(100947, 237)]"
2019-06-28 11:35:00,ASK_DEPTH,"[(102581, 185)]"
2019-06-28 11:35:00,IMBALANCE,"[237, 185]"
2019-06-28 11:35:00,HOLDINGS_UPDATED,"{'CASH': -22786600, 'JPM': 325}"
2019-06-28 11:36:00,BID_DEPTH,"[(101438, 301)]"
2019-06-28 11:36:00,ASK_DEPTH,"[(101564, 249)]"
2019-06-28 11:36:00,IMBALANCE,"[301, 249]"
2019-06-28 11:36:00,HOLDINGS_UPDATED,"{'CASH': -23294420, 'JPM': 330}"
2019-06-28 11:37:00,BID_DEPTH,"[(100947, 502)]"
2019-06-28 11:37:00,ASK_DEPTH,"[(101564, 550)]"
2019-06-28 11:37:00,IMBALANCE,"[502, 550]"
2019-06-28 11:37:00,HOLDINGS_UPDATED,"{'CASH': -23802240, 'JPM': 335}"
2019-06-28 11:38:00,BID_DEPTH,"[(101007, 502)]"
2019-06-28 11:38:00,ASK_DEPTH,"[(101029, 450)]"
2019-06-28 11:38:00,IMBALANCE,"[502, 450]"
2019-06-28 11:38:00,HOLDINGS_UPDATED,"{'CASH': -24307385, 'JPM': 340}"
2019-06-28 11:39:00,BID_DEPTH,"[(101135, 200)]"
2019-06-28 11:39:00,ASK_DEPTH,"[(101217, 148)]"
2019-06-28 11:39:00,IMBALANCE,"[200, 148]"
2019-06-28 11:39:00,HOLDINGS_UPDATED,"{'CASH': -24813470, 'JPM': 345}"
2019-06-28 11:40:00,BID_DEPTH,"[(101196, 180)]"
2019-06-28 11:40:00,ASK_DEPTH,"[(101564, 96)]"
2019-06-28 11:40:00,IMBALANCE,"[180, 96]"
2019-06-28 11:40:00,HOLDINGS_UPDATED,"{'CASH': -25321290, 'JPM': 350}"
2019-06-28 11:41:00,BID_DEPTH,"[(101196, 237)]"
2019-06-28 11:41:00,ASK_DEPTH,"[(101564, 385)]"
2019-06-28 11:41:00,IMBALANCE,"[237, 385]"
2019-06-28 11:41:00,HOLDINGS_UPDATED,"{'CASH': -25829110, 'JPM': 355}"
2019-06-28 11:42:00,BID_DEPTH,"[(101196, 200)]"
2019-06-28 11:42:00,ASK_DEPTH,"[(101722, 248)]"
2019-06-28 11:42:00,IMBALANCE,"[200, 248]"
2019-06-28 11:42:00,HOLDINGS_UPDATED,"{'CASH': -26337720, 'JPM': 360}"
2019-06-28 11:43:00,BID_DEPTH,"[(101049, 301)]"
2019-06-28 11:43:00,ASK_DEPTH,"[(101721, 249)]"
2019-06-28 11:43:00,IMBALANCE,"[301, 249]"
2019-06-28 11:43:00,HOLDINGS_UPDATED,"{'CASH': -26846325, 'JPM': 365}"
2019-06-28 11:44:00,BID_DEPTH,"[(101029, 237)]"
2019-06-28 11:44:00,ASK_DEPTH,"[(101721, 185)]"
2019-06-28 11:44:00,IMBALANCE,"[237, 185]"
2019-06-28 11:44:00,HOLDINGS_UPDATED,"{'CASH': -27354930, 'JPM': 370}"
2019-06-28 11:45:00,BID_DEPTH,"[(100947, 200)]"
2019-06-28 11:45:00,ASK_DEPTH,"[(101081, 148)]"
2019-06-28 11:45:00,IMBALANCE,"[200, 148]"
2019-06-28 11:45:00,HOLDINGS_UPDATED,"{'CASH': -27860335, 'JPM': 375}"
2019-06-28 11:46:00,BID_DEPTH,"[(100795, 502)]"
2019-06-28 11:46:00,ASK_DEPTH,"[(101081, 450)]"
2019-06-28 11:46:00,IMBALANCE,"[502, 450]"
2019-06-28 11:46:00,HOLDINGS_UPDATED,"{'CASH': -28365740, 'JPM': 380}"
2019-06-28 11:47:00,BID_DEPTH,"[(100679, 200)]"
2019-06-28 11:47:00,ASK_DEPTH,"[(100795, 148)]"
2019-06-28 11:47:00,IMBALANCE,"[200, 148]"
2019-06-28 11:47:00,HOLDINGS_UPDATED,"{'CASH': -28869715, 'JPM': 385}"
2019-06-28 11:48:00,BID_DEPTH,"[(100529, 249)]"
2019-06-28 11:48:00,ASK_DEPTH,"[(100555, 301)]"
2019-06-28 11:48:00,IMBALANCE,"[249, 301]"
2019-06-28 11:48:00,HOLDINGS_UPDATED,"{'CASH': -28367070, 'JPM': 380}"
2019-06-28 11:49:00,BID_DEPTH,"[(100085, 249)]"
2019-06-28 11:49:00,ASK_DEPTH,"[(100528, 301)]"
2019-06-28 11:49:00,IMBALANCE,"[249, 301]"
2019-06-28 11:49:00,HOLDINGS_UPDATED,"{'CASH': -27866645, 'JPM': 375}"
2019-06-28 11:50:00,BID_DEPTH,"[(99168, 450)]"
2019-06-28 11:50:00,ASK_DEPTH,"[(99309, 502)]"
2019-06-28 11:50:00,IMBALANCE,"[450, 502]"
2019-06-28 11:50:00,HOLDINGS_UPDATED,"{'CASH': -27370805, 'JPM': 370}"
2019-06-28 11:51:00,BID_DEPTH,[]
2019-06-28 11:51:00,ASK_DEPTH,"[(99238, 100)]"
2019-06-28 11:51:00,IMBALANCE,"[0, 100]"
2019-06-28 11:52:00,BID_DEPTH,[]
2019-06-28 11:52:00,ASK_DEPTH,"[(98536, 100)]"
2019-06-28 11:52:00,IMBALANCE,"[0, 100]"
2019-06-28 11:53:00,BID_DEPTH,"[(98146, 249)]"
2019-06-28 11:53:00,ASK_DEPTH,"[(98191, 301)]"
2019-06-28 11:53:00,IMBALANCE,"[249, 301]"
2019-06-28 11:53:00,HOLDINGS_UPDATED,"{'CASH': -26880075, 'JPM': 365}"
2019-06-28 11:54:00,BID_DEPTH,"[(98097, 148)]"
2019-06-28 11:54:00,ASK_DEPTH,"[(98536, 200)]"
2019-06-28 11:54:00,IMBALANCE,"[148, 200]"
2019-06-28 11:54:00,HOLDINGS_UPDATED,"{'CASH': -26389590, 'JPM': 360}"
2019-06-28 11:55:00,BID_DEPTH,"[(98097, 550)]"
2019-06-28 11:55:00,ASK_DEPTH,"[(98536, 498)]"
2019-06-28 11:55:00,IMBALANCE,"[550, 498]"
2019-06-28 11:55:00,HOLDINGS_UPDATED,"{'CASH': -25899105, 'JPM': 355}"
2019-06-28 11:56:00,BID_DEPTH,[]
2019-06-28 11:56:00,ASK_DEPTH,"[(99022, 100)]"
2019-06-28 11:56:00,IMBALANCE,"[0, 100]"
2019-06-28 11:57:00,BID_DEPTH,"[(98536, 249)]"
2019-06-28 11:57:00,ASK_DEPTH,"[(99022, 301)]"
2019-06-28 11:57:00,IMBALANCE,"[249, 301]"
2019-06-28 11:57:00,HOLDINGS_UPDATED,"{'CASH': -25406425, 'JPM': 350}"
2019-06-28 11:58:00,BID_DEPTH,"[(98536, 249)]"
2019-06-28 11:58:00,ASK_DEPTH,"[(99022, 297)]"
2019-06-28 11:58:00,IMBALANCE,"[249, 297]"
2019-06-28 11:58:00,HOLDINGS_UPDATED,"{'CASH': -24913745, 'JPM': 345}"
2019-06-28 11:59:00,BID_DEPTH,"[(99022, 93)]"
2019-06-28 11:59:00,ASK_DEPTH,"[(99238, 237)]"
2019-06-28 11:59:00,IMBALANCE,"[93, 237]"
2019-06-28 11:59:00,HOLDINGS_UPDATED,"{'CASH': -24418635, 'JPM': 340}"
2019-06-28 12:00:00,BID_DEPTH,"[(99238, 148)]"
2019-06-28 12:00:00,ASK_DEPTH,"[(99388, 237)]"
2019-06-28 12:00:00,IMBALANCE,"[148, 237]"
2019-06-28 12:00:00,HOLDINGS_UPDATED,"{'CASH': -23922445, 'JPM': 335}"
2019-06-28 12:01:00,BID_DEPTH,"[(99022, 550)]"
2019-06-28 12:01:00,ASK_DEPTH,"[(99443, 502)]"
2019-06-28 12:01:00,IMBALANCE,"[550, 502]"
2019-06-28 12:01:00,HOLDINGS_UPDATED,"{'CASH': -23427335, 'JPM': 330}"
2019-06-28 12:02:00,BID_DEPTH,"[(99443, 148)]"
2019-06-28 12:02:00,ASK_DEPTH,"[(100504, 200)]"
2019-06-28 12:02:00,IMBALANCE,"[148, 200]"
2019-06-28 12:02:00,HOLDINGS_UPDATED,"{'CASH': -22930120, 'JPM': 325}"
2019-06-28 12:03:00,BID_DEPTH,"[(100398, 450)]"
2019-06-28 12:03:00,ASK_DEPTH,"[(100503, 502)]"
2019-06-28 12:03:00,IMBALANCE,"[450, 502]"
2019-06-28 12:03:00,HOLDINGS_UPDATED,"{'CASH': -22428130, 'JPM': 320}"
2019-06-28 12:04:00,BID_DEPTH,"[(100343, 185)]"
2019-06-28 12:04:00,ASK_DEPTH,"[(100529, 237)]"
2019-06-28 12:04:00,IMBALANCE,"[185, 237]"
2019-06-28 12:04:00,HOLDINGS_UPDATED,"{'CASH': -21926415, 'JPM': 315}"
2019-06-28 12:05:00,BID_DEPTH,"[(100055, 128)]"
2019-06-28 12:05:00,ASK_DEPTH,"[(100529, 176)]"
2019-06-28 12:05:00,IMBALANCE,"[128, 176]"
2019-06-28 12:05:00,HOLDINGS_UPDATED,"{'CASH': -21426140, 'JPM': 310}"
2019-06-28 12:06:00,BID_DEPTH,"[(100215, 128)]"
2019-06-28 12:06:00,ASK_DEPTH,"[(100529, 172)]"
2019-06-28 12:06:00,IMBALANCE,"[128, 172]"
2019-06-28 12:06:00,HOLDINGS_UPDATED,"{'CASH': -20925065, 'JPM': 305}"
2019-06-28 12:07:00,BID_DEPTH,"[(100002, 128)]"
2019-06-28 12:07:00,ASK_DEPTH,"[(100529, 168)]"
2019-06-28 12:07:00,IMBALANCE,"[128, 168]"
2019-06-28 12:07:00,HOLDINGS_UPDATED,"{'CASH': -20425055, 'JPM': 300}"
2019-06-28 12:08:00,BID_DEPTH,"[(100274, 128)]"
2019-06-28 12:08:00,ASK_DEPTH,"[(100529, 164)]"
2019-06-28 12:08:00,IMBALANCE,"[128, 164]"
2019-06-28 12:08:00,HOLDINGS_UPDATED,"{'CASH': -19923685, 'JPM': 295}"
2019-06-28 12:09:00,BID_DEPTH,"[(100274, 349)]"
2019-06-28 12:09:00,ASK_DEPTH,"[(100555, 301)]"
2019-06-28 12:09:00,IMBALANCE,"[349, 301]"
2019-06-28 12:09:00,HOLDINGS_UPDATED,"{'CASH': -19422315, 'JPM': 290}"
2019-06-28 12:10:00,BID_DEPTH,"[(100555, 450)]"
2019-06-28 12:10:00,ASK_DEPTH,"[(100648, 502)]"
2019-06-28 12:10:00,IMBALANCE,"[450, 502]"
2019-06-28 12:10:00,HOLDINGS_UPDATED,"{'CASH': -18919540, 'JPM': 285}"
2019-06-28 12:11:00,BID_DEPTH,"[(100555, 285)]"
2019-06-28 12:11:00,ASK_DEPTH,"[(100648, 233)]"
2019-06-28 12:11:00,IMBALANCE,"[285, 233]"
2019-06-28 12:11:00,HOLDINGS_UPDATED,"{'CASH': -18416765, 'JPM': 280}"
2019-06-28 12:12:00,BID_DEPTH,"[(100555, 112)]"
2019-06-28 12:12:00,ASK_DEPTH,"[(100795, 200)]"
2019-06-28 12:12:00,IMBALANCE,"[112, 200]"
2019-06-28 12:12:00,HOLDINGS_UPDATED,"{'CASH': -17913990, 'JPM': 275}"
2019-06-28 12:13:00,BID_DEPTH,"[(100555, 550)]"
2019-06-28 12:13:00,ASK_DEPTH,"[(100810, 502)]"
2019-06-28 12:13:00,IMBALANCE,"[550, 502]"
2019-06-28 12:13:00,HOLDINGS_UPDATED,"{'CASH': -17411215, 'JPM': 270}"
2019-06-28 12:14:00,BID_DEPTH,"[(100810, 249)]"
2019-06-28 12:14:00,ASK_DEPTH,"[(101081, 301)]"
2019-06-28 12:14:00,IMBALANCE,"[249, 301]"
2019-06-28 12:14:00,HOLDINGS_UPDATED,"{'CASH': -16907165, 'JPM': 265}"
2019-06-28 12:15:00,BID_DEPTH,"[(100555, 149)]"
2019-06-28 12:15:00,ASK_DEPTH,"[(101081, 237)]"
2019-06-28 12:15:00,IMBALANCE,"[149, 237]"
2019-06-28 12:15:00,HOLDINGS_UPDATED,"{'CASH': -16404390, 'JPM': 260}"
2019-06-28 12:16:00,BID_DEPTH,"[(100274, 153)]"
2019-06-28 12:16:00,ASK_DEPTH,"[(101298, 237)]"
2019-06-28 12:16:00,IMBALANCE,"[153, 237]"
2019-06-28 12:16:00,HOLDINGS_UPDATED,"{'CASH': -15903020, 'JPM': 255}"
2019-06-28 12:17:00,BID_DEPTH,"[(100274, 185)]"
2019-06-28 12:17:00,ASK_DEPTH,"[(101538, 237)]"
2019-06-28 12:17:00,IMBALANCE,"[185, 237]"
2019-06-28 12:17:00,HOLDINGS_UPDATED,"{'CASH': -15401650, 'JPM': 250}"
2019-06-28 12:18:00,BID_DEPTH,"[(100274, 228)]"
2019-06-28 12:18:00,ASK_DEPTH,"[(101680, 180)]"
2019-06-28 12:18:00,IMBALANCE,"[228, 180]"
2019-06-28 12:18:00,HOLDINGS_UPDATED,"{'CASH': -14900280, 'JPM': 245}"
2019-06-28 12:19:00,BID_DEPTH,"[(100274, 414)]"
2019-06-28 12:19:00,ASK_DEPTH,"[(101680, 502)]"
2019-06-28 12:19:00,IMBALANCE,"[414, 502]"
2019-06-28 12:19:00,HOLDINGS_UPDATED,"{'CASH': -14398910, 'JPM': 240}"
2019-06-28 12:20:00,BID_DEPTH,"[(100274, 502)]"
2019-06-28 12:20:00,ASK_DEPTH,"[(101675, 450)]"
2019-06-28 12:20:00,IMBALANCE,"[502, 450]"
2019-06-28 12:20:00,HOLDINGS_UPDATED,"{'CASH': -14907285, 'JPM': 245}"
2019-06-28 12:21:00,BID_DEPTH,"[(101659, 502)]"
2019-06-28 12:21:00,ASK_DEPTH,"[(101680, 450)]"
2019-06-28 12:21:00,IMBALANCE,"[502, 450]"
2019-06-28 12:21:00,HOLDINGS_UPDATED,"{'CASH': -15415685, 'JPM': 250}"
2019-06-28 12:22:00,BID_DEPTH,"[(101485, 200)]"
2019-06-28 12:22:00,ASK_DEPTH,"[(101721, 148)]"
2019-06-28 12:22:00,IMBALANCE,"[200, 148]"
2019-06-28 12:22:00,HOLDINGS_UPDATED,"{'CASH': -15924290, 'JPM': 255}"
2019-06-28 12:23:00,BID_DEPTH,"[(100595, 237)]"
2019-06-28 12:23:00,ASK_DEPTH,"[(101759, 185)]"
2019-06-28 12:23:00,IMBALANCE,"[237, 185]"
2019-06-28 12:23:00,HOLDINGS_UPDATED,"{'CASH': -16433085, 'JPM': 260}"
2019-06-28 12:24:00,BID_DEPTH,"[(100595, 498)]"
2019-06-28 12:24:00,ASK_DEPTH,"[(100801, 450)]"
2019-06-28 12:24:00,IMBALANCE,"[498, 450]"
2019-06-28 12:24:00,HOLDINGS_UPDATED,"{'CASH': -16937090, 'JPM': 265}"
2019-06-28 12:25:00,BID_DEPTH,"[(100844, 200)]"
2019-06-28 12:25:00,ASK_DEPTH,"[(101759, 148)]"
2019-06-28 12:25:00,IMBALANCE,"[200, 148]"
2019-06-28 12:25:00,HOLDINGS_UPDATED,"{'CASH': -17445885, 'JPM': 270}"
2019-06-28 12:26:00,BID_DEPTH,"[(100595, 172)]"
2019-06-28 12:26:00,ASK_DEPTH,"[(100795, 128)]"
2019-06-28 12:26:00,IMBALANCE,"[172, 128]"
2019-06-28 12:26:00,HOLDINGS_UPDATED,"{'CASH': -17949860, 'JPM': 275}"
2019-06-28 12:27:00,BID_DEPTH,"[(100532, 180)]"
2019-06-28 12:27:00,ASK_DEPTH,"[(100595, 128)]"
2019-06-28 12:27:00,IMBALANCE,"[180, 128]"
2019-06-28 12:27:00,HOLDINGS_UPDATED,"{'CASH': -18452835, 'JPM': 280}"
2019-06-28 12:28:00,BID_DEPTH,"[(100532, 196)]"
2019-06-28 12:28:00,ASK_DEPTH,"[(100595, 148)]"
2019-06-28 12:28:00,IMBALANCE,"[196, 148]"
2019-06-28 12:28:00,HOLDINGS_UPDATED,"{'CASH': -18955810, 'JPM': 285}"
2019-06-28 12:29:00,BID_DEPTH,"[(100420, 502)]"
2019-06-28 12:29:00,ASK_DEPTH,"[(100532, 450)]"
2019-06-28 12:29:00,IMBALANCE,"[502, 450]"
2019-06-28 12:29:00,HOLDINGS_UPDATED,"{'CASH': -19458470, 'JPM': 290}"
2019-06-28 12:30:00,BID_DEPTH,"[(100274, 297)]"
2019-06-28 12:30:00,ASK_DEPTH,"[(100420, 349)]"
2019-06-28 12:30:00,IMBALANCE,"[297, 349]"
2019-06-28 12:30:00,HOLDINGS_UPDATED,"{'CASH': -19960570, 'JPM': 295}"
2019-06-28 12:31:00,BID_DEPTH,"[(100274, 297)]"
2019-06-28 12:31:00,ASK_DEPTH,"[(100420, 313)]"
2019-06-28 12:31:00,IMBALANCE,"[297, 313]"
2019-06-28 12:31:00,HOLDINGS_UPDATED,"{'CASH': -20462670, 'JPM': 300}"
2019-06-28 12:32:00,BID_DEPTH,"[(99922, 200)]"
2019-06-28 12:32:00,ASK_DEPTH,"[(100166, 148)]"
2019-06-28 12:32:00,IMBALANCE,"[200, 148]"
2019-06-28 12:32:00,HOLDINGS_UPDATED,"{'CASH': -20963500, 'JPM': 305}"
2019-06-28 12:33:00,BID_DEPTH,"[(100029, 301)]"
2019-06-28 12:33:00,ASK_DEPTH,"[(100420, 177)]"
2019-06-28 12:33:00,IMBALANCE,"[301, 177]"
2019-06-28 12:33:00,HOLDINGS_UPDATED,"{'CASH': -21465600, 'JPM': 310}"
2019-06-28 12:34:00,BID_DEPTH,"[(100029, 200)]"
2019-06-28 12:34:00,ASK_DEPTH,"[(100068, 148)]"
2019-06-28 12:34:00,IMBALANCE,"[200, 148]"
2019-06-28 12:34:00,HOLDINGS_UPDATED,"{'CASH': -21965940, 'JPM': 315}"
2019-06-28 12:35:00,BID_DEPTH,"[(99922, 180)]"
2019-06-28 12:35:00,ASK_DEPTH,"[(100532, 128)]"
2019-06-28 12:35:00,IMBALANCE,"[180, 128]"
2019-06-28 12:35:00,HOLDINGS_UPDATED,"{'CASH': -22468600, 'JPM': 320}"
2019-06-28 12:36:00,BID_DEPTH,"[(99875, 200)]"
2019-06-28 12:36:00,ASK_DEPTH,"[(99932, 148)]"
2019-06-28 12:36:00,IMBALANCE,"[200, 148]"
2019-06-28 12:36:00,HOLDINGS_UPDATED,"{'CASH': -22968260, 'JPM': 325}"
2019-06-28 12:37:00,BID_DEPTH,"[(100409, 502)]"
2019-06-28 12:37:00,ASK_DEPTH,"[(100532, 550)]"
2019-06-28 12:37:00,IMBALANCE,"[502, 550]"
2019-06-28 12:37:00,HOLDINGS_UPDATED,"{'CASH': -23470920, 'JPM': 330}"
2019-06-28 12:38:00,BID_DEPTH,"[(100532, 180)]"
2019-06-28 12:38:00,ASK_DEPTH,"[(100735, 128)]"
2019-06-28 12:38:00,IMBALANCE,"[180, 128]"
2019-06-28 12:38:00,HOLDINGS_UPDATED,"{'CASH': -23974595, 'JPM': 335}"
2019-06-28 12:39:00,BID_DEPTH,"[(100735, 180)]"
2019-06-28 12:39:00,ASK_DEPTH,"[(100812, 128)]"
2019-06-28 12:39:00,IMBALANCE,"[180, 128]"
2019-06-28 12:39:00,HOLDINGS_UPDATED,"{'CASH': -24478655, 'JPM': 340}"
2019-06-28 12:40:00,BID_DEPTH,"[(100823, 180)]"
2019-06-28 12:40:00,ASK_DEPTH,"[(100881, 128)]"
2019-06-28 12:40:00,IMBALANCE,"[180, 128]"
2019-06-28 12:40:00,HOLDINGS_UPDATED,"{'CASH': -24983060, 'JPM': 345}"
2019-06-28 12:41:00,BID_DEPTH,"[(100812, 200)]"
2019-06-28 12:41:00,ASK_DEPTH,"[(101157, 148)]"
2019-06-28 12:41:00,IMBALANCE,"[200, 148]"
2019-06-28 12:41:00,HOLDINGS_UPDATED,"{'CASH': -25488845, 'JPM': 350}"
2019-06-28 12:42:00,BID_DEPTH,"[(100735, 301)]"
2019-06-28 12:42:00,ASK_DEPTH,"[(100812, 173)]"
2019-06-28 12:42:00,IMBALANCE,"[301, 173]"
2019-06-28 12:42:00,HOLDINGS_UPDATED,"{'CASH': -25992905, 'JPM': 355}"
2019-06-28 12:43:00,BID_DEPTH,"[(100784, 180)]"
2019-06-28 12:43:00,ASK_DEPTH,"[(101157, 128)]"
2019-06-28 12:43:00,IMBALANCE,"[180, 128]"
2019-06-28 12:43:00,HOLDINGS_UPDATED,"{'CASH': -26498690, 'JPM': 360}"
2019-06-28 12:44:00,BID_DEPTH,"[(100735, 297)]"
2019-06-28 12:44:00,ASK_DEPTH,"[(101761, 249)]"
2019-06-28 12:44:00,IMBALANCE,"[297, 249]"
2019-06-28 12:44:00,HOLDINGS_UPDATED,"{'CASH': -27007495, 'JPM': 365}"
2019-06-28 12:45:00,BID_DEPTH,"[(100859, 502)]"
2019-06-28 12:45:00,ASK_DEPTH,"[(100887, 450)]"
2019-06-28 12:45:00,IMBALANCE,"[502, 450]"
2019-06-28 12:45:00,HOLDINGS_UPDATED,"{'CASH': -27511930, 'JPM': 370}"
2019-06-28 12:46:00,BID_DEPTH,"[(100859, 297)]"
2019-06-28 12:46:00,ASK_DEPTH,"[(100914, 249)]"
2019-06-28 12:46:00,IMBALANCE,"[297, 249]"
2019-06-28 12:46:00,HOLDINGS_UPDATED,"{'CASH': -28016500, 'JPM': 375}"
2019-06-28 12:47:00,BID_DEPTH,"[(100775, 237)]"
2019-06-28 12:47:00,ASK_DEPTH,"[(100921, 185)]"
2019-06-28 12:47:00,IMBALANCE,"[237, 185]"
2019-06-28 12:47:00,HOLDINGS_UPDATED,"{'CASH': -28521105, 'JPM': 380}"
2019-06-28 12:48:00,BID_DEPTH,"[(100774, 237)]"
2019-06-28 12:48:00,ASK_DEPTH,"[(100775, 89)]"
2019-06-28 12:48:00,IMBALANCE,"[237, 89]"
2019-06-28 12:48:00,HOLDINGS_UPDATED,"{'CASH': -29024980, 'JPM': 385}"
2019-06-28 12:49:00,BID_DEPTH,"[(100558, 249)]"
2019-06-28 12:49:00,ASK_DEPTH,"[(100735, 209)]"
2019-06-28 12:49:00,IMBALANCE,"[249, 209]"
2019-06-28 12:49:00,HOLDINGS_UPDATED,"{'CASH': -28522190, 'JPM': 380}"
2019-06-28 12:50:00,BID_DEPTH,"[(100521, 249)]"
2019-06-28 12:50:00,ASK_DEPTH,"[(100735, 209)]"
2019-06-28 12:50:00,IMBALANCE,"[249, 209]"
2019-06-28 12:50:00,HOLDINGS_UPDATED,"{'CASH': -28019585, 'JPM': 375}"
2019-06-28 12:51:00,BID_DEPTH,"[(100730, 128)]"
2019-06-28 12:51:00,ASK_DEPTH,"[(100735, 88)]"
2019-06-28 12:51:00,IMBALANCE,"[128, 88]"
2019-06-28 12:51:00,HOLDINGS_UPDATED,"{'CASH': -27515935, 'JPM': 370}"
2019-06-28 12:52:00,BID_DEPTH,"[(100624, 249)]"
2019-06-28 12:52:00,ASK_DEPTH,"[(100735, 209)]"
2019-06-28 12:52:00,IMBALANCE,"[249, 209]"
2019-06-28 12:52:00,HOLDINGS_UPDATED,"{'CASH': -27012815, 'JPM': 365}"
2019-06-28 12:53:00,BID_DEPTH,"[(100485, 450)]"
2019-06-28 12:53:00,ASK_DEPTH,"[(100624, 502)]"
2019-06-28 12:53:00,IMBALANCE,"[450, 502]"
2019-06-28 12:53:00,HOLDINGS_UPDATED,"{'CASH': -26510390, 'JPM': 360}"
2019-06-28 12:54:00,BID_DEPTH,"[(100486, 180)]"
2019-06-28 12:54:00,ASK_DEPTH,"[(100599, 128)]"
2019-06-28 12:54:00,IMBALANCE,"[180, 128]"
2019-06-28 12:54:00,HOLDINGS_UPDATED,"{'CASH': -27013385, 'JPM': 365}"
2019-06-28 12:55:00,BID_DEPTH,"[(100486, 200)]"
2019-06-28 12:55:00,ASK_DEPTH,"[(100624, 148)]"
2019-06-28 12:55:00,IMBALANCE,"[200, 148]"
2019-06-28 12:55:00,HOLDINGS_UPDATED,"{'CASH': -27516505, 'JPM': 370}"
2019-06-28 12:56:00,BID_DEPTH,"[(100562, 237)]"
2019-06-28 12:56:00,ASK_DEPTH,"[(100704, 185)]"
2019-06-28 12:56:00,IMBALANCE,"[237, 185]"
2019-06-28 12:56:00,HOLDINGS_UPDATED,"{'CASH': -28020025, 'JPM': 375}"
2019-06-28 12:57:00,BID_DEPTH,"[(100486, 301)]"
2019-06-28 12:57:00,ASK_DEPTH,"[(100735, 157)]"
2019-06-28 12:57:00,IMBALANCE,"[301, 157]"
2019-06-28 12:57:00,HOLDINGS_UPDATED,"{'CASH': -28523700, 'JPM': 380}"
2019-06-28 12:58:00,BID_DEPTH,"[(100459, 200)]"
2019-06-28 12:58:00,ASK_DEPTH,"[(100510, 148)]"
2019-06-28 12:58:00,IMBALANCE,"[200, 148]"
2019-06-28 12:58:00,HOLDINGS_UPDATED,"{'CASH': -29026250, 'JPM': 385}"
2019-06-28 12:59:00,BID_DEPTH,"[(100459, 200)]"
2019-06-28 12:59:00,ASK_DEPTH,"[(100758, 148)]"
2019-06-28 12:59:00,IMBALANCE,"[200, 148]"
2019-06-28 12:59:00,HOLDINGS_UPDATED,"{'CASH': -29530040, 'JPM': 390}"
2019-06-28 13:00:00,BID_DEPTH,"[(100459, 200)]"
2019-06-28 13:00:00,ASK_DEPTH,"[(100785, 148)]"
2019-06-28 13:00:00,IMBALANCE,"[200, 148]"
2019-06-28 13:00:00,HOLDINGS_UPDATED,"{'CASH': -30033965, 'JPM': 395}"
2019-06-28 13:01:00,BID_DEPTH,"[(100406, 502)]"
2019-06-28 13:01:00,ASK_DEPTH,"[(100846, 450)]"
2019-06-28 13:01:00,IMBALANCE,"[502, 450]"
2019-06-28 13:01:00,HOLDINGS_UPDATED,"{'CASH': -30538195, 'JPM': 400}"
2019-06-28 13:02:00,BID_DEPTH,"[(100332, 249)]"
2019-06-28 13:02:00,ASK_DEPTH,"[(100890, 301)]"
2019-06-28 13:02:00,IMBALANCE,"[249, 301]"
2019-06-28 13:02:00,HOLDINGS_UPDATED,"{'CASH': -30036535, 'JPM': 395}"
2019-06-28 13:03:00,BID_DEPTH,"[(100092, 148)]"
2019-06-28 13:03:00,ASK_DEPTH,"[(100890, 200)]"
2019-06-28 13:03:00,IMBALANCE,"[148, 200]"
2019-06-28 13:03:00,HOLDINGS_UPDATED,"{'CASH': -29536075, 'JPM': 390}"
2019-06-28 13:04:00,BID_DEPTH,"[(100077, 128)]"
2019-06-28 13:04:00,ASK_DEPTH,"[(100092, 112)]"
2019-06-28 13:04:00,IMBALANCE,"[128, 112]"
2019-06-28 13:04:00,HOLDINGS_UPDATED,"{'CASH': -29035690, 'JPM': 385}"
2019-06-28 13:05:00,BID_DEPTH,"[(100077, 450)]"
2019-06-28 13:05:00,ASK_DEPTH,"[(100092, 530)]"
2019-06-28 13:05:00,IMBALANCE,"[450, 530]"
2019-06-28 13:05:00,HOLDINGS_UPDATED,"{'CASH': -28535305, 'JPM': 380}"
2019-06-28 13:06:00,BID_DEPTH,"[(100077, 450)]"
2019-06-28 13:06:00,ASK_DEPTH,"[(100092, 426)]"
2019-06-28 13:06:00,IMBALANCE,"[450, 426]"
2019-06-28 13:06:00,HOLDINGS_UPDATED,"{'CASH': -28034920, 'JPM': 375}"
2019-06-28 13:07:00,BID_DEPTH,"[(100012, 185)]"
2019-06-28 13:07:00,ASK_DEPTH,"[(100125, 237)]"
2019-06-28 13:07:00,IMBALANCE,"[185, 237]"
2019-06-28 13:07:00,HOLDINGS_UPDATED,"{'CASH': -27534860, 'JPM': 370}"
2019-06-28 13:08:00,BID_DEPTH,"[(100012, 249)]"
2019-06-28 13:08:00,ASK_DEPTH,"[(100125, 297)]"
2019-06-28 13:08:00,IMBALANCE,"[249, 297]"
2019-06-28 13:08:00,HOLDINGS_UPDATED,"{'CASH': -27034800, 'JPM': 365}"
2019-06-28 13:09:00,BID_DEPTH,"[(100125, 36)]"
2019-06-28 13:09:00,ASK_DEPTH,"[(100208, 180)]"
2019-06-28 13:09:00,IMBALANCE,"[36, 180]"
2019-06-28 13:09:00,HOLDINGS_UPDATED,"{'CASH': -26534175, 'JPM': 360}"
2019-06-28 13:10:00,BID_DEPTH,"[(100012, 245)]"
2019-06-28 13:10:00,ASK_DEPTH,"[(100208, 237)]"
2019-06-28 13:10:00,IMBALANCE,"[245, 237]"
2019-06-28 13:10:00,HOLDINGS_UPDATED,"{'CASH': -26034115, 'JPM': 355}"
2019-06-28 13:11:00,BID_DEPTH,"[(100012, 248)]"
2019-06-28 13:11:00,ASK_DEPTH,"[(100269, 200)]"
2019-06-28 13:11:00,IMBALANCE,"[248, 200]"
2019-06-28 13:11:00,HOLDINGS_UPDATED,"{'CASH': -25534055, 'JPM': 350}"
2019-06-28 13:12:00,BID_DEPTH,"[(100400, 249)]"
2019-06-28 13:12:00,ASK_DEPTH,"[(100421, 301)]"
2019-06-28 13:12:00,IMBALANCE,"[249, 301]"
2019-06-28 13:12:00,HOLDINGS_UPDATED,"{'CASH': -25032055, 'JPM': 345}"
2019-06-28 13:13:00,BID_DEPTH,"[(100698, 128)]"
2019-06-28 13:13:00,ASK_DEPTH,"[(100769, 180)]"
2019-06-28 13:13:00,IMBALANCE,"[128, 180]"
2019-06-28 13:13:00,HOLDINGS_UPDATED,"{'CASH': -24528565, 'JPM': 340}"
2019-06-28 13:14:00,BID_DEPTH,"[(100698, 249)]"
2019-06-28 13:14:00,ASK_DEPTH,"[(100769, 297)]"
2019-06-28 13:14:00,IMBALANCE,"[249, 297]"
2019-06-28 13:14:00,HOLDINGS_UPDATED,"{'CASH': -24025075, 'JPM': 335}"
2019-06-28 13:15:00,BID_DEPTH,"[(100548, 450)]"
2019-06-28 13:15:00,ASK_DEPTH,"[(100782, 502)]"
2019-06-28 13:15:00,IMBALANCE,"[450, 502]"
2019-06-28 13:15:00,HOLDINGS_UPDATED,"{'CASH': -23522335, 'JPM': 330}"
2019-06-28 13:16:00,BID_DEPTH,"[(100548, 348)]"
2019-06-28 13:16:00,ASK_DEPTH,"[(100847, 200)]"
2019-06-28 13:16:00,IMBALANCE,"[348, 200]"
2019-06-28 13:16:00,HOLDINGS_UPDATED,"{'CASH': -23019595, 'JPM': 325}"
2019-06-28 13:17:00,BID_DEPTH,"[(100724, 128)]"
2019-06-28 13:17:00,ASK_DEPTH,"[(100964, 180)]"
2019-06-28 13:17:00,IMBALANCE,"[128, 180]"
2019-06-28 13:17:00,HOLDINGS_UPDATED,"{'CASH': -22515975, 'JPM': 320}"
2019-06-28 13:18:00,BID_DEPTH,"[(100548, 313)]"
2019-06-28 13:18:00,ASK_DEPTH,"[(100989, 301)]"
2019-06-28 13:18:00,IMBALANCE,"[313, 301]"
2019-06-28 13:18:00,HOLDINGS_UPDATED,"{'CASH': -22013235, 'JPM': 315}"
2019-06-28 13:19:00,BID_DEPTH,"[(100791, 249)]"
2019-06-28 13:19:00,ASK_DEPTH,"[(100989, 301)]"
2019-06-28 13:19:00,IMBALANCE,"[249, 301]"
2019-06-28 13:19:00,HOLDINGS_UPDATED,"{'CASH': -21509280, 'JPM': 310}"
2019-06-28 13:20:00,BID_DEPTH,"[(100680, 128)]"
2019-06-28 13:20:00,ASK_DEPTH,"[(100989, 180)]"
2019-06-28 13:20:00,IMBALANCE,"[128, 180]"
2019-06-28 13:20:00,HOLDINGS_UPDATED,"{'CASH': -21005880, 'JPM': 305}"
2019-06-28 13:21:00,BID_DEPTH,"[(100680, 148)]"
2019-06-28 13:21:00,ASK_DEPTH,"[(100989, 200)]"
2019-06-28 13:21:00,IMBALANCE,"[148, 200]"
2019-06-28 13:21:00,HOLDINGS_UPDATED,"{'CASH': -20502480, 'JPM': 300}"
2019-06-28 13:22:00,BID_DEPTH,"[(100548, 113)]"
2019-06-28 13:22:00,ASK_DEPTH,"[(100989, 237)]"
2019-06-28 13:22:00,IMBALANCE,"[113, 237]"
2019-06-28 13:22:00,HOLDINGS_UPDATED,"{'CASH': -19999740, 'JPM': 295}"
2019-06-28 13:23:00,BID_DEPTH,"[(100012, 217)]"
2019-06-28 13:23:00,ASK_DEPTH,"[(101103, 301)]"
2019-06-28 13:23:00,IMBALANCE,"[217, 301]"
2019-06-28 13:23:00,HOLDINGS_UPDATED,"{'CASH': -19499680, 'JPM': 290}"
2019-06-28 13:24:00,BID_DEPTH,"[(99691, 148)]"
2019-06-28 13:24:00,ASK_DEPTH,"[(101138, 200)]"
2019-06-28 13:24:00,IMBALANCE,"[148, 200]"
2019-06-28 13:24:00,HOLDINGS_UPDATED,"{'CASH': -19001225, 'JPM': 285}"
2019-06-28 13:25:00,BID_DEPTH,"[(99691, 185)]"
2019-06-28 13:25:00,ASK_DEPTH,"[(101138, 237)]"
2019-06-28 13:25:00,IMBALANCE,"[185, 237]"
2019-06-28 13:25:00,HOLDINGS_UPDATED,"{'CASH': -18502770, 'JPM': 280}"
2019-06-28 13:26:00,BID_DEPTH,"[(101070, 185)]"
2019-06-28 13:26:00,ASK_DEPTH,"[(101138, 233)]"
2019-06-28 13:26:00,IMBALANCE,"[185, 233]"
2019-06-28 13:26:00,HOLDINGS_UPDATED,"{'CASH': -17997420, 'JPM': 275}"
2019-06-28 13:27:00,BID_DEPTH,"[(101070, 128)]"
2019-06-28 13:27:00,ASK_DEPTH,"[(101185, 180)]"
2019-06-28 13:27:00,IMBALANCE,"[128, 180]"
2019-06-28 13:27:00,HOLDINGS_UPDATED,"{'CASH': -17492070, 'JPM': 270}"
2019-06-28 13:28:00,BID_DEPTH,"[(101092, 200)]"
2019-06-28 13:28:00,ASK_DEPTH,"[(101234, 148)]"
2019-06-28 13:28:00,IMBALANCE,"[200, 148]"
2019-06-28 13:28:00,HOLDINGS_UPDATED,"{'CASH': -17998240, 'JPM': 275}"
2019-06-28 13:29:00,BID_DEPTH,"[(101162, 301)]"
2019-06-28 13:29:00,ASK_DEPTH,"[(101417, 249)]"
2019-06-28 13:29:00,IMBALANCE,"[301, 249]"
2019-06-28 13:29:00,HOLDINGS_UPDATED,"{'CASH': -18505325, 'JPM': 280}"
2019-06-28 13:30:00,BID_DEPTH,"[(101162, 180)]"
2019-06-28 13:30:00,ASK_DEPTH,"[(101417, 128)]"
2019-06-28 13:30:00,IMBALANCE,"[180, 128]"
2019-06-28 13:30:00,HOLDINGS_UPDATED,"{'CASH': -19012410, 'JPM': 285}"
2019-06-28 13:31:00,BID_DEPTH,"[(101162, 200)]"
2019-06-28 13:31:00,ASK_DEPTH,"[(101226, 148)]"
2019-06-28 13:31:00,IMBALANCE,"[200, 148]"
2019-06-28 13:31:00,HOLDINGS_UPDATED,"{'CASH': -19518540, 'JPM': 290}"
2019-06-28 13:32:00,BID_DEPTH,"[(101226, 301)]"
2019-06-28 13:32:00,ASK_DEPTH,"[(101237, 249)]"
2019-06-28 13:32:00,IMBALANCE,"[301, 249]"
2019-06-28 13:32:00,HOLDINGS_UPDATED,"{'CASH': -20024725, 'JPM': 295}"
2019-06-28 13:33:00,BID_DEPTH,"[(101226, 200)]"
2019-06-28 13:33:00,ASK_DEPTH,"[(101329, 148)]"
2019-06-28 13:33:00,IMBALANCE,"[200, 148]"
2019-06-28 13:33:00,HOLDINGS_UPDATED,"{'CASH': -20531370, 'JPM': 300}"
2019-06-28 13:34:00,BID_DEPTH,"[(101213, 502)]"
2019-06-28 13:34:00,ASK_DEPTH,"[(101417, 450)]"
2019-06-28 13:34:00,IMBALANCE,"[502, 450]"
2019-06-28 13:34:00,HOLDINGS_UPDATED,"{'CASH': -21038455, 'JPM': 305}"
2019-06-28 13:35:00,BID_DEPTH,"[(101162, 200)]"
2019-06-28 13:35:00,ASK_DEPTH,"[(101446, 148)]"
2019-06-28 13:35:00,IMBALANCE,"[200, 148]"
2019-06-28 13:35:00,HOLDINGS_UPDATED,"{'CASH': -21545685, 'JPM': 310}"
2019-06-28 13:36:00,BID_DEPTH,"[(100641, 180)]"
2019-06-28 13:36:00,ASK_DEPTH,"[(101559, 128)]"
2019-06-28 13:36:00,IMBALANCE,"[180, 128]"
2019-06-28 13:36:00,HOLDINGS_UPDATED,"{'CASH': -22053480, 'JPM': 315}"
2019-06-28 13:37:00,BID_DEPTH,"[(100129, 200)]"
2019-06-28 13:37:00,ASK_DEPTH,"[(101559, 348)]"
2019-06-28 13:37:00,IMBALANCE,"[200, 348]"
2019-06-28 13:37:00,HOLDINGS_UPDATED,"{'CASH': -22561275, 'JPM': 320}"
2019-06-28 13:38:00,BID_DEPTH,"[(100129, 301)]"
2019-06-28 13:38:00,ASK_DEPTH,"[(101559, 317)]"
2019-06-28 13:38:00,IMBALANCE,"[301, 317]"
2019-06-28 13:38:00,HOLDINGS_UPDATED,"{'CASH': -23069070, 'JPM': 325}"
2019-06-28 13:39:00,BID_DEPTH,"[(100276, 301)]"
2019-06-28 13:39:00,ASK_DEPTH,"[(100458, 249)]"
2019-06-28 13:39:00,IMBALANCE,"[301, 249]"
2019-06-28 13:39:00,HOLDINGS_UPDATED,"{'CASH': -23571360, 'JPM': 330}"
2019-06-28 13:40:00,BID_DEPTH,"[(100276, 502)]"
2019-06-28 13:40:00,ASK_DEPTH,"[(101559, 386)]"
2019-06-28 13:40:00,IMBALANCE,"[502, 386]"
2019-06-28 13:40:00,HOLDINGS_UPDATED,"{'CASH': -24079155, 'JPM': 335}"
2019-06-28 13:41:00,BID_DEPTH,"[(100256, 237)]"
2019-06-28 13:41:00,ASK_DEPTH,"[(101559, 285)]"
2019-06-28 13:41:00,IMBALANCE,"[237, 285]"
2019-06-28 13:41:00,HOLDINGS_UPDATED,"{'CASH': -24586950, 'JPM': 340}"
2019-06-28 13:42:00,BID_DEPTH,"[(100256, 180)]"
2019-06-28 13:42:00,ASK_DEPTH,"[(100827, 128)]"
2019-06-28 13:42:00,IMBALANCE,"[180, 128]"
2019-06-28 13:42:00,HOLDINGS_UPDATED,"{'CASH': -25091085, 'JPM': 345}"
2019-06-28 13:43:00,BID_DEPTH,"[(100256, 301)]"
2019-06-28 13:43:00,ASK_DEPTH,"[(100554, 249)]"
2019-06-28 13:43:00,IMBALANCE,"[301, 249]"
2019-06-28 13:43:00,HOLDINGS_UPDATED,"{'CASH': -25593855, 'JPM': 350}"
2019-06-28 13:44:00,BID_DEPTH,"[(100181, 301)]"
2019-06-28 13:44:00,ASK_DEPTH,"[(100493, 249)]"
2019-06-28 13:44:00,IMBALANCE,"[301, 249]"
2019-06-28 13:44:00,HOLDINGS_UPDATED,"{'CASH': -26096320, 'JPM': 355}"
2019-06-28 13:45:00,BID_DEPTH,"[(100158, 237)]"
2019-06-28 13:45:00,ASK_DEPTH,"[(100554, 385)]"
2019-06-28 13:45:00,IMBALANCE,"[237, 385]"
2019-06-28 13:45:00,HOLDINGS_UPDATED,"{'CASH': -26599090, 'JPM': 360}"
2019-06-28 13:46:00,BID_DEPTH,"[(100158, 237)]"
2019-06-28 13:46:00,ASK_DEPTH,"[(100554, 349)]"
2019-06-28 13:46:00,IMBALANCE,"[237, 349]"
2019-06-28 13:46:00,HOLDINGS_UPDATED,"{'CASH': -27101860, 'JPM': 365}"
2019-06-28 13:47:00,BID_DEPTH,"[(100096, 502)]"
2019-06-28 13:47:00,ASK_DEPTH,"[(100554, 478)]"
2019-06-28 13:47:00,IMBALANCE,"[502, 478]"
2019-06-28 13:47:00,HOLDINGS_UPDATED,"{'CASH': -27604630, 'JPM': 370}"
2019-06-28 13:48:00,BID_DEPTH,"[(100045, 237)]"
2019-06-28 13:48:00,ASK_DEPTH,"[(100554, 185)]"
2019-06-28 13:48:00,IMBALANCE,"[237, 185]"
2019-06-28 13:48:00,HOLDINGS_UPDATED,"{'CASH': -28107400, 'JPM': 375}"
2019-06-28 13:49:00,BID_DEPTH,"[(99691, 180)]"
2019-06-28 13:49:00,ASK_DEPTH,"[(100045, 128)]"
2019-06-28 13:49:00,IMBALANCE,"[180, 128]"
2019-06-28 13:49:00,HOLDINGS_UPDATED,"{'CASH': -28607625, 'JPM': 380}"
2019-06-28 13:50:00,BID_DEPTH,"[(99495, 301)]"
2019-06-28 13:50:00,ASK_DEPTH,"[(100045, 249)]"
2019-06-28 13:50:00,IMBALANCE,"[301, 249]"
2019-06-28 13:50:00,HOLDINGS_UPDATED,"{'CASH': -29107850, 'JPM': 385}"
2019-06-28 13:51:00,BID_DEPTH,"[(99066, 185)]"
2019-06-28 13:51:00,ASK_DEPTH,"[(100045, 237)]"
2019-06-28 13:51:00,IMBALANCE,"[185, 237]"
2019-06-28 13:51:00,HOLDINGS_UPDATED,"{'CASH': -28612520, 'JPM': 380}"
2019-06-28 13:52:00,BID_DEPTH,"[(99242, 128)]"
2019-06-28 13:52:00,ASK_DEPTH,"[(100045, 176)]"
2019-06-28 13:52:00,IMBALANCE,"[128, 176]"
2019-06-28 13:52:00,HOLDINGS_UPDATED,"{'CASH': -28116310, 'JPM': 375}"
2019-06-28 13:53:00,BID_DEPTH,"[(99475, 249)]"
2019-06-28 13:53:00,ASK_DEPTH,"[(100045, 393)]"
2019-06-28 13:53:00,IMBALANCE,"[249, 393]"
2019-06-28 13:53:00,HOLDINGS_UPDATED,"{'CASH': -27618935, 'JPM': 370}"
2019-06-28 13:54:00,BID_DEPTH,"[(99066, 128)]"
2019-06-28 13:54:00,ASK_DEPTH,"[(100045, 368)]"
2019-06-28 13:54:00,IMBALANCE,"[128, 368]"
2019-06-28 13:54:00,HOLDINGS_UPDATED,"{'CASH': -27123605, 'JPM': 365}"
2019-06-28 13:55:00,BID_DEPTH,"[(99656, 249)]"
2019-06-28 13:55:00,ASK_DEPTH,"[(100045, 485)]"
2019-06-28 13:55:00,IMBALANCE,"[249, 485]"
2019-06-28 13:55:00,HOLDINGS_UPDATED,"{'CASH': -26625325, 'JPM': 360}"
2019-06-28 13:56:00,BID_DEPTH,"[(100034, 450)]"
2019-06-28 13:56:00,ASK_DEPTH,"[(100045, 782)]"
2019-06-28 13:56:00,IMBALANCE,"[450, 782]"
2019-06-28 13:56:00,HOLDINGS_UPDATED,"{'CASH': -26125155, 'JPM': 355}"
2019-06-28 13:57:00,BID_DEPTH,"[(99887, 128)]"
2019-06-28 13:57:00,ASK_DEPTH,"[(100045, 456)]"
2019-06-28 13:57:00,IMBALANCE,"[128, 456]"
2019-06-28 13:57:00,HOLDINGS_UPDATED,"{'CASH': -25625720, 'JPM': 350}"
2019-06-28 13:58:00,BID_DEPTH,"[(99066, 185)]"
2019-06-28 13:58:00,ASK_DEPTH,"[(99887, 189)]"
2019-06-28 13:58:00,IMBALANCE,"[185, 189]"
2019-06-28 13:58:00,HOLDINGS_UPDATED,"{'CASH': -25130390, 'JPM': 345}"
2019-06-28 13:59:00,BID_DEPTH,"[(99552, 450)]"
2019-06-28 13:59:00,ASK_DEPTH,"[(99738, 502)]"
2019-06-28 13:59:00,IMBALANCE,"[450, 502]"
2019-06-28 13:59:00,HOLDINGS_UPDATED,"{'CASH': -24632630, 'JPM': 340}"
2019-06-28 14:00:00,BID_DEPTH,"[(99707, 185)]"
2019-06-28 14:00:00,ASK_DEPTH,"[(99738, 337)]"
2019-06-28 14:00:00,IMBALANCE,"[185, 337]"
2019-06-28 14:00:00,HOLDINGS_UPDATED,"{'CASH': -24134095, 'JPM': 335}"
2019-06-28 14:01:00,BID_DEPTH,"[(98984, 249)]"
2019-06-28 14:01:00,ASK_DEPTH,"[(99738, 397)]"
2019-06-28 14:01:00,IMBALANCE,"[249, 397]"
2019-06-28 14:01:00,HOLDINGS_UPDATED,"{'CASH': -23639175, 'JPM': 330}"
2019-06-28 14:02:00,BID_DEPTH,[]
2019-06-28 14:02:00,ASK_DEPTH,"[(98481, 100)]"
2019-06-28 14:02:00,IMBALANCE,"[0, 100]"
2019-06-28 14:03:00,BID_DEPTH,"[(98314, 450)]"
2019-06-28 14:03:00,ASK_DEPTH,"[(98481, 502)]"
2019-06-28 14:03:00,IMBALANCE,"[450, 502]"
2019-06-28 14:03:00,HOLDINGS_UPDATED,"{'CASH': -23147605, 'JPM': 325}"
2019-06-28 14:04:00,BID_DEPTH,"[(98481, 153)]"
2019-06-28 14:04:00,ASK_DEPTH,"[(98798, 301)]"
2019-06-28 14:04:00,IMBALANCE,"[153, 301]"
2019-06-28 14:04:00,HOLDINGS_UPDATED,"{'CASH': -22655200, 'JPM': 320}"
2019-06-28 14:05:00,BID_DEPTH,"[(98314, 148)]"
2019-06-28 14:05:00,ASK_DEPTH,"[(98733, 200)]"
2019-06-28 14:05:00,IMBALANCE,"[148, 200]"
2019-06-28 14:05:00,HOLDINGS_UPDATED,"{'CASH': -22163630, 'JPM': 315}"
2019-06-28 14:06:00,BID_DEPTH,"[(98777, 249)]"
2019-06-28 14:06:00,ASK_DEPTH,"[(98798, 401)]"
2019-06-28 14:06:00,IMBALANCE,"[249, 401]"
2019-06-28 14:06:00,HOLDINGS_UPDATED,"{'CASH': -21669745, 'JPM': 310}"
2019-06-28 14:07:00,BID_DEPTH,"[(98614, 148)]"
2019-06-28 14:07:00,ASK_DEPTH,"[(98798, 296)]"
2019-06-28 14:07:00,IMBALANCE,"[148, 296]"
2019-06-28 14:07:00,HOLDINGS_UPDATED,"{'CASH': -21176675, 'JPM': 305}"
2019-06-28 14:08:00,BID_DEPTH,"[(98677, 185)]"
2019-06-28 14:08:00,ASK_DEPTH,"[(98690, 237)]"
2019-06-28 14:08:00,IMBALANCE,"[185, 237]"
2019-06-28 14:08:00,HOLDINGS_UPDATED,"{'CASH': -20683290, 'JPM': 300}"
2019-06-28 14:09:00,BID_DEPTH,"[(98677, 185)]"
2019-06-28 14:09:00,ASK_DEPTH,"[(98690, 233)]"
2019-06-28 14:09:00,IMBALANCE,"[185, 233]"
2019-06-28 14:09:00,HOLDINGS_UPDATED,"{'CASH': -20189905, 'JPM': 295}"
2019-06-28 14:10:00,BID_DEPTH,"[(98604, 185)]"
2019-06-28 14:10:00,ASK_DEPTH,"[(98690, 233)]"
2019-06-28 14:10:00,IMBALANCE,"[185, 233]"
2019-06-28 14:10:00,HOLDINGS_UPDATED,"{'CASH': -19696885, 'JPM': 290}"
2019-06-28 14:11:00,BID_DEPTH,"[(98604, 349)]"
2019-06-28 14:11:00,ASK_DEPTH,"[(98690, 297)]"
2019-06-28 14:11:00,IMBALANCE,"[349, 297]"
2019-06-28 14:11:00,HOLDINGS_UPDATED,"{'CASH': -19203865, 'JPM': 285}"
2019-06-28 14:12:00,BID_DEPTH,"[(98690, 128)]"
2019-06-28 14:12:00,ASK_DEPTH,"[(98798, 172)]"
2019-06-28 14:12:00,IMBALANCE,"[128, 172]"
2019-06-28 14:12:00,HOLDINGS_UPDATED,"{'CASH': -18710415, 'JPM': 280}"
2019-06-28 14:13:00,BID_DEPTH,"[(98534, 128)]"
2019-06-28 14:13:00,ASK_DEPTH,"[(98811, 180)]"
2019-06-28 14:13:00,IMBALANCE,"[128, 180]"
2019-06-28 14:13:00,HOLDINGS_UPDATED,"{'CASH': -18217745, 'JPM': 275}"
2019-06-28 14:14:00,BID_DEPTH,"[(98534, 450)]"
2019-06-28 14:14:00,ASK_DEPTH,"[(98872, 502)]"
2019-06-28 14:14:00,IMBALANCE,"[450, 502]"
2019-06-28 14:14:00,HOLDINGS_UPDATED,"{'CASH': -17725075, 'JPM': 270}"
2019-06-28 14:15:00,BID_DEPTH,"[(98872, 185)]"
2019-06-28 14:15:00,ASK_DEPTH,"[(99158, 237)]"
2019-06-28 14:15:00,IMBALANCE,"[185, 237]"
2019-06-28 14:15:00,HOLDINGS_UPDATED,"{'CASH': -17230715, 'JPM': 265}"
2019-06-28 14:16:00,BID_DEPTH,"[(98986, 249)]"
2019-06-28 14:16:00,ASK_DEPTH,"[(99399, 301)]"
2019-06-28 14:16:00,IMBALANCE,"[249, 301]"
2019-06-28 14:16:00,HOLDINGS_UPDATED,"{'CASH': -16735785, 'JPM': 260}"
2019-06-28 14:17:00,BID_DEPTH,"[(98986, 128)]"
2019-06-28 14:17:00,ASK_DEPTH,"[(99399, 180)]"
2019-06-28 14:17:00,IMBALANCE,"[128, 180]"
2019-06-28 14:17:00,HOLDINGS_UPDATED,"{'CASH': -16240855, 'JPM': 255}"
2019-06-28 14:18:00,BID_DEPTH,"[(99266, 185)]"
2019-06-28 14:18:00,ASK_DEPTH,"[(99399, 237)]"
2019-06-28 14:18:00,IMBALANCE,"[185, 237]"
2019-06-28 14:18:00,HOLDINGS_UPDATED,"{'CASH': -15744525, 'JPM': 250}"
2019-06-28 14:19:00,BID_DEPTH,"[(99266, 128)]"
2019-06-28 14:19:00,ASK_DEPTH,"[(99397, 180)]"
2019-06-28 14:19:00,IMBALANCE,"[128, 180]"
2019-06-28 14:19:00,HOLDINGS_UPDATED,"{'CASH': -15248195, 'JPM': 245}"
2019-06-28 14:20:00,BID_DEPTH,"[(99397, 169)]"
2019-06-28 14:20:00,ASK_DEPTH,"[(99470, 301)]"
2019-06-28 14:20:00,IMBALANCE,"[169, 301]"
2019-06-28 14:20:00,HOLDINGS_UPDATED,"{'CASH': -14751210, 'JPM': 240}"
2019-06-28 14:21:00,BID_DEPTH,"[(99398, 148)]"
2019-06-28 14:21:00,ASK_DEPTH,"[(99568, 200)]"
2019-06-28 14:21:00,IMBALANCE,"[148, 200]"
2019-06-28 14:21:00,HOLDINGS_UPDATED,"{'CASH': -14254220, 'JPM': 235}"
2019-06-28 14:22:00,BID_DEPTH,"[(99398, 128)]"
2019-06-28 14:22:00,ASK_DEPTH,"[(99750, 180)]"
2019-06-28 14:22:00,IMBALANCE,"[128, 180]"
2019-06-28 14:22:00,HOLDINGS_UPDATED,"{'CASH': -13757230, 'JPM': 230}"
2019-06-28 14:23:00,BID_DEPTH,"[(99397, 128)]"
2019-06-28 14:23:00,ASK_DEPTH,"[(99750, 180)]"
2019-06-28 14:23:00,IMBALANCE,"[128, 180]"
2019-06-28 14:23:00,HOLDINGS_UPDATED,"{'CASH': -13260245, 'JPM': 225}"
2019-06-28 14:24:00,BID_DEPTH,"[(99397, 450)]"
2019-06-28 14:24:00,ASK_DEPTH,"[(99761, 502)]"
2019-06-28 14:24:00,IMBALANCE,"[450, 502]"
2019-06-28 14:24:00,HOLDINGS_UPDATED,"{'CASH': -12763260, 'JPM': 220}"
2019-06-28 14:25:00,BID_DEPTH,"[(99397, 128)]"
2019-06-28 14:25:00,ASK_DEPTH,"[(99818, 180)]"
2019-06-28 14:25:00,IMBALANCE,"[128, 180]"
2019-06-28 14:25:00,HOLDINGS_UPDATED,"{'CASH': -12266275, 'JPM': 215}"
2019-06-28 14:26:00,BID_DEPTH,"[(99397, 450)]"
2019-06-28 14:26:00,ASK_DEPTH,"[(99829, 502)]"
2019-06-28 14:26:00,IMBALANCE,"[450, 502]"
2019-06-28 14:26:00,HOLDINGS_UPDATED,"{'CASH': -11769290, 'JPM': 210}"
2019-06-28 14:27:00,BID_DEPTH,"[(99947, 185)]"
2019-06-28 14:27:00,ASK_DEPTH,"[(100057, 237)]"
2019-06-28 14:27:00,IMBALANCE,"[185, 237]"
2019-06-28 14:27:00,HOLDINGS_UPDATED,"{'CASH': -11269555, 'JPM': 205}"
2019-06-28 14:28:00,BID_DEPTH,"[(100076, 450)]"
2019-06-28 14:28:00,ASK_DEPTH,"[(100091, 502)]"
2019-06-28 14:28:00,IMBALANCE,"[450, 502]"
2019-06-28 14:28:00,HOLDINGS_UPDATED,"{'CASH': -10769175, 'JPM': 200}"
2019-06-28 14:29:00,BID_DEPTH,"[(99448, 148)]"
2019-06-28 14:29:00,ASK_DEPTH,"[(99697, 200)]"
2019-06-28 14:29:00,IMBALANCE,"[148, 200]"
2019-06-28 14:29:00,HOLDINGS_UPDATED,"{'CASH': -10271935, 'JPM': 195}"
2019-06-28 14:30:00,BID_DEPTH,"[(98872, 248)]"
2019-06-28 14:30:00,ASK_DEPTH,"[(99539, 200)]"
2019-06-28 14:30:00,IMBALANCE,"[248, 200]"
2019-06-28 14:30:00,HOLDINGS_UPDATED,"{'CASH': -9777575, 'JPM': 190}"
2019-06-28 14:31:00,BID_DEPTH,"[(98872, 217)]"
2019-06-28 14:31:00,ASK_DEPTH,"[(99539, 301)]"
2019-06-28 14:31:00,IMBALANCE,"[217, 301]"
2019-06-28 14:31:00,HOLDINGS_UPDATED,"{'CASH': -9283215, 'JPM': 185}"
2019-06-28 14:32:00,BID_DEPTH,"[(98187, 185)]"
2019-06-28 14:32:00,ASK_DEPTH,"[(98676, 237)]"
2019-06-28 14:32:00,IMBALANCE,"[185, 237]"
2019-06-28 14:32:00,HOLDINGS_UPDATED,"{'CASH': -8792280, 'JPM': 180}"
2019-06-28 14:33:00,BID_DEPTH,"[(98665, 128)]"
2019-06-28 14:33:00,ASK_DEPTH,"[(98733, 180)]"
2019-06-28 14:33:00,IMBALANCE,"[128, 180]"
2019-06-28 14:33:00,HOLDINGS_UPDATED,"{'CASH': -8298955, 'JPM': 175}"
2019-06-28 14:34:00,BID_DEPTH,"[(98604, 128)]"
2019-06-28 14:34:00,ASK_DEPTH,"[(98733, 180)]"
2019-06-28 14:34:00,IMBALANCE,"[128, 180]"
2019-06-28 14:34:00,HOLDINGS_UPDATED,"{'CASH': -7805935, 'JPM': 170}"
2019-06-28 14:35:00,BID_DEPTH,"[(98019, 185)]"
2019-06-28 14:35:00,ASK_DEPTH,"[(98733, 237)]"
2019-06-28 14:35:00,IMBALANCE,"[185, 237]"
2019-06-28 14:35:00,HOLDINGS_UPDATED,"{'CASH': -7315840, 'JPM': 165}"
2019-06-28 14:36:00,BID_DEPTH,"[(97356, 128)]"
2019-06-28 14:36:00,ASK_DEPTH,"[(98019, 180)]"
2019-06-28 14:36:00,IMBALANCE,"[128, 180]"
2019-06-28 14:36:00,HOLDINGS_UPDATED,"{'CASH': -6829060, 'JPM': 160}"
2019-06-28 14:37:00,BID_DEPTH,"[(97449, 128)]"
2019-06-28 14:37:00,ASK_DEPTH,"[(97616, 180)]"
2019-06-28 14:37:00,IMBALANCE,"[128, 180]"
2019-06-28 14:37:00,HOLDINGS_UPDATED,"{'CASH': -6341815, 'JPM': 155}"
2019-06-28 14:38:00,BID_DEPTH,"[(97449, 450)]"
2019-06-28 14:38:00,ASK_DEPTH,"[(97616, 502)]"
2019-06-28 14:38:00,IMBALANCE,"[450, 502]"
2019-06-28 14:38:00,HOLDINGS_UPDATED,"{'CASH': -5854570, 'JPM': 150}"
2019-06-28 14:39:00,BID_DEPTH,"[(97616, 148)]"
2019-06-28 14:39:00,ASK_DEPTH,"[(98019, 180)]"
2019-06-28 14:39:00,IMBALANCE,"[148, 180]"
2019-06-28 14:39:00,HOLDINGS_UPDATED,"{'CASH': -5366490, 'JPM': 145}"
2019-06-28 14:40:00,BID_DEPTH,"[(97616, 450)]"
2019-06-28 14:40:00,ASK_DEPTH,"[(98032, 502)]"
2019-06-28 14:40:00,IMBALANCE,"[450, 502]"
2019-06-28 14:40:00,HOLDINGS_UPDATED,"{'CASH': -4878410, 'JPM': 140}"
2019-06-28 14:41:00,BID_DEPTH,"[(97868, 128)]"
2019-06-28 14:41:00,ASK_DEPTH,"[(98032, 180)]"
2019-06-28 14:41:00,IMBALANCE,"[128, 180]"
2019-06-28 14:41:00,HOLDINGS_UPDATED,"{'CASH': -4389070, 'JPM': 135}"
2019-06-28 14:42:00,BID_DEPTH,"[(98016, 148)]"
2019-06-28 14:42:00,ASK_DEPTH,"[(98058, 200)]"
2019-06-28 14:42:00,IMBALANCE,"[148, 200]"
2019-06-28 14:42:00,HOLDINGS_UPDATED,"{'CASH': -3898990, 'JPM': 130}"
2019-06-28 14:43:00,BID_DEPTH,"[(98016, 185)]"
2019-06-28 14:43:00,ASK_DEPTH,"[(98058, 237)]"
2019-06-28 14:43:00,IMBALANCE,"[185, 237]"
2019-06-28 14:43:00,HOLDINGS_UPDATED,"{'CASH': -3408910, 'JPM': 125}"
2019-06-28 14:44:00,BID_DEPTH,"[(98016, 148)]"
2019-06-28 14:44:00,ASK_DEPTH,"[(98058, 200)]"
2019-06-28 14:44:00,IMBALANCE,"[148, 200]"
2019-06-28 14:44:00,HOLDINGS_UPDATED,"{'CASH': -2918830, 'JPM': 120}"
2019-06-28 14:45:00,BID_DEPTH,"[(97868, 128)]"
2019-06-28 14:45:00,ASK_DEPTH,"[(98058, 180)]"
2019-06-28 14:45:00,IMBALANCE,"[128, 180]"
2019-06-28 14:45:00,HOLDINGS_UPDATED,"{'CASH': -2429490, 'JPM': 115}"
2019-06-28 14:46:00,BID_DEPTH,"[(97761, 128)]"
2019-06-28 14:46:00,ASK_DEPTH,"[(98058, 180)]"
2019-06-28 14:46:00,IMBALANCE,"[128, 180]"
2019-06-28 14:46:00,HOLDINGS_UPDATED,"{'CASH': -1940685, 'JPM': 110}"
2019-06-28 14:47:00,BID_DEPTH,"[(97761, 228)]"
2019-06-28 14:47:00,ASK_DEPTH,"[(98097, 180)]"
2019-06-28 14:47:00,IMBALANCE,"[228, 180]"
2019-06-28 14:47:00,HOLDINGS_UPDATED,"{'CASH': -1451880, 'JPM': 105}"
2019-06-28 14:48:00,BID_DEPTH,"[(97761, 196)]"
2019-06-28 14:48:00,ASK_DEPTH,"[(98336, 180)]"
2019-06-28 14:48:00,IMBALANCE,"[196, 180]"
2019-06-28 14:48:00,HOLDINGS_UPDATED,"{'CASH': -963075, 'JPM': 100}"
2019-06-28 14:49:00,BID_DEPTH,"[(97761, 84)]"
2019-06-28 14:49:00,ASK_DEPTH,"[(98336, 200)]"
2019-06-28 14:49:00,IMBALANCE,"[84, 200]"
2019-06-28 14:49:00,HOLDINGS_UPDATED,"{'CASH': -474270, 'JPM': 95}"
2019-06-28 14:50:00,BID_DEPTH,"[(98336, 128)]"
2019-06-28 14:50:00,ASK_DEPTH,"[(98527, 180)]"
2019-06-28 14:50:00,IMBALANCE,"[128, 180]"
2019-06-28 14:50:00,HOLDINGS_UPDATED,"{'CASH': 17410, 'JPM': 90}"
2019-06-28 14:51:00,BID_DEPTH,"[(98336, 128)]"
2019-06-28 14:51:00,ASK_DEPTH,"[(98733, 180)]"
2019-06-28 14:51:00,IMBALANCE,"[128, 180]"
2019-06-28 14:51:00,HOLDINGS_UPDATED,"{'CASH': 509090, 'JPM': 85}"
2019-06-28 14:52:00,BID_DEPTH,"[(97715, 128)]"
2019-06-28 14:52:00,ASK_DEPTH,"[(98821, 180)]"
2019-06-28 14:52:00,IMBALANCE,"[128, 180]"
2019-06-28 14:52:00,HOLDINGS_UPDATED,"{'CASH': 997665, 'JPM': 80}"
2019-06-28 14:53:00,BID_DEPTH,"[(97715, 148)]"
2019-06-28 14:53:00,ASK_DEPTH,"[(98871, 200)]"
2019-06-28 14:53:00,IMBALANCE,"[148, 200]"
2019-06-28 14:53:00,HOLDINGS_UPDATED,"{'CASH': 1486240, 'JPM': 75}"
2019-06-28 14:54:00,BID_DEPTH,"[(97245, 185)]"
2019-06-28 14:54:00,ASK_DEPTH,"[(98925, 237)]"
2019-06-28 14:54:00,IMBALANCE,"[185, 237]"
2019-06-28 14:54:00,HOLDINGS_UPDATED,"{'CASH': 1972465, 'JPM': 70}"
2019-06-28 14:55:00,BID_DEPTH,"[(97100, 450)]"
2019-06-28 14:55:00,ASK_DEPTH,"[(98925, 502)]"
2019-06-28 14:55:00,IMBALANCE,"[450, 502]"
2019-06-28 14:55:00,HOLDINGS_UPDATED,"{'CASH': 2457965, 'JPM': 65}"
2019-06-28 14:56:00,BID_DEPTH,"[(97100, 228)]"
2019-06-28 14:56:00,ASK_DEPTH,"[(98925, 180)]"
2019-06-28 14:56:00,IMBALANCE,"[228, 180]"
2019-06-28 14:56:00,HOLDINGS_UPDATED,"{'CASH': 2943465, 'JPM': 60}"
2019-06-28 14:57:00,BID_DEPTH,"[(97101, 249)]"
2019-06-28 14:57:00,ASK_DEPTH,"[(99165, 301)]"
2019-06-28 14:57:00,IMBALANCE,"[249, 301]"
2019-06-28 14:57:00,HOLDINGS_UPDATED,"{'CASH': 3428970, 'JPM': 55}"
2019-06-28 14:58:00,BID_DEPTH,"[(97100, 196)]"
2019-06-28 14:58:00,ASK_DEPTH,"[(99347, 180)]"
2019-06-28 14:58:00,IMBALANCE,"[196, 180]"
2019-06-28 14:58:00,HOLDINGS_UPDATED,"{'CASH': 3914470, 'JPM': 50}"
2019-06-28 14:59:00,BID_DEPTH,"[(99229, 128)]"
2019-06-28 14:59:00,ASK_DEPTH,"[(99383, 180)]"
2019-06-28 14:59:00,IMBALANCE,"[128, 180]"
2019-06-28 14:59:00,HOLDINGS_UPDATED,"{'CASH': 4410615, 'JPM': 45}"
2019-06-28 15:00:00,BID_DEPTH,"[(99230, 249)]"
2019-06-28 15:00:00,ASK_DEPTH,"[(99481, 301)]"
2019-06-28 15:00:00,IMBALANCE,"[249, 301]"
2019-06-28 15:00:00,HOLDINGS_UPDATED,"{'CASH': 4906765, 'JPM': 40}"
2019-06-28 15:01:00,BID_DEPTH,"[(99230, 185)]"
2019-06-28 15:01:00,ASK_DEPTH,"[(99481, 237)]"
2019-06-28 15:01:00,IMBALANCE,"[185, 237]"
2019-06-28 15:01:00,HOLDINGS_UPDATED,"{'CASH': 5402915, 'JPM': 35}"
2019-06-28 15:02:00,BID_DEPTH,"[(99229, 450)]"
2019-06-28 15:02:00,ASK_DEPTH,"[(99230, 602)]"
2019-06-28 15:02:00,IMBALANCE,"[450, 602]"
2019-06-28 15:02:00,HOLDINGS_UPDATED,"{'CASH': 5899060, 'JPM': 30}"
2019-06-28 15:03:00,BID_DEPTH,"[(99225, 450)]"
2019-06-28 15:03:00,ASK_DEPTH,"[(99230, 602)]"
2019-06-28 15:03:00,IMBALANCE,"[450, 602]"
2019-06-28 15:03:00,HOLDINGS_UPDATED,"{'CASH': 6395185, 'JPM': 25}"
2019-06-28 15:04:00,BID_DEPTH,"[(99069, 185)]"
2019-06-28 15:04:00,ASK_DEPTH,"[(99230, 237)]"
2019-06-28 15:04:00,IMBALANCE,"[185, 237]"
2019-06-28 15:04:00,HOLDINGS_UPDATED,"{'CASH': 6890530, 'JPM': 20}"
2019-06-28 15:05:00,BID_DEPTH,"[(99011, 450)]"
2019-06-28 15:05:00,ASK_DEPTH,"[(99422, 502)]"
2019-06-28 15:05:00,IMBALANCE,"[450, 502]"
2019-06-28 15:05:00,HOLDINGS_UPDATED,"{'CASH': 7385585, 'JPM': 15}"
2019-06-28 15:06:00,BID_DEPTH,[]
2019-06-28 15:06:00,ASK_DEPTH,"[(99011, 200)]"
2019-06-28 15:06:00,IMBALANCE,"[0, 200]"
2019-06-28 15:07:00,BID_DEPTH,"[(98842, 128)]"
2019-06-28 15:07:00,ASK_DEPTH,"[(98959, 280)]"
2019-06-28 15:07:00,IMBALANCE,"[128, 280]"
2019-06-28 15:07:00,HOLDINGS_UPDATED,"{'CASH': 7879795, 'JPM': 10}"
2019-06-28 15:08:00,BID_DEPTH,"[(98885, 450)]"
2019-06-28 15:08:00,ASK_DEPTH,"[(98959, 598)]"
2019-06-28 15:08:00,IMBALANCE,"[450, 598]"
2019-06-28 15:08:00,HOLDINGS_UPDATED,"{'CASH': 8374220, 'JPM': 5}"
2019-06-28 15:09:00,BID_DEPTH,"[(98840, 128)]"
2019-06-28 15:09:00,ASK_DEPTH,"[(98885, 180)]"
2019-06-28 15:09:00,IMBALANCE,"[128, 180]"
2019-06-28 15:09:00,HOLDINGS_UPDATED,{'CASH': 8868420}
2019-06-28 15:10:00,BID_DEPTH,"[(98840, 280)]"
2019-06-28 15:10:00,ASK_DEPTH,"[(98885, 128)]"
2019-06-28 15:10:00,IMBALANCE,"[280, 128]"
2019-06-28 15:10:00,HOLDINGS_UPDATED,"{'CASH': 8373995, 'JPM': 5}"
2019-06-28 15:11:00,BID_DEPTH,"[(98840, 337)]"
2019-06-28 15:11:00,ASK_DEPTH,"[(98959, 181)]"
2019-06-28 15:11:00,IMBALANCE,"[337, 181]"
2019-06-28 15:11:00,HOLDINGS_UPDATED,"{'CASH': 7879200, 'JPM': 10}"
2019-06-28 15:12:00,BID_DEPTH,"[(98959, 502)]"
2019-06-28 15:12:00,ASK_DEPTH,"[(99011, 450)]"
2019-06-28 15:12:00,IMBALANCE,"[502, 450]"
2019-06-28 15:12:00,HOLDINGS_UPDATED,"{'CASH': 7384145, 'JPM': 15}"
2019-06-28 15:13:00,BID_DEPTH,"[(99011, 502)]"
2019-06-28 15:13:00,ASK_DEPTH,"[(99122, 450)]"
2019-06-28 15:13:00,IMBALANCE,"[502, 450]"
2019-06-28 15:13:00,HOLDINGS_UPDATED,"{'CASH': 6888535, 'JPM': 20}"
2019-06-28 15:14:00,BID_DEPTH,"[(99011, 180)]"
2019-06-28 15:14:00,ASK_DEPTH,"[(99134, 128)]"
2019-06-28 15:14:00,IMBALANCE,"[180, 128]"
2019-06-28 15:14:00,HOLDINGS_UPDATED,"{'CASH': 6392865, 'JPM': 25}"
2019-06-28 15:15:00,BID_DEPTH,"[(99012, 237)]"
2019-06-28 15:15:00,ASK_DEPTH,"[(99157, 185)]"
2019-06-28 15:15:00,IMBALANCE,"[237, 185]"
2019-06-28 15:15:00,HOLDINGS_UPDATED,"{'CASH': 5897080, 'JPM': 30}"
2019-06-28 15:16:00,BID_DEPTH,"[(99012, 180)]"
2019-06-28 15:16:00,ASK_DEPTH,"[(99112, 128)]"
2019-06-28 15:16:00,IMBALANCE,"[180, 128]"
2019-06-28 15:16:00,HOLDINGS_UPDATED,"{'CASH': 5401520, 'JPM': 35}"
2019-06-28 15:17:00,BID_DEPTH,"[(99033, 602)]"
2019-06-28 15:17:00,ASK_DEPTH,"[(99172, 450)]"
2019-06-28 15:17:00,IMBALANCE,"[602, 450]"
2019-06-28 15:17:00,HOLDINGS_UPDATED,"{'CASH': 4905660, 'JPM': 40}"
2019-06-28 15:18:00,BID_DEPTH,"[(99211, 502)]"
2019-06-28 15:18:00,ASK_DEPTH,"[(99342, 450)]"
2019-06-28 15:18:00,IMBALANCE,"[502, 450]"
2019-06-28 15:18:00,HOLDINGS_UPDATED,"{'CASH': 4408950, 'JPM': 45}"
2019-06-28 15:19:00,BID_DEPTH,"[(99211, 498)]"
2019-06-28 15:19:00,ASK_DEPTH,"[(99422, 450)]"
2019-06-28 15:19:00,IMBALANCE,"[498, 450]"
2019-06-28 15:19:00,HOLDINGS_UPDATED,"{'CASH': 3911840, 'JPM': 50}"
2019-06-28 15:20:00,BID_DEPTH,"[(99534, 180)]"
2019-06-28 15:20:00,ASK_DEPTH,"[(99734, 128)]"
2019-06-28 15:20:00,IMBALANCE,"[180, 128]"
2019-06-28 15:20:00,HOLDINGS_UPDATED,"{'CASH': 3413170, 'JPM': 55}"
2019-06-28 15:21:00,BID_DEPTH,"[(99534, 498)]"
2019-06-28 15:21:00,ASK_DEPTH,"[(99850, 450)]"
2019-06-28 15:21:00,IMBALANCE,"[498, 450]"
2019-06-28 15:21:00,HOLDINGS_UPDATED,"{'CASH': 2913920, 'JPM': 60}"
2019-06-28 15:22:00,BID_DEPTH,"[(99534, 494)]"
2019-06-28 15:22:00,ASK_DEPTH,"[(100197, 450)]"
2019-06-28 15:22:00,IMBALANCE,"[494, 450]"
2019-06-28 15:22:00,HOLDINGS_UPDATED,"{'CASH': 2412935, 'JPM': 65}"
2019-06-28 15:23:00,BID_DEPTH,"[(100667, 502)]"
2019-06-28 15:23:00,ASK_DEPTH,"[(100907, 450)]"
2019-06-28 15:23:00,IMBALANCE,"[502, 450]"
2019-06-28 15:23:00,HOLDINGS_UPDATED,"{'CASH': 1908400, 'JPM': 70}"
2019-06-28 15:24:00,BID_DEPTH,"[(100613, 502)]"
2019-06-28 15:24:00,ASK_DEPTH,"[(100943, 450)]"
2019-06-28 15:24:00,IMBALANCE,"[502, 450]"
2019-06-28 15:24:00,HOLDINGS_UPDATED,"{'CASH': 1403685, 'JPM': 75}"
2019-06-28 15:25:00,BID_DEPTH,"[(100822, 502)]"
2019-06-28 15:25:00,ASK_DEPTH,"[(100873, 450)]"
2019-06-28 15:25:00,IMBALANCE,"[502, 450]"
2019-06-28 15:25:00,HOLDINGS_UPDATED,"{'CASH': 899320, 'JPM': 80}"
2019-06-28 15:26:00,BID_DEPTH,"[(100787, 200)]"
2019-06-28 15:26:00,ASK_DEPTH,"[(100822, 215)]"
2019-06-28 15:26:00,IMBALANCE,"[200, 215]"
2019-06-28 15:26:00,HOLDINGS_UPDATED,"{'CASH': 395210, 'JPM': 85}"
2019-06-28 15:27:00,BID_DEPTH,"[(100371, 200)]"
2019-06-28 15:27:00,ASK_DEPTH,"[(100822, 83)]"
2019-06-28 15:27:00,IMBALANCE,"[200, 83]"
2019-06-28 15:27:00,HOLDINGS_UPDATED,"{'CASH': -108900, 'JPM': 90}"
2019-06-28 15:28:00,BID_DEPTH,"[(100213, 502)]"
2019-06-28 15:28:00,ASK_DEPTH,"[(100523, 450)]"
2019-06-28 15:28:00,IMBALANCE,"[502, 450]"
2019-06-28 15:28:00,HOLDINGS_UPDATED,"{'CASH': -611515, 'JPM': 95}"
2019-06-28 15:29:00,BID_DEPTH,"[(100741, 200)]"
2019-06-28 15:29:00,ASK_DEPTH,"[(101032, 148)]"
2019-06-28 15:29:00,IMBALANCE,"[200, 148]"
2019-06-28 15:29:00,HOLDINGS_UPDATED,"{'CASH': -1116675, 'JPM': 100}"
2019-06-28 15:30:00,BID_DEPTH,"[(100894, 237)]"
2019-06-28 15:30:00,ASK_DEPTH,"[(100965, 185)]"
2019-06-28 15:30:00,IMBALANCE,"[237, 185]"
2019-06-28 15:30:00,HOLDINGS_UPDATED,"{'CASH': -1621500, 'JPM': 105}"
2019-06-28 15:31:00,BID_DEPTH,"[(100753, 237)]"
2019-06-28 15:31:00,ASK_DEPTH,"[(101071, 185)]"
2019-06-28 15:31:00,IMBALANCE,"[237, 185]"
2019-06-28 15:31:00,HOLDINGS_UPDATED,"{'CASH': -2126855, 'JPM': 110}"
2019-06-28 15:32:00,BID_DEPTH,"[(100741, 333)]"
2019-06-28 15:32:00,ASK_DEPTH,"[(101071, 185)]"
2019-06-28 15:32:00,IMBALANCE,"[333, 185]"
2019-06-28 15:32:00,HOLDINGS_UPDATED,"{'CASH': -2632210, 'JPM': 115}"
2019-06-28 15:33:00,BID_DEPTH,"[(100741, 172)]"
2019-06-28 15:33:00,ASK_DEPTH,"[(101071, 228)]"
2019-06-28 15:33:00,IMBALANCE,"[172, 228]"
2019-06-28 15:33:00,HOLDINGS_UPDATED,"{'CASH': -3137565, 'JPM': 120}"
2019-06-28 15:34:00,BID_DEPTH,"[(100579, 237)]"
2019-06-28 15:34:00,ASK_DEPTH,"[(100741, 185)]"
2019-06-28 15:34:00,IMBALANCE,"[237, 185]"
2019-06-28 15:34:00,HOLDINGS_UPDATED,"{'CASH': -3641270, 'JPM': 125}"
2019-06-28 15:35:00,BID_DEPTH,"[(100213, 297)]"
2019-06-28 15:35:00,ASK_DEPTH,"[(101071, 217)]"
2019-06-28 15:35:00,IMBALANCE,"[297, 217]"
2019-06-28 15:35:00,HOLDINGS_UPDATED,"{'CASH': -4146625, 'JPM': 130}"
2019-06-28 15:36:00,BID_DEPTH,"[(100233, 180)]"
2019-06-28 15:36:00,ASK_DEPTH,"[(101071, 128)]"
2019-06-28 15:36:00,IMBALANCE,"[180, 128]"
2019-06-28 15:36:00,HOLDINGS_UPDATED,"{'CASH': -4651980, 'JPM': 135}"
2019-06-28 15:37:00,BID_DEPTH,"[(100233, 196)]"
2019-06-28 15:37:00,ASK_DEPTH,"[(100431, 148)]"
2019-06-28 15:37:00,IMBALANCE,"[196, 148]"
2019-06-28 15:37:00,HOLDINGS_UPDATED,"{'CASH': -5154135, 'JPM': 140}"
2019-06-28 15:38:00,BID_DEPTH,"[(100233, 192)]"
2019-06-28 15:38:00,ASK_DEPTH,"[(100323, 148)]"
2019-06-28 15:38:00,IMBALANCE,"[192, 148]"
2019-06-28 15:38:00,HOLDINGS_UPDATED,"{'CASH': -5655750, 'JPM': 145}"
2019-06-28 15:39:00,BID_DEPTH,"[(100233, 288)]"
2019-06-28 15:39:00,ASK_DEPTH,"[(100323, 148)]"
2019-06-28 15:39:00,IMBALANCE,"[288, 148]"
2019-06-28 15:39:00,HOLDINGS_UPDATED,"{'CASH': -6157365, 'JPM': 150}"
2019-06-28 15:40:00,BID_DEPTH,"[(100146, 200)]"
2019-06-28 15:40:00,ASK_DEPTH,"[(100213, 76)]"
2019-06-28 15:40:00,IMBALANCE,"[200, 76]"
2019-06-28 15:40:00,HOLDINGS_UPDATED,"{'CASH': -6658430, 'JPM': 155}"
2019-06-28 15:41:00,BID_DEPTH,"[(100022, 200)]"
2019-06-28 15:41:00,ASK_DEPTH,"[(100213, 50)]"
2019-06-28 15:41:00,IMBALANCE,"[200, 50]"
2019-06-28 15:41:00,HOLDINGS_UPDATED,"{'CASH': -7159495, 'JPM': 160}"
2019-06-28 15:42:00,BID_DEPTH,"[(100005, 180)]"
2019-06-28 15:42:00,ASK_DEPTH,"[(100244, 128)]"
2019-06-28 15:42:00,IMBALANCE,"[180, 128]"
2019-06-28 15:42:00,HOLDINGS_UPDATED,"{'CASH': -7660715, 'JPM': 165}"
2019-06-28 15:43:00,BID_DEPTH,"[(99901, 502)]"
2019-06-28 15:43:00,ASK_DEPTH,"[(101071, 450)]"
2019-06-28 15:43:00,IMBALANCE,"[502, 450]"
2019-06-28 15:43:00,HOLDINGS_UPDATED,"{'CASH': -8166070, 'JPM': 170}"
2019-06-28 15:44:00,BID_DEPTH,"[(99901, 301)]"
2019-06-28 15:44:00,ASK_DEPTH,"[(101071, 249)]"
2019-06-28 15:44:00,IMBALANCE,"[301, 249]"
2019-06-28 15:44:00,HOLDINGS_UPDATED,"{'CASH': -8671425, 'JPM': 175}"
2019-06-28 15:45:00,BID_DEPTH,"[(100690, 502)]"
2019-06-28 15:45:00,ASK_DEPTH,"[(101071, 450)]"
2019-06-28 15:45:00,IMBALANCE,"[502, 450]"
2019-06-28 15:45:00,HOLDINGS_UPDATED,"{'CASH': -9176780, 'JPM': 180}"
2019-06-28 15:46:00,BID_DEPTH,"[(100287, 237)]"
2019-06-28 15:46:00,ASK_DEPTH,"[(101071, 185)]"
2019-06-28 15:46:00,IMBALANCE,"[237, 185]"
2019-06-28 15:46:00,HOLDINGS_UPDATED,"{'CASH': -9682135, 'JPM': 185}"
2019-06-28 15:47:00,BID_DEPTH,"[(100179, 502)]"
2019-06-28 15:47:00,ASK_DEPTH,"[(101131, 450)]"
2019-06-28 15:47:00,IMBALANCE,"[502, 450]"
2019-06-28 15:47:00,HOLDINGS_UPDATED,"{'CASH': -10187790, 'JPM': 190}"
2019-06-28 15:48:00,BID_DEPTH,"[(100179, 200)]"
2019-06-28 15:48:00,ASK_DEPTH,"[(100255, 148)]"
2019-06-28 15:48:00,IMBALANCE,"[200, 148]"
2019-06-28 15:48:00,HOLDINGS_UPDATED,"{'CASH': -10689065, 'JPM': 195}"
2019-06-28 15:49:00,BID_DEPTH,"[(100751, 301)]"
2019-06-28 15:49:00,ASK_DEPTH,"[(100797, 249)]"
2019-06-28 15:49:00,IMBALANCE,"[301, 249]"
2019-06-28 15:49:00,HOLDINGS_UPDATED,"{'CASH': -11193050, 'JPM': 200}"
2019-06-28 15:50:00,BID_DEPTH,"[(100751, 237)]"
2019-06-28 15:50:00,ASK_DEPTH,"[(100797, 285)]"
2019-06-28 15:50:00,IMBALANCE,"[237, 285]"
2019-06-28 15:50:00,HOLDINGS_UPDATED,"{'CASH': -11697035, 'JPM': 205}"
2019-06-28 15:51:00,BID_DEPTH,"[(100751, 180)]"
2019-06-28 15:51:00,ASK_DEPTH,"[(100797, 96)]"
2019-06-28 15:51:00,IMBALANCE,"[180, 96]"
2019-06-28 15:51:00,HOLDINGS_UPDATED,"{'CASH': -12201020, 'JPM': 210}"
2019-06-28 15:52:00,BID_DEPTH,"[(100654, 301)]"
2019-06-28 15:52:00,ASK_DEPTH,"[(101131, 349)]"
2019-06-28 15:52:00,IMBALANCE,"[301, 349]"
2019-06-28 15:52:00,HOLDINGS_UPDATED,"{'CASH': -12706675, 'JPM': 215}"
2019-06-28 15:53:00,BID_DEPTH,"[(100255, 233)]"
2019-06-28 15:53:00,ASK_DEPTH,"[(100444, 249)]"
2019-06-28 15:53:00,IMBALANCE,"[233, 249]"
2019-06-28 15:53:00,HOLDINGS_UPDATED,"{'CASH': -13208895, 'JPM': 220}"
2019-06-28 15:54:00,BID_DEPTH,"[(100350, 502)]"
2019-06-28 15:54:00,ASK_DEPTH,"[(100444, 450)]"
2019-06-28 15:54:00,IMBALANCE,"[502, 450]"
2019-06-28 15:54:00,HOLDINGS_UPDATED,"{'CASH': -13711115, 'JPM': 225}"
2019-06-28 15:55:00,BID_DEPTH,"[(100350, 301)]"
2019-06-28 15:55:00,ASK_DEPTH,"[(101131, 417)]"
2019-06-28 15:55:00,IMBALANCE,"[301, 417]"
2019-06-28 15:55:00,HOLDINGS_UPDATED,"{'CASH': -14216770, 'JPM': 230}"
2019-06-28 15:56:00,BID_DEPTH,"[(100154, 301)]"
2019-06-28 15:56:00,ASK_DEPTH,"[(100285, 249)]"
2019-06-28 15:56:00,IMBALANCE,"[301, 249]"
2019-06-28 15:56:00,HOLDINGS_UPDATED,"{'CASH': -14718195, 'JPM': 235}"
2019-06-28 15:57:00,BID_DEPTH,"[(99993, 237)]"
2019-06-28 15:57:00,ASK_DEPTH,"[(101131, 121)]"
2019-06-28 15:57:00,IMBALANCE,"[237, 121]"
2019-06-28 15:57:00,HOLDINGS_UPDATED,"{'CASH': -15223850, 'JPM': 240}"
2019-06-28 15:58:00,BID_DEPTH,"[(100269, 200)]"
2019-06-28 15:58:00,ASK_DEPTH,"[(100471, 148)]"
2019-06-28 15:58:00,IMBALANCE,"[200, 148]"
2019-06-28 15:58:00,HOLDINGS_UPDATED,"{'CASH': -15726205, 'JPM': 245}"
2019-06-28 15:59:00,BID_DEPTH,"[(100269, 100)]"
2019-06-28 15:59:00,ASK_DEPTH,[]
2019-06-28 15:59:00,IMBALANCE,"[100, 0]"
2019-06-28 16:00:00,BID_DEPTH,"[(100147, 180)]"
2019-06-28 16:00:00,ASK_DEPTH,"[(100269, 128)]"
2019-06-28 16:00:00,IMBALANCE,"[180, 128]"
2019-06-28 16:00:00,HOLDINGS_UPDATED,"{'CASH': -16227550, 'JPM': 250}"
2019-06-28 16:01:00,BID_DEPTH,"[(100147, 180)]"
2019-06-28 16:01:00,ASK_DEPTH,"[(100269, 48)]"
2019-06-28 16:01:00,IMBALANCE,"[180, 48]"
2019-06-28 16:01:00,MKT_CLOSED,
2019-06-28 16:01:00,FINAL_HOLDINGS,"{ JPM: 250, CASH: -16227550 }"
2019-06-28 16:01:00,FINAL_CASH_POSITION,-16227550
2019-06-28 16:01:00,MARK_TO_MARKET,250 JPM @ 100269 == 25067250
2019-06-28 16:01:00,MARKED_TO_MARKET,8839700
2019-06-28 16:01:00,ENDING_CASH,8839700
