EventTime,EventType,Event
,AGENT_TYPE,MomentumAgent
,STARTING_CASH,10000000
2019-06-28 09:30:00,HOLDINGS_UPDATED,{'CASH': 10000000}
2019-06-28 09:31:00,BID_DEPTH,"[(99998, 194)]"
2019-06-28 09:31:00,ASK_DEPTH,"[(100011, 294)]"
2019-06-28 09:31:00,IMBALANCE,"[194, 294]"
2019-06-28 09:32:00,BID_DEPTH,"[(99998, 289)]"
2019-06-28 09:32:00,ASK_DEPTH,"[(100011, 389)]"
2019-06-28 09:32:00,IMBALANCE,"[289, 389]"
2019-06-28 09:33:00,BID_DEPTH,"[(99945, 229)]"
2019-06-28 09:33:00,ASK_DEPTH,"[(100010, 229)]"
2019-06-28 09:33:00,IMBALANCE,"[229, 229]"
2019-06-28 09:34:00,BID_DEPTH,"[(99942, 194)]"
2019-06-28 09:34:00,ASK_DEPTH,"[(99960, 194)]"
2019-06-28 09:34:00,IMBALANCE,"[194, 194]"
2019-06-28 09:35:00,BID_DEPTH,"[(99942, 478)]"
2019-06-28 09:35:00,ASK_DEPTH,"[(100010, 478)]"
2019-06-28 09:35:00,IMBALANCE,"[478, 478]"
2019-06-28 09:36:00,BID_DEPTH,"[(99942, 194)]"
2019-06-28 09:36:00,ASK_DEPTH,"[(99945, 194)]"
2019-06-28 09:36:00,IMBALANCE,"[194, 194]"
2019-06-28 09:37:00,BID_DEPTH,"[(99942, 229)]"
2019-06-28 09:37:00,ASK_DEPTH,"[(99945, 329)]"
2019-06-28 09:37:00,IMBALANCE,"[229, 329]"
2019-06-28 09:38:00,BID_DEPTH,"[(99917, 176)]"
2019-06-28 09:38:00,ASK_DEPTH,"[(99945, 276)]"
2019-06-28 09:38:00,IMBALANCE,"[176, 276]"
2019-06-28 09:39:00,BID_DEPTH,"[(99935, 176)]"
2019-06-28 09:39:00,ASK_DEPTH,"[(99945, 176)]"
2019-06-28 09:39:00,IMBALANCE,"[176, 176]"
2019-06-28 09:40:00,BID_DEPTH,"[(99917, 176)]"
2019-06-28 09:40:00,ASK_DEPTH,"[(99945, 176)]"
2019-06-28 09:40:00,IMBALANCE,"[176, 176]"
2019-06-28 09:41:00,BID_DEPTH,"[(99808, 176)]"
2019-06-28 09:41:00,ASK_DEPTH,"[(99917, 100)]"
2019-06-28 09:41:00,IMBALANCE,"[176, 100]"
2019-06-28 09:42:00,BID_DEPTH,"[(99803, 478)]"
2019-06-28 09:42:00,ASK_DEPTH,"[(99917, 402)]"
2019-06-28 09:42:00,IMBALANCE,"[478, 402]"
2019-06-28 09:43:00,BID_DEPTH,"[(99800, 176)]"
2019-06-28 09:43:00,ASK_DEPTH,"[(99808, 176)]"
2019-06-28 09:43:00,IMBALANCE,"[176, 176]"
2019-06-28 09:44:00,BID_DEPTH,"[(99800, 289)]"
2019-06-28 09:44:00,ASK_DEPTH,"[(99808, 389)]"
2019-06-28 09:44:00,IMBALANCE,"[289, 389]"
2019-06-28 09:45:00,BID_DEPTH,"[(99732, 478)]"
2019-06-28 09:45:00,ASK_DEPTH,"[(99803, 478)]"
2019-06-28 09:45:00,IMBALANCE,"[478, 478]"
2019-06-28 09:46:00,BID_DEPTH,"[(99732, 229)]"
2019-06-28 09:46:00,ASK_DEPTH,"[(99811, 229)]"
2019-06-28 09:46:00,IMBALANCE,"[229, 229]"
2019-06-28 09:47:00,BID_DEPTH,"[(99730, 176)]"
2019-06-28 09:47:00,ASK_DEPTH,"[(99811, 176)]"
2019-06-28 09:47:00,IMBALANCE,"[176, 176]"
2019-06-28 09:48:00,BID_DEPTH,"[(99641, 478)]"
2019-06-28 09:48:00,ASK_DEPTH,"[(99811, 478)]"
2019-06-28 09:48:00,IMBALANCE,"[478, 478]"
2019-06-28 09:49:00,BID_DEPTH,"[(99641, 194)]"
2019-06-28 09:49:00,ASK_DEPTH,"[(99811, 194)]"
2019-06-28 09:49:00,IMBALANCE,"[194, 194]"
2019-06-28 09:50:00,BID_DEPTH,"[(99620, 478)]"
2019-06-28 09:50:00,ASK_DEPTH,"[(99811, 478)]"
2019-06-28 09:50:00,IMBALANCE,"[478, 478]"
2019-06-28 09:51:00,BID_DEPTH,"[(99501, 229)]"
2019-06-28 09:51:00,ASK_DEPTH,"[(99639, 229)]"
2019-06-28 09:51:00,IMBALANCE,"[229, 229]"
2019-06-28 09:52:00,BID_DEPTH,"[(99621, 194)]"
2019-06-28 09:52:00,ASK_DEPTH,"[(99639, 194)]"
2019-06-28 09:52:00,IMBALANCE,"[194, 194]"
2019-06-28 09:53:00,BID_DEPTH,"[(99501, 478)]"
2019-06-28 09:53:00,ASK_DEPTH,"[(99639, 478)]"
2019-06-28 09:53:00,IMBALANCE,"[478, 478]"
2019-06-28 09:54:00,BID_DEPTH,"[(99492, 229)]"
2019-06-28 09:54:00,ASK_DEPTH,"[(99621, 229)]"
2019-06-28 09:54:00,IMBALANCE,"[229, 229]"
2019-06-28 09:55:00,BID_DEPTH,"[(99388, 229)]"
2019-06-28 09:55:00,ASK_DEPTH,"[(99510, 229)]"
2019-06-28 09:55:00,IMBALANCE,"[229, 229]"
2019-06-28 09:56:00,BID_DEPTH,"[(99487, 289)]"
2019-06-28 09:56:00,ASK_DEPTH,"[(99510, 289)]"
2019-06-28 09:56:00,IMBALANCE,"[289, 289]"
2019-06-28 09:57:00,BID_DEPTH,"[(99487, 176)]"
2019-06-28 09:57:00,ASK_DEPTH,"[(99491, 176)]"
2019-06-28 09:57:00,IMBALANCE,"[176, 176]"
2019-06-28 09:58:00,BID_DEPTH,"[(99487, 176)]"
2019-06-28 09:58:00,ASK_DEPTH,"[(99630, 176)]"
2019-06-28 09:58:00,IMBALANCE,"[176, 176]"
2019-06-28 09:59:00,BID_DEPTH,"[(99487, 229)]"
2019-06-28 09:59:00,ASK_DEPTH,"[(99565, 229)]"
2019-06-28 09:59:00,IMBALANCE,"[229, 229]"
2019-06-28 10:00:00,BID_DEPTH,"[(99510, 478)]"
2019-06-28 10:00:00,ASK_DEPTH,"[(99565, 478)]"
2019-06-28 10:00:00,IMBALANCE,"[478, 478]"
2019-06-28 10:01:00,BID_DEPTH,"[(99554, 229)]"
2019-06-28 10:01:00,ASK_DEPTH,"[(99565, 229)]"
2019-06-28 10:01:00,IMBALANCE,"[229, 229]"
2019-06-28 10:02:00,BID_DEPTH,"[(99554, 229)]"
2019-06-28 10:02:00,ASK_DEPTH,"[(99565, 229)]"
2019-06-28 10:02:00,IMBALANCE,"[229, 229]"
2019-06-28 10:03:00,BID_DEPTH,"[(99510, 194)]"
2019-06-28 10:03:00,ASK_DEPTH,"[(99565, 194)]"
2019-06-28 10:03:00,IMBALANCE,"[194, 194]"
2019-06-28 10:04:00,BID_DEPTH,"[(99487, 176)]"
2019-06-28 10:04:00,ASK_DEPTH,"[(99565, 176)]"
2019-06-28 10:04:00,IMBALANCE,"[176, 176]"
2019-06-28 10:05:00,BID_DEPTH,"[(99487, 229)]"
2019-06-28 10:05:00,ASK_DEPTH,"[(99565, 229)]"
2019-06-28 10:05:00,IMBALANCE,"[229, 229]"
2019-06-28 10:06:00,BID_DEPTH,"[(99487, 176)]"
2019-06-28 10:06:00,ASK_DEPTH,"[(99510, 176)]"
2019-06-28 10:06:00,IMBALANCE,"[176, 176]"
2019-06-28 10:07:00,BID_DEPTH,"[(99353, 289)]"
2019-06-28 10:07:00,ASK_DEPTH,"[(99502, 389)]"
2019-06-28 10:07:00,IMBALANCE,"[289, 389]"
2019-06-28 10:08:00,BID_DEPTH,"[(99310, 578)]"
2019-06-28 10:08:00,ASK_DEPTH,"[(99502, 578)]"
2019-06-28 10:08:00,IMBALANCE,"[578, 578]"
2019-06-28 10:09:00,BID_DEPTH,"[(99310, 294)]"
2019-06-28 10:09:00,ASK_DEPTH,"[(99353, 194)]"
2019-06-28 10:09:00,IMBALANCE,"[294, 194]"
2019-06-28 10:10:00,BID_DEPTH,"[(99310, 329)]"
2019-06-28 10:10:00,ASK_DEPTH,"[(99353, 329)]"
2019-06-28 10:10:00,IMBALANCE,"[329, 329]"
2019-06-28 10:11:00,BID_DEPTH,"[(99310, 329)]"
2019-06-28 10:11:00,ASK_DEPTH,"[(99353, 329)]"
2019-06-28 10:11:00,IMBALANCE,"[329, 329]"
2019-06-28 10:12:00,BID_DEPTH,"[(99310, 229)]"
2019-06-28 10:12:00,ASK_DEPTH,"[(99353, 329)]"
2019-06-28 10:12:00,IMBALANCE,"[229, 329]"
2019-06-28 10:13:00,BID_DEPTH,"[(99310, 229)]"
2019-06-28 10:13:00,ASK_DEPTH,"[(99353, 329)]"
2019-06-28 10:13:00,IMBALANCE,"[229, 329]"
2019-06-28 10:14:00,BID_DEPTH,"[(99305, 194)]"
2019-06-28 10:14:00,ASK_DEPTH,"[(99310, 194)]"
2019-06-28 10:14:00,IMBALANCE,"[194, 194]"
2019-06-28 10:15:00,BID_DEPTH,"[(99194, 478)]"
2019-06-28 10:15:00,ASK_DEPTH,"[(99310, 678)]"
2019-06-28 10:15:00,IMBALANCE,"[478, 678]"
2019-06-28 10:16:00,BID_DEPTH,"[(99163, 289)]"
2019-06-28 10:16:00,ASK_DEPTH,"[(99310, 389)]"
2019-06-28 10:16:00,IMBALANCE,"[289, 389]"
2019-06-28 10:17:00,BID_DEPTH,"[(99163, 229)]"
2019-06-28 10:17:00,ASK_DEPTH,"[(99310, 329)]"
2019-06-28 10:17:00,IMBALANCE,"[229, 329]"
2019-06-28 10:18:00,BID_DEPTH,"[(99163, 229)]"
2019-06-28 10:18:00,ASK_DEPTH,"[(99310, 329)]"
2019-06-28 10:18:00,IMBALANCE,"[229, 329]"
2019-06-28 10:19:00,BID_DEPTH,"[(99163, 289)]"
2019-06-28 10:19:00,ASK_DEPTH,"[(99309, 289)]"
2019-06-28 10:19:00,IMBALANCE,"[289, 289]"
2019-06-28 10:20:00,BID_DEPTH,"[(99152, 478)]"
2019-06-28 10:20:00,ASK_DEPTH,"[(99308, 478)]"
2019-06-28 10:20:00,IMBALANCE,"[478, 478]"
2019-06-28 10:21:00,BID_DEPTH,"[(99152, 169)]"
2019-06-28 10:21:00,ASK_DEPTH,"[(99308, 194)]"
2019-06-28 10:21:00,IMBALANCE,"[169, 194]"
2019-06-28 10:21:00,HOLDINGS_UPDATED,"{'CASH': 10892368, 'JPM': -9}"
2019-06-28 10:22:00,BID_DEPTH,"[(99285, 204)]"
2019-06-28 10:22:00,ASK_DEPTH,"[(99308, 229)]"
2019-06-28 10:22:00,IMBALANCE,"[204, 229]"
2019-06-28 10:22:00,HOLDINGS_UPDATED,"{'CASH': 11785933, 'JPM': -18}"
2019-06-28 10:23:00,BID_DEPTH,"[(99040, 151)]"
2019-06-28 10:23:00,ASK_DEPTH,"[(99308, 176)]"
2019-06-28 10:23:00,IMBALANCE,"[151, 176]"
2019-06-28 10:23:00,HOLDINGS_UPDATED,"{'CASH': 12677293, 'JPM': -27}"
2019-06-28 10:24:00,BID_DEPTH,"[(98815, 264)]"
2019-06-28 10:24:00,ASK_DEPTH,"[(99040, 338)]"
2019-06-28 10:24:00,IMBALANCE,"[264, 338]"
2019-06-28 10:24:00,HOLDINGS_UPDATED,"{'CASH': 13566628, 'JPM': -36}"
2019-06-28 10:25:00,BID_DEPTH,"[(98570, 151)]"
2019-06-28 10:25:00,ASK_DEPTH,"[(98815, 112)]"
2019-06-28 10:25:00,IMBALANCE,"[151, 112]"
2019-06-28 10:25:00,HOLDINGS_UPDATED,"{'CASH': 14453758, 'JPM': -45}"
2019-06-28 10:26:00,BID_DEPTH,"[(98528, 264)]"
2019-06-28 10:26:00,ASK_DEPTH,"[(98570, 389)]"
2019-06-28 10:26:00,IMBALANCE,"[264, 389]"
2019-06-28 10:26:00,HOLDINGS_UPDATED,"{'CASH': 15340510, 'JPM': -54}"
2019-06-28 10:27:00,BID_DEPTH,"[(98528, 151)]"
2019-06-28 10:27:00,ASK_DEPTH,"[(98570, 176)]"
2019-06-28 10:27:00,IMBALANCE,"[151, 176]"
2019-06-28 10:27:00,HOLDINGS_UPDATED,"{'CASH': 16227262, 'JPM': -63}"
2019-06-28 10:28:00,BID_DEPTH,"[(98458, 169)]"
2019-06-28 10:28:00,ASK_DEPTH,"[(98620, 194)]"
2019-06-28 10:28:00,IMBALANCE,"[169, 194]"
2019-06-28 10:28:00,HOLDINGS_UPDATED,"{'CASH': 17113384, 'JPM': -72}"
2019-06-28 10:29:00,BID_DEPTH,"[(98458, 553)]"
2019-06-28 10:29:00,ASK_DEPTH,"[(98701, 478)]"
2019-06-28 10:29:00,IMBALANCE,"[553, 478]"
2019-06-28 10:29:00,HOLDINGS_UPDATED,"{'CASH': 17999506, 'JPM': -81}"
2019-06-28 10:30:00,BID_DEPTH,"[(98504, 169)]"
2019-06-28 10:30:00,ASK_DEPTH,"[(98701, 194)]"
2019-06-28 10:30:00,IMBALANCE,"[169, 194]"
2019-06-28 10:30:00,HOLDINGS_UPDATED,"{'CASH': 18886042, 'JPM': -90}"
2019-06-28 10:31:00,BID_DEPTH,"[(98472, 453)]"
2019-06-28 10:31:00,ASK_DEPTH,"[(98584, 478)]"
2019-06-28 10:31:00,IMBALANCE,"[453, 478]"
2019-06-28 10:31:00,HOLDINGS_UPDATED,"{'CASH': 19772290, 'JPM': -99}"
2019-06-28 10:32:00,BID_DEPTH,"[(98458, 179)]"
2019-06-28 10:32:00,ASK_DEPTH,"[(98464, 229)]"
2019-06-28 10:32:00,IMBALANCE,"[179, 229]"
2019-06-28 10:32:00,HOLDINGS_UPDATED,"{'CASH': 20658412, 'JPM': -108}"
2019-06-28 10:33:00,BID_DEPTH,"[(98441, 151)]"
2019-06-28 10:33:00,ASK_DEPTH,"[(98464, 176)]"
2019-06-28 10:33:00,IMBALANCE,"[151, 176]"
2019-06-28 10:33:00,HOLDINGS_UPDATED,"{'CASH': 21544381, 'JPM': -117}"
2019-06-28 10:34:00,BID_DEPTH,"[(98441, 169)]"
2019-06-28 10:34:00,ASK_DEPTH,"[(98472, 294)]"
2019-06-28 10:34:00,IMBALANCE,"[169, 294]"
2019-06-28 10:34:00,HOLDINGS_UPDATED,"{'CASH': 22430350, 'JPM': -126}"
2019-06-28 10:35:00,BID_DEPTH,"[(98414, 151)]"
2019-06-28 10:35:00,ASK_DEPTH,"[(98471, 176)]"
2019-06-28 10:35:00,IMBALANCE,"[151, 176]"
2019-06-28 10:35:00,HOLDINGS_UPDATED,"{'CASH': 23316076, 'JPM': -135}"
2019-06-28 10:36:00,BID_DEPTH,"[(98471, 264)]"
2019-06-28 10:36:00,ASK_DEPTH,"[(98490, 289)]"
2019-06-28 10:36:00,IMBALANCE,"[264, 289]"
2019-06-28 10:36:00,HOLDINGS_UPDATED,"{'CASH': 24202315, 'JPM': -144}"
2019-06-28 10:37:00,BID_DEPTH,"[(98353, 264)]"
2019-06-28 10:37:00,ASK_DEPTH,"[(98489, 389)]"
2019-06-28 10:37:00,IMBALANCE,"[264, 389]"
2019-06-28 10:37:00,HOLDINGS_UPDATED,"{'CASH': 25087492, 'JPM': -153}"
2019-06-28 10:38:00,BID_DEPTH,"[(98441, 264)]"
2019-06-28 10:38:00,ASK_DEPTH,"[(98489, 389)]"
2019-06-28 10:38:00,IMBALANCE,"[264, 389]"
2019-06-28 10:38:00,HOLDINGS_UPDATED,"{'CASH': 25973461, 'JPM': -162}"
2019-06-28 10:39:00,BID_DEPTH,"[(98447, 453)]"
2019-06-28 10:39:00,ASK_DEPTH,"[(98489, 478)]"
2019-06-28 10:39:00,IMBALANCE,"[453, 478]"
2019-06-28 10:39:00,HOLDINGS_UPDATED,"{'CASH': 26859484, 'JPM': -171}"
2019-06-28 10:40:00,BID_DEPTH,"[(98527, 453)]"
2019-06-28 10:40:00,ASK_DEPTH,"[(98907, 478)]"
2019-06-28 10:40:00,IMBALANCE,"[453, 478]"
2019-06-28 10:40:00,HOLDINGS_UPDATED,"{'CASH': 27746227, 'JPM': -180}"
2019-06-28 10:41:00,BID_DEPTH,"[(98441, 269)]"
2019-06-28 10:41:00,ASK_DEPTH,"[(99040, 194)]"
2019-06-28 10:41:00,IMBALANCE,"[269, 194]"
2019-06-28 10:41:00,HOLDINGS_UPDATED,"{'CASH': 28632196, 'JPM': -189}"
2019-06-28 10:42:00,BID_DEPTH,"[(98441, 126)]"
2019-06-28 10:42:00,ASK_DEPTH,"[(99172, 176)]"
2019-06-28 10:42:00,IMBALANCE,"[126, 176]"
2019-06-28 10:42:00,HOLDINGS_UPDATED,"{'CASH': 29518165, 'JPM': -198}"
2019-06-28 10:43:00,BID_DEPTH,"[(98353, 264)]"
2019-06-28 10:43:00,ASK_DEPTH,"[(99260, 289)]"
2019-06-28 10:43:00,IMBALANCE,"[264, 289]"
2019-06-28 10:43:00,HOLDINGS_UPDATED,"{'CASH': 30403342, 'JPM': -207}"
2019-06-28 10:44:00,BID_DEPTH,"[(98066, 264)]"
2019-06-28 10:44:00,ASK_DEPTH,"[(99260, 289)]"
2019-06-28 10:44:00,IMBALANCE,"[264, 289]"
2019-06-28 10:44:00,HOLDINGS_UPDATED,"{'CASH': 31285936, 'JPM': -216}"
2019-06-28 10:45:00,BID_DEPTH,"[(98066, 364)]"
2019-06-28 10:45:00,ASK_DEPTH,"[(99260, 289)]"
2019-06-28 10:45:00,IMBALANCE,"[364, 289]"
2019-06-28 10:45:00,HOLDINGS_UPDATED,"{'CASH': 32168530, 'JPM': -225}"
2019-06-28 10:46:00,BID_DEPTH,"[(99197, 151)]"
2019-06-28 10:46:00,ASK_DEPTH,"[(99260, 176)]"
2019-06-28 10:46:00,IMBALANCE,"[151, 176]"
2019-06-28 10:46:00,HOLDINGS_UPDATED,"{'CASH': 33061303, 'JPM': -234}"
2019-06-28 10:47:00,BID_DEPTH,"[(99197, 151)]"
2019-06-28 10:47:00,ASK_DEPTH,"[(99308, 176)]"
2019-06-28 10:47:00,IMBALANCE,"[151, 176]"
2019-06-28 10:47:00,HOLDINGS_UPDATED,"{'CASH': 33954076, 'JPM': -243}"
2019-06-28 10:48:00,BID_DEPTH,"[(99127, 151)]"
2019-06-28 10:48:00,ASK_DEPTH,"[(99448, 176)]"
2019-06-28 10:48:00,IMBALANCE,"[151, 176]"
2019-06-28 10:48:00,HOLDINGS_UPDATED,"{'CASH': 34846219, 'JPM': -252}"
2019-06-28 10:49:00,BID_DEPTH,"[(99127, 169)]"
2019-06-28 10:49:00,ASK_DEPTH,"[(99638, 194)]"
2019-06-28 10:49:00,IMBALANCE,"[169, 194]"
2019-06-28 10:49:00,HOLDINGS_UPDATED,"{'CASH': 35738362, 'JPM': -261}"
2019-06-28 10:50:00,BID_DEPTH,"[(99084, 264)]"
2019-06-28 10:50:00,ASK_DEPTH,"[(99864, 289)]"
2019-06-28 10:50:00,IMBALANCE,"[264, 289]"
2019-06-28 10:50:00,HOLDINGS_UPDATED,"{'CASH': 36630118, 'JPM': -270}"
2019-06-28 10:51:00,BID_DEPTH,"[(99084, 453)]"
2019-06-28 10:51:00,ASK_DEPTH,"[(100092, 478)]"
2019-06-28 10:51:00,IMBALANCE,"[453, 478]"
2019-06-28 10:51:00,HOLDINGS_UPDATED,"{'CASH': 37521874, 'JPM': -279}"
2019-06-28 10:52:00,BID_DEPTH,"[(100075, 204)]"
2019-06-28 10:52:00,ASK_DEPTH,"[(100092, 229)]"
2019-06-28 10:52:00,IMBALANCE,"[204, 229]"
2019-06-28 10:52:00,HOLDINGS_UPDATED,"{'CASH': 38422549, 'JPM': -288}"
2019-06-28 10:53:00,BID_DEPTH,"[(99948, 204)]"
2019-06-28 10:53:00,ASK_DEPTH,"[(100081, 229)]"
2019-06-28 10:53:00,IMBALANCE,"[204, 229]"
2019-06-28 10:53:00,HOLDINGS_UPDATED,"{'CASH': 39322081, 'JPM': -297}"
2019-06-28 10:54:00,BID_DEPTH,"[(100081, 384)]"
2019-06-28 10:54:00,ASK_DEPTH,"[(100134, 453)]"
2019-06-28 10:54:00,IMBALANCE,"[384, 453]"
2019-06-28 10:54:00,HOLDINGS_UPDATED,"{'CASH': 38420875, 'JPM': -288}"
2019-06-28 10:55:00,BID_DEPTH,"[(100021, 229)]"
2019-06-28 10:55:00,ASK_DEPTH,"[(100134, 204)]"
2019-06-28 10:55:00,IMBALANCE,"[229, 204]"
2019-06-28 10:55:00,HOLDINGS_UPDATED,"{'CASH': 37519669, 'JPM': -279}"
2019-06-28 10:56:00,BID_DEPTH,"[(100021, 289)]"
2019-06-28 10:56:00,ASK_DEPTH,"[(100134, 364)]"
2019-06-28 10:56:00,IMBALANCE,"[289, 364]"
2019-06-28 10:56:00,HOLDINGS_UPDATED,"{'CASH': 36618463, 'JPM': -270}"
2019-06-28 10:57:00,BID_DEPTH,"[(99968, 478)]"
2019-06-28 10:57:00,ASK_DEPTH,"[(100134, 428)]"
2019-06-28 10:57:00,IMBALANCE,"[478, 428]"
2019-06-28 10:57:00,HOLDINGS_UPDATED,"{'CASH': 35717257, 'JPM': -261}"
2019-06-28 10:58:00,BID_DEPTH,"[(99771, 194)]"
2019-06-28 10:58:00,ASK_DEPTH,"[(100134, 169)]"
2019-06-28 10:58:00,IMBALANCE,"[194, 169]"
2019-06-28 10:58:00,HOLDINGS_UPDATED,"{'CASH': 34816051, 'JPM': -252}"
2019-06-28 10:59:00,BID_DEPTH,"[(99771, 289)]"
2019-06-28 10:59:00,ASK_DEPTH,"[(100134, 264)]"
2019-06-28 10:59:00,IMBALANCE,"[289, 264]"
2019-06-28 10:59:00,HOLDINGS_UPDATED,"{'CASH': 33914845, 'JPM': -243}"
2019-06-28 11:00:00,BID_DEPTH,"[(99084, 478)]"
2019-06-28 11:00:00,ASK_DEPTH,"[(100134, 453)]"
2019-06-28 11:00:00,IMBALANCE,"[478, 453]"
2019-06-28 11:00:00,HOLDINGS_UPDATED,"{'CASH': 33013639, 'JPM': -234}"
2019-06-28 11:01:00,BID_DEPTH,"[(98864, 194)]"
2019-06-28 11:01:00,ASK_DEPTH,"[(99084, 75)]"
2019-06-28 11:01:00,IMBALANCE,"[194, 75]"
2019-06-28 11:01:00,HOLDINGS_UPDATED,"{'CASH': 32121883, 'JPM': -225}"
2019-06-28 11:02:00,BID_DEPTH,"[(98316, 289)]"
2019-06-28 11:02:00,ASK_DEPTH,"[(100138, 339)]"
2019-06-28 11:02:00,IMBALANCE,"[289, 339]"
2019-06-28 11:02:00,HOLDINGS_UPDATED,"{'CASH': 31220641, 'JPM': -216}"
2019-06-28 11:03:00,BID_DEPTH,"[(97985, 176)]"
2019-06-28 11:03:00,ASK_DEPTH,"[(100138, 101)]"
2019-06-28 11:03:00,IMBALANCE,"[176, 101]"
2019-06-28 11:03:00,HOLDINGS_UPDATED,"{'CASH': 30319399, 'JPM': -207}"
2019-06-28 11:04:00,BID_DEPTH,"[(97985, 176)]"
2019-06-28 11:04:00,ASK_DEPTH,"[(98525, 151)]"
2019-06-28 11:04:00,IMBALANCE,"[176, 151]"
2019-06-28 11:04:00,HOLDINGS_UPDATED,"{'CASH': 29432674, 'JPM': -198}"
2019-06-28 11:05:00,BID_DEPTH,"[(98525, 194)]"
2019-06-28 11:05:00,ASK_DEPTH,"[(98530, 169)]"
2019-06-28 11:05:00,IMBALANCE,"[194, 169]"
2019-06-28 11:05:00,HOLDINGS_UPDATED,"{'CASH': 28545904, 'JPM': -189}"
2019-06-28 11:06:00,BID_DEPTH,"[(98530, 194)]"
2019-06-28 11:06:00,ASK_DEPTH,"[(99164, 169)]"
2019-06-28 11:06:00,IMBALANCE,"[194, 169]"
2019-06-28 11:06:00,HOLDINGS_UPDATED,"{'CASH': 27653428, 'JPM': -180}"
2019-06-28 11:07:00,BID_DEPTH,"[(99241, 176)]"
2019-06-28 11:07:00,ASK_DEPTH,"[(99270, 151)]"
2019-06-28 11:07:00,IMBALANCE,"[176, 151]"
2019-06-28 11:07:00,HOLDINGS_UPDATED,"{'CASH': 26759998, 'JPM': -171}"
2019-06-28 11:08:00,BID_DEPTH,"[(99270, 476)]"
2019-06-28 11:08:00,ASK_DEPTH,"[(99339, 151)]"
2019-06-28 11:08:00,IMBALANCE,"[476, 151]"
2019-06-28 11:08:00,HOLDINGS_UPDATED,"{'CASH': 25865947, 'JPM': -162}"
2019-06-28 11:09:00,BID_DEPTH,"[(99270, 778)]"
2019-06-28 11:09:00,ASK_DEPTH,"[(99477, 453)]"
2019-06-28 11:09:00,IMBALANCE,"[778, 453]"
2019-06-28 11:09:00,HOLDINGS_UPDATED,"{'CASH': 24970654, 'JPM': -153}"
2019-06-28 11:10:00,BID_DEPTH,"[(99477, 578)]"
2019-06-28 11:10:00,ASK_DEPTH,"[(99949, 453)]"
2019-06-28 11:10:00,IMBALANCE,"[578, 453]"
2019-06-28 11:10:00,HOLDINGS_UPDATED,"{'CASH': 24071113, 'JPM': -144}"
2019-06-28 11:11:00,BID_DEPTH,"[(99477, 389)]"
2019-06-28 11:11:00,ASK_DEPTH,"[(99508, 264)]"
2019-06-28 11:11:00,IMBALANCE,"[389, 264]"
2019-06-28 11:11:00,HOLDINGS_UPDATED,"{'CASH': 23175541, 'JPM': -135}"
2019-06-28 11:12:00,BID_DEPTH,"[(99477, 294)]"
2019-06-28 11:12:00,ASK_DEPTH,"[(99534, 169)]"
2019-06-28 11:12:00,IMBALANCE,"[294, 169]"
2019-06-28 11:12:00,HOLDINGS_UPDATED,"{'CASH': 22279735, 'JPM': -126}"
2019-06-28 11:13:00,BID_DEPTH,"[(99534, 260)]"
2019-06-28 11:13:00,ASK_DEPTH,"[(99845, 204)]"
2019-06-28 11:13:00,IMBALANCE,"[260, 204]"
2019-06-28 11:13:00,HOLDINGS_UPDATED,"{'CASH': 21381130, 'JPM': -117}"
2019-06-28 11:14:00,BID_DEPTH,"[(99845, 176)]"
2019-06-28 11:14:00,ASK_DEPTH,"[(99894, 151)]"
2019-06-28 11:14:00,IMBALANCE,"[176, 151]"
2019-06-28 11:14:00,HOLDINGS_UPDATED,"{'CASH': 20482084, 'JPM': -108}"
2019-06-28 11:15:00,BID_DEPTH,"[(99845, 194)]"
2019-06-28 11:15:00,ASK_DEPTH,"[(99971, 169)]"
2019-06-28 11:15:00,IMBALANCE,"[194, 169]"
2019-06-28 11:15:00,HOLDINGS_UPDATED,"{'CASH': 19582345, 'JPM': -99}"
2019-06-28 11:16:00,BID_DEPTH,"[(99971, 107)]"
2019-06-28 11:16:00,ASK_DEPTH,"[(100186, 151)]"
2019-06-28 11:16:00,IMBALANCE,"[107, 151]"
2019-06-28 11:16:00,HOLDINGS_UPDATED,"{'CASH': 18680671, 'JPM': -90}"
2019-06-28 11:17:00,BID_DEPTH,"[(100186, 229)]"
2019-06-28 11:17:00,ASK_DEPTH,"[(100229, 204)]"
2019-06-28 11:17:00,IMBALANCE,"[229, 204]"
2019-06-28 11:17:00,HOLDINGS_UPDATED,"{'CASH': 17778610, 'JPM': -81}"
2019-06-28 11:18:00,BID_DEPTH,"[(100186, 478)]"
2019-06-28 11:18:00,ASK_DEPTH,"[(100348, 453)]"
2019-06-28 11:18:00,IMBALANCE,"[478, 453]"
2019-06-28 11:18:00,HOLDINGS_UPDATED,"{'CASH': 16875478, 'JPM': -72}"
2019-06-28 11:19:00,BID_DEPTH,"[(100187, 289)]"
2019-06-28 11:19:00,ASK_DEPTH,"[(100335, 264)]"
2019-06-28 11:19:00,IMBALANCE,"[289, 264]"
2019-06-28 11:19:00,HOLDINGS_UPDATED,"{'CASH': 15972463, 'JPM': -63}"
2019-06-28 11:20:00,BID_DEPTH,"[(100159, 229)]"
2019-06-28 11:20:00,ASK_DEPTH,"[(100347, 204)]"
2019-06-28 11:20:00,IMBALANCE,"[229, 204]"
2019-06-28 11:20:00,HOLDINGS_UPDATED,"{'CASH': 15069340, 'JPM': -54}"
2019-06-28 11:21:00,BID_DEPTH,"[(100120, 289)]"
2019-06-28 11:21:00,ASK_DEPTH,"[(100348, 264)]"
2019-06-28 11:21:00,IMBALANCE,"[289, 264]"
2019-06-28 11:21:00,HOLDINGS_UPDATED,"{'CASH': 14166208, 'JPM': -45}"
2019-06-28 11:22:00,BID_DEPTH,"[(100120, 289)]"
2019-06-28 11:22:00,ASK_DEPTH,"[(100348, 264)]"
2019-06-28 11:22:00,IMBALANCE,"[289, 264]"
2019-06-28 11:22:00,HOLDINGS_UPDATED,"{'CASH': 13263076, 'JPM': -36}"
2019-06-28 11:23:00,BID_DEPTH,"[(99865, 478)]"
2019-06-28 11:23:00,ASK_DEPTH,"[(100348, 453)]"
2019-06-28 11:23:00,IMBALANCE,"[478, 453]"
2019-06-28 11:23:00,HOLDINGS_UPDATED,"{'CASH': 12359944, 'JPM': -27}"
2019-06-28 11:24:00,BID_DEPTH,"[(99534, 225)]"
2019-06-28 11:24:00,ASK_DEPTH,"[(100349, 169)]"
2019-06-28 11:24:00,IMBALANCE,"[225, 169]"
2019-06-28 11:24:00,HOLDINGS_UPDATED,"{'CASH': 11456803, 'JPM': -18}"
2019-06-28 11:25:00,BID_DEPTH,"[(99534, 360)]"
2019-06-28 11:25:00,ASK_DEPTH,"[(100349, 504)]"
2019-06-28 11:25:00,IMBALANCE,"[360, 504]"
2019-06-28 11:25:00,HOLDINGS_UPDATED,"{'CASH': 10553662, 'JPM': -9}"
2019-06-28 11:26:00,BID_DEPTH,"[(99534, 325)]"
2019-06-28 11:26:00,ASK_DEPTH,"[(100349, 344)]"
2019-06-28 11:26:00,IMBALANCE,"[325, 344]"
2019-06-28 11:26:00,HOLDINGS_UPDATED,{'CASH': 9650521}
2019-06-28 11:27:00,BID_DEPTH,"[(100327, 194)]"
2019-06-28 11:27:00,ASK_DEPTH,"[(100349, 119)]"
2019-06-28 11:27:00,IMBALANCE,"[194, 119]"
2019-06-28 11:27:00,HOLDINGS_UPDATED,"{'CASH': 8747380, 'JPM': 9}"
2019-06-28 11:28:00,BID_DEPTH,"[(100327, 229)]"
2019-06-28 11:28:00,ASK_DEPTH,"[(100400, 204)]"
2019-06-28 11:28:00,IMBALANCE,"[229, 204]"
2019-06-28 11:28:00,HOLDINGS_UPDATED,"{'CASH': 7843780, 'JPM': 18}"
2019-06-28 11:29:00,BID_DEPTH,"[(99534, 389)]"
2019-06-28 11:29:00,ASK_DEPTH,"[(100400, 264)]"
2019-06-28 11:29:00,IMBALANCE,"[389, 264]"
2019-06-28 11:29:00,HOLDINGS_UPDATED,"{'CASH': 6940180, 'JPM': 27}"
2019-06-28 11:30:00,BID_DEPTH,"[(99477, 578)]"
2019-06-28 11:30:00,ASK_DEPTH,"[(99534, 377)]"
2019-06-28 11:30:00,IMBALANCE,"[578, 377]"
2019-06-28 11:30:00,HOLDINGS_UPDATED,"{'CASH': 6044374, 'JPM': 36}"
2019-06-28 11:31:00,BID_DEPTH,"[(99629, 194)]"
2019-06-28 11:31:00,ASK_DEPTH,"[(100462, 169)]"
2019-06-28 11:31:00,IMBALANCE,"[194, 169]"
2019-06-28 11:31:00,HOLDINGS_UPDATED,"{'CASH': 5140216, 'JPM': 45}"
2019-06-28 11:32:00,BID_DEPTH,"[(99782, 229)]"
2019-06-28 11:32:00,ASK_DEPTH,"[(100462, 204)]"
2019-06-28 11:32:00,IMBALANCE,"[229, 204]"
2019-06-28 11:32:00,HOLDINGS_UPDATED,"{'CASH': 4236058, 'JPM': 54}"
2019-06-28 11:33:00,BID_DEPTH,"[(99782, 478)]"
2019-06-28 11:33:00,ASK_DEPTH,"[(99788, 453)]"
2019-06-28 11:33:00,IMBALANCE,"[478, 453]"
2019-06-28 11:33:00,HOLDINGS_UPDATED,"{'CASH': 3337966, 'JPM': 63}"
2019-06-28 11:34:00,BID_DEPTH,"[(99788, 229)]"
2019-06-28 11:34:00,ASK_DEPTH,"[(100337, 204)]"
2019-06-28 11:34:00,IMBALANCE,"[229, 204]"
2019-06-28 11:34:00,HOLDINGS_UPDATED,"{'CASH': 2434933, 'JPM': 72}"
2019-06-28 11:35:00,BID_DEPTH,"[(99788, 194)]"
2019-06-28 11:35:00,ASK_DEPTH,"[(100462, 169)]"
2019-06-28 11:35:00,IMBALANCE,"[194, 169]"
2019-06-28 11:35:00,HOLDINGS_UPDATED,"{'CASH': 1530775, 'JPM': 81}"
2019-06-28 11:36:00,BID_DEPTH,"[(100462, 194)]"
2019-06-28 11:36:00,ASK_DEPTH,"[(100537, 169)]"
2019-06-28 11:36:00,IMBALANCE,"[194, 169]"
2019-06-28 11:36:00,HOLDINGS_UPDATED,"{'CASH': 625942, 'JPM': 90}"
2019-06-28 11:37:00,BID_DEPTH,"[(99880, 176)]"
2019-06-28 11:37:00,ASK_DEPTH,"[(100222, 151)]"
2019-06-28 11:37:00,IMBALANCE,"[176, 151]"
2019-06-28 11:37:00,HOLDINGS_UPDATED,"{'CASH': -276056, 'JPM': 99}"
2019-06-28 11:38:00,BID_DEPTH,"[(99928, 289)]"
2019-06-28 11:38:00,ASK_DEPTH,"[(100089, 264)]"
2019-06-28 11:38:00,IMBALANCE,"[289, 264]"
2019-06-28 11:38:00,HOLDINGS_UPDATED,"{'CASH': -1176857, 'JPM': 108}"
2019-06-28 11:39:00,BID_DEPTH,"[(99928, 229)]"
2019-06-28 11:39:00,ASK_DEPTH,"[(100537, 304)]"
2019-06-28 11:39:00,IMBALANCE,"[229, 304]"
2019-06-28 11:39:00,HOLDINGS_UPDATED,"{'CASH': -2081690, 'JPM': 117}"
2019-06-28 11:40:00,BID_DEPTH,"[(100614, 194)]"
2019-06-28 11:40:00,ASK_DEPTH,"[(100639, 169)]"
2019-06-28 11:40:00,IMBALANCE,"[194, 169]"
2019-06-28 11:40:00,HOLDINGS_UPDATED,"{'CASH': -2987441, 'JPM': 126}"
2019-06-28 11:41:00,BID_DEPTH,"[(100480, 176)]"
2019-06-28 11:41:00,ASK_DEPTH,"[(100639, 151)]"
2019-06-28 11:41:00,IMBALANCE,"[176, 151]"
2019-06-28 11:41:00,HOLDINGS_UPDATED,"{'CASH': -3893192, 'JPM': 135}"
2019-06-28 11:42:00,BID_DEPTH,"[(100480, 478)]"
2019-06-28 11:42:00,ASK_DEPTH,"[(100793, 453)]"
2019-06-28 11:42:00,IMBALANCE,"[478, 453]"
2019-06-28 11:42:00,HOLDINGS_UPDATED,"{'CASH': -4800329, 'JPM': 144}"
2019-06-28 11:43:00,BID_DEPTH,"[(100551, 194)]"
2019-06-28 11:43:00,ASK_DEPTH,"[(100951, 169)]"
2019-06-28 11:43:00,IMBALANCE,"[194, 169]"
2019-06-28 11:43:00,HOLDINGS_UPDATED,"{'CASH': -5708888, 'JPM': 153}"
2019-06-28 11:44:00,BID_DEPTH,"[(100870, 194)]"
2019-06-28 11:44:00,ASK_DEPTH,"[(100980, 169)]"
2019-06-28 11:44:00,IMBALANCE,"[194, 169]"
2019-06-28 11:44:00,HOLDINGS_UPDATED,"{'CASH': -6617708, 'JPM': 162}"
2019-06-28 11:45:00,BID_DEPTH,"[(100870, 100)]"
2019-06-28 11:45:00,ASK_DEPTH,[]
2019-06-28 11:45:00,IMBALANCE,"[100, 0]"
2019-06-28 11:46:00,BID_DEPTH,"[(101211, 100)]"
2019-06-28 11:46:00,ASK_DEPTH,[]
2019-06-28 11:46:00,IMBALANCE,"[100, 0]"
2019-06-28 11:47:00,BID_DEPTH,"[(101211, 176)]"
2019-06-28 11:47:00,ASK_DEPTH,"[(101267, 151)]"
2019-06-28 11:47:00,IMBALANCE,"[176, 151]"
2019-06-28 11:47:00,HOLDINGS_UPDATED,"{'CASH': -7529111, 'JPM': 171}"
2019-06-28 11:48:00,BID_DEPTH,"[(101267, 176)]"
2019-06-28 11:48:00,ASK_DEPTH,"[(101662, 151)]"
2019-06-28 11:48:00,IMBALANCE,"[176, 151]"
2019-06-28 11:48:00,HOLDINGS_UPDATED,"{'CASH': -8444069, 'JPM': 180}"
2019-06-28 11:49:00,BID_DEPTH,"[(101267, 176)]"
2019-06-28 11:49:00,ASK_DEPTH,"[(101444, 151)]"
2019-06-28 11:49:00,IMBALANCE,"[176, 151]"
2019-06-28 11:49:00,HOLDINGS_UPDATED,"{'CASH': -9357065, 'JPM': 189}"
2019-06-28 11:50:00,BID_DEPTH,"[(101267, 176)]"
2019-06-28 11:50:00,ASK_DEPTH,"[(101521, 151)]"
2019-06-28 11:50:00,IMBALANCE,"[176, 151]"
2019-06-28 11:50:00,HOLDINGS_UPDATED,"{'CASH': -10270754, 'JPM': 198}"
2019-06-28 11:51:00,BID_DEPTH,"[(101267, 478)]"
2019-06-28 11:51:00,ASK_DEPTH,"[(101641, 453)]"
2019-06-28 11:51:00,IMBALANCE,"[478, 453]"
2019-06-28 11:51:00,HOLDINGS_UPDATED,"{'CASH': -11185523, 'JPM': 207}"
2019-06-28 11:52:00,BID_DEPTH,"[(101610, 478)]"
2019-06-28 11:52:00,ASK_DEPTH,"[(101778, 453)]"
2019-06-28 11:52:00,IMBALANCE,"[478, 453]"
2019-06-28 11:52:00,HOLDINGS_UPDATED,"{'CASH': -12101525, 'JPM': 216}"
2019-06-28 11:53:00,BID_DEPTH,"[(101552, 289)]"
2019-06-28 11:53:00,ASK_DEPTH,"[(101778, 364)]"
2019-06-28 11:53:00,IMBALANCE,"[289, 364]"
2019-06-28 11:53:00,HOLDINGS_UPDATED,"{'CASH': -13017527, 'JPM': 225}"
2019-06-28 11:54:00,BID_DEPTH,"[(101542, 194)]"
2019-06-28 11:54:00,ASK_DEPTH,"[(101778, 244)]"
2019-06-28 11:54:00,IMBALANCE,"[194, 244]"
2019-06-28 11:54:00,HOLDINGS_UPDATED,"{'CASH': -13933529, 'JPM': 234}"
2019-06-28 11:55:00,BID_DEPTH,"[(101471, 194)]"
2019-06-28 11:55:00,ASK_DEPTH,"[(101777, 169)]"
2019-06-28 11:55:00,IMBALANCE,"[194, 169]"
2019-06-28 11:55:00,HOLDINGS_UPDATED,"{'CASH': -14849522, 'JPM': 243}"
2019-06-28 11:56:00,BID_DEPTH,"[(101339, 229)]"
2019-06-28 11:56:00,ASK_DEPTH,"[(101794, 204)]"
2019-06-28 11:56:00,IMBALANCE,"[229, 204]"
2019-06-28 11:56:00,HOLDINGS_UPDATED,"{'CASH': -15765668, 'JPM': 252}"
2019-06-28 11:57:00,BID_DEPTH,"[(101144, 194)]"
2019-06-28 11:57:00,ASK_DEPTH,"[(101794, 269)]"
2019-06-28 11:57:00,IMBALANCE,"[194, 269]"
2019-06-28 11:57:00,HOLDINGS_UPDATED,"{'CASH': -16681814, 'JPM': 261}"
2019-06-28 11:58:00,BID_DEPTH,"[(100891, 176)]"
2019-06-28 11:58:00,ASK_DEPTH,"[(101794, 126)]"
2019-06-28 11:58:00,IMBALANCE,"[176, 126]"
2019-06-28 11:58:00,HOLDINGS_UPDATED,"{'CASH': -17597960, 'JPM': 270}"
2019-06-28 11:59:00,BID_DEPTH,"[(100889, 478)]"
2019-06-28 11:59:00,ASK_DEPTH,"[(101801, 453)]"
2019-06-28 11:59:00,IMBALANCE,"[478, 453]"
2019-06-28 11:59:00,HOLDINGS_UPDATED,"{'CASH': -18514169, 'JPM': 279}"
2019-06-28 12:00:00,BID_DEPTH,"[(100889, 176)]"
2019-06-28 12:00:00,ASK_DEPTH,"[(101397, 151)]"
2019-06-28 12:00:00,IMBALANCE,"[176, 151]"
2019-06-28 12:00:00,HOLDINGS_UPDATED,"{'CASH': -19426742, 'JPM': 288}"
2019-06-28 12:01:00,BID_DEPTH,"[(100889, 229)]"
2019-06-28 12:01:00,ASK_DEPTH,"[(101598, 204)]"
2019-06-28 12:01:00,IMBALANCE,"[229, 204]"
2019-06-28 12:01:00,HOLDINGS_UPDATED,"{'CASH': -20341124, 'JPM': 297}"
2019-06-28 12:02:00,BID_DEPTH,"[(101786, 176)]"
2019-06-28 12:02:00,ASK_DEPTH,"[(101816, 151)]"
2019-06-28 12:02:00,IMBALANCE,"[176, 151]"
2019-06-28 12:02:00,HOLDINGS_UPDATED,"{'CASH': -21257468, 'JPM': 306}"
2019-06-28 12:03:00,BID_DEPTH,"[(101598, 329)]"
2019-06-28 12:03:00,ASK_DEPTH,"[(101822, 204)]"
2019-06-28 12:03:00,IMBALANCE,"[329, 204]"
2019-06-28 12:03:00,HOLDINGS_UPDATED,"{'CASH': -22173866, 'JPM': 315}"
2019-06-28 12:04:00,BID_DEPTH,"[(101598, 294)]"
2019-06-28 12:04:00,ASK_DEPTH,"[(102011, 169)]"
2019-06-28 12:04:00,IMBALANCE,"[294, 169]"
2019-06-28 12:04:00,HOLDINGS_UPDATED,"{'CASH': -23091965, 'JPM': 324}"
2019-06-28 12:05:00,BID_DEPTH,"[(101598, 200)]"
2019-06-28 12:05:00,ASK_DEPTH,[]
2019-06-28 12:05:00,IMBALANCE,"[200, 0]"
2019-06-28 12:06:00,BID_DEPTH,"[(101598, 176)]"
2019-06-28 12:06:00,ASK_DEPTH,"[(102011, 151)]"
2019-06-28 12:06:00,IMBALANCE,"[176, 151]"
2019-06-28 12:06:00,HOLDINGS_UPDATED,"{'CASH': -24010064, 'JPM': 333}"
2019-06-28 12:07:00,BID_DEPTH,"[(101091, 100)]"
2019-06-28 12:07:00,ASK_DEPTH,[]
2019-06-28 12:07:00,IMBALANCE,"[100, 0]"
2019-06-28 12:08:00,BID_DEPTH,"[(101091, 100)]"
2019-06-28 12:08:00,ASK_DEPTH,[]
2019-06-28 12:08:00,IMBALANCE,"[100, 0]"
2019-06-28 12:09:00,BID_DEPTH,"[(100989, 176)]"
2019-06-28 12:09:00,ASK_DEPTH,"[(101464, 251)]"
2019-06-28 12:09:00,IMBALANCE,"[176, 251]"
2019-06-28 12:09:00,HOLDINGS_UPDATED,"{'CASH': -24923240, 'JPM': 342}"
2019-06-28 12:10:00,BID_DEPTH,"[(100989, 478)]"
2019-06-28 12:10:00,ASK_DEPTH,"[(101464, 728)]"
2019-06-28 12:10:00,IMBALANCE,"[478, 728]"
2019-06-28 12:10:00,HOLDINGS_UPDATED,"{'CASH': -25836416, 'JPM': 351}"
2019-06-28 12:11:00,BID_DEPTH,"[(100584, 194)]"
2019-06-28 12:11:00,ASK_DEPTH,"[(101464, 319)]"
2019-06-28 12:11:00,IMBALANCE,"[194, 319]"
2019-06-28 12:11:00,HOLDINGS_UPDATED,"{'CASH': -26749592, 'JPM': 360}"
2019-06-28 12:12:00,BID_DEPTH,"[(100584, 194)]"
2019-06-28 12:12:00,ASK_DEPTH,"[(101464, 269)]"
2019-06-28 12:12:00,IMBALANCE,"[194, 269]"
2019-06-28 12:12:00,HOLDINGS_UPDATED,"{'CASH': -27662768, 'JPM': 369}"
2019-06-28 12:13:00,BID_DEPTH,"[(100584, 194)]"
2019-06-28 12:13:00,ASK_DEPTH,"[(101464, 444)]"
2019-06-28 12:13:00,IMBALANCE,"[194, 444]"
2019-06-28 12:13:00,HOLDINGS_UPDATED,"{'CASH': -28575944, 'JPM': 378}"
2019-06-28 12:14:00,BID_DEPTH,"[(100584, 478)]"
2019-06-28 12:14:00,ASK_DEPTH,"[(101464, 803)]"
2019-06-28 12:14:00,IMBALANCE,"[478, 803]"
2019-06-28 12:14:00,HOLDINGS_UPDATED,"{'CASH': -29489120, 'JPM': 387}"
2019-06-28 12:15:00,BID_DEPTH,"[(100584, 176)]"
2019-06-28 12:15:00,ASK_DEPTH,"[(101464, 376)]"
2019-06-28 12:15:00,IMBALANCE,"[176, 376]"
2019-06-28 12:15:00,HOLDINGS_UPDATED,"{'CASH': -30402296, 'JPM': 396}"
2019-06-28 12:16:00,BID_DEPTH,"[(100551, 229)]"
2019-06-28 12:16:00,ASK_DEPTH,"[(100584, 110)]"
2019-06-28 12:16:00,IMBALANCE,"[229, 110]"
2019-06-28 12:16:00,HOLDINGS_UPDATED,"{'CASH': -31307552, 'JPM': 405}"
2019-06-28 12:17:00,BID_DEPTH,"[(100630, 289)]"
2019-06-28 12:17:00,ASK_DEPTH,"[(100771, 264)]"
2019-06-28 12:17:00,IMBALANCE,"[289, 264]"
2019-06-28 12:17:00,HOLDINGS_UPDATED,"{'CASH': -32214491, 'JPM': 414}"
2019-06-28 12:18:00,BID_DEPTH,"[(100630, 289)]"
2019-06-28 12:18:00,ASK_DEPTH,"[(100931, 264)]"
2019-06-28 12:18:00,IMBALANCE,"[289, 264]"
2019-06-28 12:18:00,HOLDINGS_UPDATED,"{'CASH': -33122870, 'JPM': 423}"
2019-06-28 12:19:00,BID_DEPTH,"[(100755, 478)]"
2019-06-28 12:19:00,ASK_DEPTH,"[(100949, 453)]"
2019-06-28 12:19:00,IMBALANCE,"[478, 453]"
2019-06-28 12:19:00,HOLDINGS_UPDATED,"{'CASH': -34031411, 'JPM': 432}"
2019-06-28 12:20:00,BID_DEPTH,"[(100755, 176)]"
2019-06-28 12:20:00,ASK_DEPTH,"[(100949, 151)]"
2019-06-28 12:20:00,IMBALANCE,"[176, 151]"
2019-06-28 12:20:00,HOLDINGS_UPDATED,"{'CASH': -34939952, 'JPM': 441}"
2019-06-28 12:21:00,BID_DEPTH,"[(100952, 478)]"
2019-06-28 12:21:00,ASK_DEPTH,"[(101211, 453)]"
2019-06-28 12:21:00,IMBALANCE,"[478, 453]"
2019-06-28 12:21:00,HOLDINGS_UPDATED,"{'CASH': -35850851, 'JPM': 450}"
2019-06-28 12:22:00,BID_DEPTH,"[(101124, 176)]"
2019-06-28 12:22:00,ASK_DEPTH,"[(101464, 251)]"
2019-06-28 12:22:00,IMBALANCE,"[176, 251]"
2019-06-28 12:22:00,HOLDINGS_UPDATED,"{'CASH': -36764027, 'JPM': 459}"
2019-06-28 12:23:00,BID_DEPTH,"[(101661, 82)]"
2019-06-28 12:23:00,ASK_DEPTH,"[(101982, 151)]"
2019-06-28 12:23:00,IMBALANCE,"[82, 151]"
2019-06-28 12:23:00,HOLDINGS_UPDATED,"{'CASH': -37681865, 'JPM': 468}"
2019-06-28 12:24:00,BID_DEPTH,"[(101610, 229)]"
2019-06-28 12:24:00,ASK_DEPTH,"[(101661, 198)]"
2019-06-28 12:24:00,IMBALANCE,"[229, 198]"
2019-06-28 12:24:00,HOLDINGS_UPDATED,"{'CASH': -38596814, 'JPM': 477}"
2019-06-28 12:25:00,BID_DEPTH,"[(101610, 289)]"
2019-06-28 12:25:00,ASK_DEPTH,"[(101661, 364)]"
2019-06-28 12:25:00,IMBALANCE,"[289, 364]"
2019-06-28 12:25:00,HOLDINGS_UPDATED,"{'CASH': -39511763, 'JPM': 486}"
2019-06-28 12:26:00,BID_DEPTH,"[(101124, 176)]"
2019-06-28 12:26:00,ASK_DEPTH,"[(101610, 151)]"
2019-06-28 12:26:00,IMBALANCE,"[176, 151]"
2019-06-28 12:26:00,HOLDINGS_UPDATED,"{'CASH': -40426253, 'JPM': 495}"
2019-06-28 12:27:00,BID_DEPTH,"[(101124, 289)]"
2019-06-28 12:27:00,ASK_DEPTH,"[(101264, 264)]"
2019-06-28 12:27:00,IMBALANCE,"[289, 264]"
2019-06-28 12:27:00,HOLDINGS_UPDATED,"{'CASH': -41337629, 'JPM': 504}"
2019-06-28 12:28:00,BID_DEPTH,"[(101124, 229)]"
2019-06-28 12:28:00,ASK_DEPTH,"[(101208, 204)]"
2019-06-28 12:28:00,IMBALANCE,"[229, 204]"
2019-06-28 12:28:00,HOLDINGS_UPDATED,"{'CASH': -42248501, 'JPM': 513}"
2019-06-28 12:29:00,BID_DEPTH,"[(101086, 204)]"
2019-06-28 12:29:00,ASK_DEPTH,"[(101610, 229)]"
2019-06-28 12:29:00,IMBALANCE,"[204, 229]"
2019-06-28 12:29:00,HOLDINGS_UPDATED,"{'CASH': -41338727, 'JPM': 504}"
2019-06-28 12:30:00,BID_DEPTH,"[(100953, 169)]"
2019-06-28 12:30:00,ASK_DEPTH,"[(101086, 194)]"
2019-06-28 12:30:00,IMBALANCE,"[169, 194]"
2019-06-28 12:30:00,HOLDINGS_UPDATED,"{'CASH': -40430150, 'JPM': 495}"
2019-06-28 12:31:00,BID_DEPTH,"[(100551, 151)]"
2019-06-28 12:31:00,ASK_DEPTH,"[(100953, 207)]"
2019-06-28 12:31:00,IMBALANCE,"[151, 207]"
2019-06-28 12:31:00,HOLDINGS_UPDATED,"{'CASH': -39525191, 'JPM': 486}"
2019-06-28 12:32:00,BID_DEPTH,"[(100469, 453)]"
2019-06-28 12:32:00,ASK_DEPTH,"[(100953, 509)]"
2019-06-28 12:32:00,IMBALANCE,"[453, 509]"
2019-06-28 12:32:00,HOLDINGS_UPDATED,"{'CASH': -38620970, 'JPM': 477}"
2019-06-28 12:33:00,BID_DEPTH,"[(100130, 204)]"
2019-06-28 12:33:00,ASK_DEPTH,"[(100469, 229)]"
2019-06-28 12:33:00,IMBALANCE,"[204, 229]"
2019-06-28 12:33:00,HOLDINGS_UPDATED,"{'CASH': -37719800, 'JPM': 468}"
2019-06-28 12:34:00,BID_DEPTH,"[(100018, 151)]"
2019-06-28 12:34:00,ASK_DEPTH,"[(100130, 176)]"
2019-06-28 12:34:00,IMBALANCE,"[151, 176]"
2019-06-28 12:34:00,HOLDINGS_UPDATED,"{'CASH': -36819638, 'JPM': 459}"
2019-06-28 12:35:00,BID_DEPTH,"[(99588, 264)]"
2019-06-28 12:35:00,ASK_DEPTH,"[(99659, 289)]"
2019-06-28 12:35:00,IMBALANCE,"[264, 289]"
2019-06-28 12:35:00,HOLDINGS_UPDATED,"{'CASH': -35923346, 'JPM': 450}"
2019-06-28 12:36:00,BID_DEPTH,"[(99160, 264)]"
2019-06-28 12:36:00,ASK_DEPTH,"[(99441, 289)]"
2019-06-28 12:36:00,IMBALANCE,"[264, 289]"
2019-06-28 12:36:00,HOLDINGS_UPDATED,"{'CASH': -35030906, 'JPM': 441}"
2019-06-28 12:37:00,BID_DEPTH,"[(99160, 264)]"
2019-06-28 12:37:00,ASK_DEPTH,"[(99353, 289)]"
2019-06-28 12:37:00,IMBALANCE,"[264, 289]"
2019-06-28 12:37:00,HOLDINGS_UPDATED,"{'CASH': -34138466, 'JPM': 432}"
2019-06-28 12:38:00,BID_DEPTH,"[(99180, 264)]"
2019-06-28 12:38:00,ASK_DEPTH,"[(99353, 280)]"
2019-06-28 12:38:00,IMBALANCE,"[264, 280]"
2019-06-28 12:38:00,HOLDINGS_UPDATED,"{'CASH': -33245846, 'JPM': 423}"
2019-06-28 12:39:00,BID_DEPTH,"[(99180, 151)]"
2019-06-28 12:39:00,ASK_DEPTH,"[(99287, 176)]"
2019-06-28 12:39:00,IMBALANCE,"[151, 176]"
2019-06-28 12:39:00,HOLDINGS_UPDATED,"{'CASH': -32353226, 'JPM': 414}"
2019-06-28 12:40:00,BID_DEPTH,"[(99208, 264)]"
2019-06-28 12:40:00,ASK_DEPTH,"[(99366, 289)]"
2019-06-28 12:40:00,IMBALANCE,"[264, 289]"
2019-06-28 12:40:00,HOLDINGS_UPDATED,"{'CASH': -31460354, 'JPM': 405}"
2019-06-28 12:41:00,BID_DEPTH,"[(99232, 204)]"
2019-06-28 12:41:00,ASK_DEPTH,"[(99318, 229)]"
2019-06-28 12:41:00,IMBALANCE,"[204, 229]"
2019-06-28 12:41:00,HOLDINGS_UPDATED,"{'CASH': -30567266, 'JPM': 396}"
2019-06-28 12:42:00,BID_DEPTH,"[(99115, 151)]"
2019-06-28 12:42:00,ASK_DEPTH,"[(99318, 167)]"
2019-06-28 12:42:00,IMBALANCE,"[151, 167]"
2019-06-28 12:42:00,HOLDINGS_UPDATED,"{'CASH': -29675231, 'JPM': 387}"
2019-06-28 12:43:00,BID_DEPTH,"[(99114, 151)]"
2019-06-28 12:43:00,ASK_DEPTH,"[(99318, 158)]"
2019-06-28 12:43:00,IMBALANCE,"[151, 158]"
2019-06-28 12:43:00,HOLDINGS_UPDATED,"{'CASH': -28783205, 'JPM': 378}"
2019-06-28 12:44:00,BID_DEPTH,[]
2019-06-28 12:44:00,ASK_DEPTH,"[(98364, 100)]"
2019-06-28 12:44:00,IMBALANCE,"[0, 100]"
2019-06-28 12:45:00,BID_DEPTH,"[(98270, 264)]"
2019-06-28 12:45:00,ASK_DEPTH,"[(98364, 289)]"
2019-06-28 12:45:00,IMBALANCE,"[264, 289]"
2019-06-28 12:45:00,HOLDINGS_UPDATED,"{'CASH': -27898775, 'JPM': 369}"
2019-06-28 12:46:00,BID_DEPTH,"[(98270, 264)]"
2019-06-28 12:46:00,ASK_DEPTH,"[(98468, 289)]"
2019-06-28 12:46:00,IMBALANCE,"[264, 289]"
2019-06-28 12:46:00,HOLDINGS_UPDATED,"{'CASH': -27014345, 'JPM': 360}"
2019-06-28 12:47:00,BID_DEPTH,[]
2019-06-28 12:47:00,ASK_DEPTH,"[(98552, 100)]"
2019-06-28 12:47:00,IMBALANCE,"[0, 100]"
2019-06-28 12:48:00,BID_DEPTH,[]
2019-06-28 12:48:00,ASK_DEPTH,"[(98639, 100)]"
2019-06-28 12:48:00,IMBALANCE,"[0, 100]"
2019-06-28 12:49:00,BID_DEPTH,"[(98612, 453)]"
2019-06-28 12:49:00,ASK_DEPTH,"[(98772, 478)]"
2019-06-28 12:49:00,IMBALANCE,"[453, 478]"
2019-06-28 12:49:00,HOLDINGS_UPDATED,"{'CASH': -26126837, 'JPM': 351}"
2019-06-28 12:50:00,BID_DEPTH,[]
2019-06-28 12:50:00,ASK_DEPTH,"[(98772, 100)]"
2019-06-28 12:50:00,IMBALANCE,"[0, 100]"
2019-06-28 12:51:00,BID_DEPTH,"[(98703, 204)]"
2019-06-28 12:51:00,ASK_DEPTH,"[(98772, 229)]"
2019-06-28 12:51:00,IMBALANCE,"[204, 229]"
2019-06-28 12:51:00,HOLDINGS_UPDATED,"{'CASH': -25238510, 'JPM': 342}"
2019-06-28 12:52:00,BID_DEPTH,"[(98477, 453)]"
2019-06-28 12:52:00,ASK_DEPTH,"[(98493, 478)]"
2019-06-28 12:52:00,IMBALANCE,"[453, 478]"
2019-06-28 12:52:00,HOLDINGS_UPDATED,"{'CASH': -24352217, 'JPM': 333}"
2019-06-28 12:53:00,BID_DEPTH,"[(98378, 151)]"
2019-06-28 12:53:00,ASK_DEPTH,"[(98772, 176)]"
2019-06-28 12:53:00,IMBALANCE,"[151, 176]"
2019-06-28 12:53:00,HOLDINGS_UPDATED,"{'CASH': -23466815, 'JPM': 324}"
2019-06-28 12:54:00,BID_DEPTH,"[(98339, 151)]"
2019-06-28 12:54:00,ASK_DEPTH,"[(98378, 125)]"
2019-06-28 12:54:00,IMBALANCE,"[151, 125]"
2019-06-28 12:54:00,HOLDINGS_UPDATED,"{'CASH': -22581764, 'JPM': 315}"
2019-06-28 12:55:00,BID_DEPTH,"[(98146, 264)]"
2019-06-28 12:55:00,ASK_DEPTH,"[(98378, 238)]"
2019-06-28 12:55:00,IMBALANCE,"[264, 238]"
2019-06-28 12:55:00,HOLDINGS_UPDATED,"{'CASH': -21698450, 'JPM': 306}"
2019-06-28 12:56:00,BID_DEPTH,"[(98070, 151)]"
2019-06-28 12:56:00,ASK_DEPTH,"[(98494, 176)]"
2019-06-28 12:56:00,IMBALANCE,"[151, 176]"
2019-06-28 12:56:00,HOLDINGS_UPDATED,"{'CASH': -20815820, 'JPM': 297}"
2019-06-28 12:57:00,BID_DEPTH,"[(98070, 264)]"
2019-06-28 12:57:00,ASK_DEPTH,"[(98535, 289)]"
2019-06-28 12:57:00,IMBALANCE,"[264, 289]"
2019-06-28 12:57:00,HOLDINGS_UPDATED,"{'CASH': -19933190, 'JPM': 288}"
2019-06-28 12:58:00,BID_DEPTH,"[(98070, 151)]"
2019-06-28 12:58:00,ASK_DEPTH,"[(98535, 176)]"
2019-06-28 12:58:00,IMBALANCE,"[151, 176]"
2019-06-28 12:58:00,HOLDINGS_UPDATED,"{'CASH': -19050560, 'JPM': 279}"
2019-06-28 12:59:00,BID_DEPTH,"[(98070, 169)]"
2019-06-28 12:59:00,ASK_DEPTH,"[(98766, 194)]"
2019-06-28 12:59:00,IMBALANCE,"[169, 194]"
2019-06-28 12:59:00,HOLDINGS_UPDATED,"{'CASH': -18167930, 'JPM': 270}"
2019-06-28 13:00:00,BID_DEPTH,[]
2019-06-28 13:00:00,ASK_DEPTH,"[(98772, 100)]"
2019-06-28 13:00:00,IMBALANCE,"[0, 100]"
2019-06-28 13:01:00,BID_DEPTH,"[(98766, 264)]"
2019-06-28 13:01:00,ASK_DEPTH,"[(99111, 289)]"
2019-06-28 13:01:00,IMBALANCE,"[264, 289]"
2019-06-28 13:01:00,HOLDINGS_UPDATED,"{'CASH': -17279036, 'JPM': 261}"
2019-06-28 13:02:00,BID_DEPTH,[]
2019-06-28 13:02:00,ASK_DEPTH,"[(99318, 100)]"
2019-06-28 13:02:00,IMBALANCE,"[0, 100]"
2019-06-28 13:03:00,BID_DEPTH,[]
2019-06-28 13:03:00,ASK_DEPTH,"[(99318, 100)]"
2019-06-28 13:03:00,IMBALANCE,"[0, 100]"
2019-06-28 13:04:00,BID_DEPTH,"[(99229, 151)]"
2019-06-28 13:04:00,ASK_DEPTH,"[(99520, 176)]"
2019-06-28 13:04:00,IMBALANCE,"[151, 176]"
2019-06-28 13:04:00,HOLDINGS_UPDATED,"{'CASH': -16385975, 'JPM': 252}"
2019-06-28 13:05:00,BID_DEPTH,"[(99267, 204)]"
2019-06-28 13:05:00,ASK_DEPTH,"[(99330, 229)]"
2019-06-28 13:05:00,IMBALANCE,"[204, 229]"
2019-06-28 13:05:00,HOLDINGS_UPDATED,"{'CASH': -15492572, 'JPM': 243}"
2019-06-28 13:06:00,BID_DEPTH,"[(99229, 269)]"
2019-06-28 13:06:00,ASK_DEPTH,"[(99520, 194)]"
2019-06-28 13:06:00,IMBALANCE,"[269, 194]"
2019-06-28 13:06:00,HOLDINGS_UPDATED,"{'CASH': -14599511, 'JPM': 234}"
2019-06-28 13:07:00,BID_DEPTH,"[(99229, 244)]"
2019-06-28 13:07:00,ASK_DEPTH,"[(99519, 194)]"
2019-06-28 13:07:00,IMBALANCE,"[244, 194]"
2019-06-28 13:07:00,HOLDINGS_UPDATED,"{'CASH': -13706450, 'JPM': 225}"
2019-06-28 13:08:00,BID_DEPTH,"[(99229, 314)]"
2019-06-28 13:08:00,ASK_DEPTH,"[(99520, 289)]"
2019-06-28 13:08:00,IMBALANCE,"[314, 289]"
2019-06-28 13:08:00,HOLDINGS_UPDATED,"{'CASH': -12813389, 'JPM': 216}"
2019-06-28 13:09:00,BID_DEPTH,"[(99229, 94)]"
2019-06-28 13:09:00,ASK_DEPTH,"[(99520, 194)]"
2019-06-28 13:09:00,IMBALANCE,"[94, 194]"
2019-06-28 13:09:00,HOLDINGS_UPDATED,"{'CASH': -11920328, 'JPM': 207}"
2019-06-28 13:10:00,BID_DEPTH,"[(99229, 163)]"
2019-06-28 13:10:00,ASK_DEPTH,"[(99645, 194)]"
2019-06-28 13:10:00,IMBALANCE,"[163, 194]"
2019-06-28 13:10:00,HOLDINGS_UPDATED,"{'CASH': -11027267, 'JPM': 198}"
2019-06-28 13:11:00,BID_DEPTH,"[(99557, 169)]"
2019-06-28 13:11:00,ASK_DEPTH,"[(99713, 194)]"
2019-06-28 13:11:00,IMBALANCE,"[169, 194]"
2019-06-28 13:11:00,HOLDINGS_UPDATED,"{'CASH': -10131254, 'JPM': 189}"
2019-06-28 13:12:00,BID_DEPTH,[]
2019-06-28 13:12:00,ASK_DEPTH,"[(99713, 100)]"
2019-06-28 13:12:00,IMBALANCE,"[0, 100]"
2019-06-28 13:13:00,BID_DEPTH,"[(99569, 264)]"
2019-06-28 13:13:00,ASK_DEPTH,"[(99715, 289)]"
2019-06-28 13:13:00,IMBALANCE,"[264, 289]"
2019-06-28 13:13:00,HOLDINGS_UPDATED,"{'CASH': -9235133, 'JPM': 180}"
2019-06-28 13:14:00,BID_DEPTH,"[(99715, 453)]"
2019-06-28 13:14:00,ASK_DEPTH,"[(99872, 478)]"
2019-06-28 13:14:00,IMBALANCE,"[453, 478]"
2019-06-28 13:14:00,HOLDINGS_UPDATED,"{'CASH': -8337698, 'JPM': 171}"
2019-06-28 13:15:00,BID_DEPTH,"[(99569, 151)]"
2019-06-28 13:15:00,ASK_DEPTH,"[(99883, 176)]"
2019-06-28 13:15:00,IMBALANCE,"[151, 176]"
2019-06-28 13:15:00,HOLDINGS_UPDATED,"{'CASH': -7441577, 'JPM': 162}"
2019-06-28 13:16:00,BID_DEPTH,[]
2019-06-28 13:16:00,ASK_DEPTH,"[(100041, 100)]"
2019-06-28 13:16:00,IMBALANCE,"[0, 100]"
2019-06-28 13:17:00,BID_DEPTH,[]
2019-06-28 13:17:00,ASK_DEPTH,"[(100155, 100)]"
2019-06-28 13:17:00,IMBALANCE,"[0, 100]"
2019-06-28 13:18:00,BID_DEPTH,"[(100469, 453)]"
2019-06-28 13:18:00,ASK_DEPTH,"[(100607, 478)]"
2019-06-28 13:18:00,IMBALANCE,"[453, 478]"
2019-06-28 13:18:00,HOLDINGS_UPDATED,"{'CASH': -6537356, 'JPM': 153}"
2019-06-28 13:19:00,BID_DEPTH,"[(100469, 251)]"
2019-06-28 13:19:00,ASK_DEPTH,"[(100604, 176)]"
2019-06-28 13:19:00,IMBALANCE,"[251, 176]"
2019-06-28 13:19:00,HOLDINGS_UPDATED,"{'CASH': -5633135, 'JPM': 144}"
2019-06-28 13:20:00,BID_DEPTH,"[(100470, 269)]"
2019-06-28 13:20:00,ASK_DEPTH,"[(100607, 194)]"
2019-06-28 13:20:00,IMBALANCE,"[269, 194]"
2019-06-28 13:20:00,HOLDINGS_UPDATED,"{'CASH': -4728905, 'JPM': 135}"
2019-06-28 13:21:00,BID_DEPTH,"[(100470, 419)]"
2019-06-28 13:21:00,ASK_DEPTH,"[(100496, 478)]"
2019-06-28 13:21:00,IMBALANCE,"[419, 478]"
2019-06-28 13:21:00,HOLDINGS_UPDATED,"{'CASH': -3824675, 'JPM': 126}"
2019-06-28 13:22:00,BID_DEPTH,"[(100470, 204)]"
2019-06-28 13:22:00,ASK_DEPTH,"[(100496, 229)]"
2019-06-28 13:22:00,IMBALANCE,"[204, 229]"
2019-06-28 13:22:00,HOLDINGS_UPDATED,"{'CASH': -2920445, 'JPM': 117}"
2019-06-28 13:23:00,BID_DEPTH,"[(100386, 194)]"
2019-06-28 13:23:00,ASK_DEPTH,"[(100470, 269)]"
2019-06-28 13:23:00,IMBALANCE,"[194, 269]"
2019-06-28 13:23:00,HOLDINGS_UPDATED,"{'CASH': -3824675, 'JPM': 126}"
2019-06-28 13:24:00,BID_DEPTH,"[(100386, 280)]"
2019-06-28 13:24:00,ASK_DEPTH,"[(100470, 439)]"
2019-06-28 13:24:00,IMBALANCE,"[280, 439]"
2019-06-28 13:24:00,HOLDINGS_UPDATED,"{'CASH': -4728905, 'JPM': 135}"
2019-06-28 13:25:00,BID_DEPTH,"[(100386, 176)]"
2019-06-28 13:25:00,ASK_DEPTH,"[(100470, 419)]"
2019-06-28 13:25:00,IMBALANCE,"[176, 419]"
2019-06-28 13:25:00,HOLDINGS_UPDATED,"{'CASH': -5633135, 'JPM': 144}"
2019-06-28 13:26:00,BID_DEPTH,"[(100356, 229)]"
2019-06-28 13:26:00,ASK_DEPTH,"[(100470, 429)]"
2019-06-28 13:26:00,IMBALANCE,"[229, 429]"
2019-06-28 13:26:00,HOLDINGS_UPDATED,"{'CASH': -6537365, 'JPM': 153}"
2019-06-28 13:27:00,BID_DEPTH,"[(100356, 220)]"
2019-06-28 13:27:00,ASK_DEPTH,"[(100470, 404)]"
2019-06-28 13:27:00,IMBALANCE,"[220, 404]"
2019-06-28 13:27:00,HOLDINGS_UPDATED,"{'CASH': -7441595, 'JPM': 162}"
2019-06-28 13:28:00,BID_DEPTH,"[(99979, 194)]"
2019-06-28 13:28:00,ASK_DEPTH,"[(100132, 75)]"
2019-06-28 13:28:00,IMBALANCE,"[194, 75]"
2019-06-28 13:28:00,HOLDINGS_UPDATED,"{'CASH': -8342783, 'JPM': 171}"
2019-06-28 13:29:00,BID_DEPTH,"[(99933, 176)]"
2019-06-28 13:29:00,ASK_DEPTH,"[(100060, 151)]"
2019-06-28 13:29:00,IMBALANCE,"[176, 151]"
2019-06-28 13:29:00,HOLDINGS_UPDATED,"{'CASH': -9243323, 'JPM': 180}"
2019-06-28 13:30:00,BID_DEPTH,"[(99956, 289)]"
2019-06-28 13:30:00,ASK_DEPTH,"[(100470, 214)]"
2019-06-28 13:30:00,IMBALANCE,"[289, 214]"
2019-06-28 13:30:00,HOLDINGS_UPDATED,"{'CASH': -10147553, 'JPM': 189}"
2019-06-28 13:31:00,BID_DEPTH,"[(100253, 194)]"
2019-06-28 13:31:00,ASK_DEPTH,"[(100496, 169)]"
2019-06-28 13:31:00,IMBALANCE,"[194, 169]"
2019-06-28 13:31:00,HOLDINGS_UPDATED,"{'CASH': -11052017, 'JPM': 198}"
2019-06-28 13:32:00,BID_DEPTH,"[(99934, 229)]"
2019-06-28 13:32:00,ASK_DEPTH,"[(99950, 204)]"
2019-06-28 13:32:00,IMBALANCE,"[229, 204]"
2019-06-28 13:32:00,HOLDINGS_UPDATED,"{'CASH': -11951567, 'JPM': 207}"
2019-06-28 13:33:00,BID_DEPTH,"[(99935, 289)]"
2019-06-28 13:33:00,ASK_DEPTH,"[(100496, 264)]"
2019-06-28 13:33:00,IMBALANCE,"[289, 264]"
2019-06-28 13:33:00,HOLDINGS_UPDATED,"{'CASH': -12856031, 'JPM': 216}"
2019-06-28 13:34:00,BID_DEPTH,"[(99896, 176)]"
2019-06-28 13:34:00,ASK_DEPTH,"[(100070, 151)]"
2019-06-28 13:34:00,IMBALANCE,"[176, 151]"
2019-06-28 13:34:00,HOLDINGS_UPDATED,"{'CASH': -13756661, 'JPM': 225}"
2019-06-28 13:35:00,BID_DEPTH,"[(99896, 176)]"
2019-06-28 13:35:00,ASK_DEPTH,"[(100136, 151)]"
2019-06-28 13:35:00,IMBALANCE,"[176, 151]"
2019-06-28 13:35:00,HOLDINGS_UPDATED,"{'CASH': -14657885, 'JPM': 234}"
2019-06-28 13:36:00,BID_DEPTH,"[(99863, 478)]"
2019-06-28 13:36:00,ASK_DEPTH,"[(99889, 453)]"
2019-06-28 13:36:00,IMBALANCE,"[478, 453]"
2019-06-28 13:36:00,HOLDINGS_UPDATED,"{'CASH': -15556886, 'JPM': 243}"
2019-06-28 13:37:00,BID_DEPTH,"[(99828, 229)]"
2019-06-28 13:37:00,ASK_DEPTH,"[(100886, 204)]"
2019-06-28 13:37:00,IMBALANCE,"[229, 204]"
2019-06-28 13:37:00,HOLDINGS_UPDATED,"{'CASH': -16464860, 'JPM': 252}"
2019-06-28 13:38:00,BID_DEPTH,"[(99735, 194)]"
2019-06-28 13:38:00,ASK_DEPTH,"[(99828, 169)]"
2019-06-28 13:38:00,IMBALANCE,"[194, 169]"
2019-06-28 13:38:00,HOLDINGS_UPDATED,"{'CASH': -17363312, 'JPM': 261}"
2019-06-28 13:39:00,BID_DEPTH,"[(99616, 229)]"
2019-06-28 13:39:00,ASK_DEPTH,"[(99735, 204)]"
2019-06-28 13:39:00,IMBALANCE,"[229, 204]"
2019-06-28 13:39:00,HOLDINGS_UPDATED,"{'CASH': -18260927, 'JPM': 270}"
2019-06-28 13:40:00,BID_DEPTH,"[(99616, 229)]"
2019-06-28 13:40:00,ASK_DEPTH,"[(99735, 304)]"
2019-06-28 13:40:00,IMBALANCE,"[229, 304]"
2019-06-28 13:40:00,HOLDINGS_UPDATED,"{'CASH': -19158542, 'JPM': 279}"
2019-06-28 13:41:00,BID_DEPTH,"[(99448, 229)]"
2019-06-28 13:41:00,ASK_DEPTH,"[(99735, 170)]"
2019-06-28 13:41:00,IMBALANCE,"[229, 170]"
2019-06-28 13:41:00,HOLDINGS_UPDATED,"{'CASH': -20056157, 'JPM': 288}"
2019-06-28 13:42:00,BID_DEPTH,"[(98996, 194)]"
2019-06-28 13:42:00,ASK_DEPTH,"[(99735, 269)]"
2019-06-28 13:42:00,IMBALANCE,"[194, 269]"
2019-06-28 13:42:00,HOLDINGS_UPDATED,"{'CASH': -20953772, 'JPM': 297}"
2019-06-28 13:43:00,BID_DEPTH,"[(99308, 478)]"
2019-06-28 13:43:00,ASK_DEPTH,"[(99505, 453)]"
2019-06-28 13:43:00,IMBALANCE,"[478, 453]"
2019-06-28 13:43:00,HOLDINGS_UPDATED,"{'CASH': -21849317, 'JPM': 306}"
2019-06-28 13:44:00,BID_DEPTH,"[(99308, 229)]"
2019-06-28 13:44:00,ASK_DEPTH,"[(99594, 204)]"
2019-06-28 13:44:00,IMBALANCE,"[229, 204]"
2019-06-28 13:44:00,HOLDINGS_UPDATED,"{'CASH': -22745663, 'JPM': 315}"
2019-06-28 13:45:00,BID_DEPTH,"[(99308, 100)]"
2019-06-28 13:45:00,ASK_DEPTH,[]
2019-06-28 13:45:00,IMBALANCE,"[100, 0]"
2019-06-28 13:46:00,BID_DEPTH,"[(100475, 176)]"
2019-06-28 13:46:00,ASK_DEPTH,"[(100702, 151)]"
2019-06-28 13:46:00,IMBALANCE,"[176, 151]"
2019-06-28 13:46:00,HOLDINGS_UPDATED,"{'CASH': -23651981, 'JPM': 324}"
2019-06-28 13:47:00,BID_DEPTH,"[(98996, 176)]"
2019-06-28 13:47:00,ASK_DEPTH,"[(100235, 151)]"
2019-06-28 13:47:00,IMBALANCE,"[176, 151]"
2019-06-28 13:47:00,HOLDINGS_UPDATED,"{'CASH': -24554096, 'JPM': 333}"
2019-06-28 13:48:00,BID_DEPTH,"[(98996, 478)]"
2019-06-28 13:48:00,ASK_DEPTH,"[(100223, 453)]"
2019-06-28 13:48:00,IMBALANCE,"[478, 453]"
2019-06-28 13:48:00,HOLDINGS_UPDATED,"{'CASH': -25456103, 'JPM': 342}"
2019-06-28 13:49:00,BID_DEPTH,"[(98996, 478)]"
2019-06-28 13:49:00,ASK_DEPTH,"[(99598, 453)]"
2019-06-28 13:49:00,IMBALANCE,"[478, 453]"
2019-06-28 13:49:00,HOLDINGS_UPDATED,"{'CASH': -26352485, 'JPM': 351}"
2019-06-28 13:50:00,BID_DEPTH,"[(99270, 229)]"
2019-06-28 13:50:00,ASK_DEPTH,"[(99321, 204)]"
2019-06-28 13:50:00,IMBALANCE,"[229, 204]"
2019-06-28 13:50:00,HOLDINGS_UPDATED,"{'CASH': -27246374, 'JPM': 360}"
2019-06-28 13:51:00,BID_DEPTH,"[(99091, 194)]"
2019-06-28 13:51:00,ASK_DEPTH,"[(99268, 169)]"
2019-06-28 13:51:00,IMBALANCE,"[194, 169]"
2019-06-28 13:51:00,HOLDINGS_UPDATED,"{'CASH': -28139786, 'JPM': 369}"
2019-06-28 13:52:00,BID_DEPTH,"[(99181, 169)]"
2019-06-28 13:52:00,ASK_DEPTH,"[(99268, 294)]"
2019-06-28 13:52:00,IMBALANCE,"[169, 294]"
2019-06-28 13:52:00,HOLDINGS_UPDATED,"{'CASH': -27247157, 'JPM': 360}"
2019-06-28 13:53:00,BID_DEPTH,"[(99267, 169)]"
2019-06-28 13:53:00,ASK_DEPTH,"[(99268, 194)]"
2019-06-28 13:53:00,IMBALANCE,"[169, 194]"
2019-06-28 13:53:00,HOLDINGS_UPDATED,"{'CASH': -26353754, 'JPM': 351}"
2019-06-28 13:54:00,BID_DEPTH,"[(98960, 204)]"
2019-06-28 13:54:00,ASK_DEPTH,"[(99268, 229)]"
2019-06-28 13:54:00,IMBALANCE,"[204, 229]"
2019-06-28 13:54:00,HOLDINGS_UPDATED,"{'CASH': -25463114, 'JPM': 342}"
2019-06-28 13:55:00,BID_DEPTH,"[(98475, 169)]"
2019-06-28 13:55:00,ASK_DEPTH,"[(98960, 194)]"
2019-06-28 13:55:00,IMBALANCE,"[169, 194]"
2019-06-28 13:55:00,HOLDINGS_UPDATED,"{'CASH': -24576839, 'JPM': 333}"
2019-06-28 13:56:00,BID_DEPTH,"[(97824, 204)]"
2019-06-28 13:56:00,ASK_DEPTH,"[(98105, 229)]"
2019-06-28 13:56:00,IMBALANCE,"[204, 229]"
2019-06-28 13:56:00,HOLDINGS_UPDATED,"{'CASH': -23696423, 'JPM': 324}"
2019-06-28 13:57:00,BID_DEPTH,"[(97824, 269)]"
2019-06-28 13:57:00,ASK_DEPTH,"[(98105, 194)]"
2019-06-28 13:57:00,IMBALANCE,"[269, 194]"
2019-06-28 13:57:00,HOLDINGS_UPDATED,"{'CASH': -22816007, 'JPM': 315}"
2019-06-28 13:58:00,BID_DEPTH,"[(97982, 453)]"
2019-06-28 13:58:00,ASK_DEPTH,"[(98335, 478)]"
2019-06-28 13:58:00,IMBALANCE,"[453, 478]"
2019-06-28 13:58:00,HOLDINGS_UPDATED,"{'CASH': -21934169, 'JPM': 306}"
2019-06-28 13:59:00,BID_DEPTH,"[(98469, 151)]"
2019-06-28 13:59:00,ASK_DEPTH,"[(98692, 176)]"
2019-06-28 13:59:00,IMBALANCE,"[151, 176]"
2019-06-28 13:59:00,HOLDINGS_UPDATED,"{'CASH': -21047948, 'JPM': 297}"
2019-06-28 14:00:00,BID_DEPTH,"[(98618, 264)]"
2019-06-28 14:00:00,ASK_DEPTH,"[(98756, 289)]"
2019-06-28 14:00:00,IMBALANCE,"[264, 289]"
2019-06-28 14:00:00,HOLDINGS_UPDATED,"{'CASH': -20160386, 'JPM': 288}"
2019-06-28 14:01:00,BID_DEPTH,"[(98719, 151)]"
2019-06-28 14:01:00,ASK_DEPTH,"[(99277, 176)]"
2019-06-28 14:01:00,IMBALANCE,"[151, 176]"
2019-06-28 14:01:00,HOLDINGS_UPDATED,"{'CASH': -19271915, 'JPM': 279}"
2019-06-28 14:02:00,BID_DEPTH,"[(99106, 204)]"
2019-06-28 14:02:00,ASK_DEPTH,"[(99277, 229)]"
2019-06-28 14:02:00,IMBALANCE,"[204, 229]"
2019-06-28 14:02:00,HOLDINGS_UPDATED,"{'CASH': -18379961, 'JPM': 270}"
2019-06-28 14:03:00,BID_DEPTH,"[(98579, 151)]"
2019-06-28 14:03:00,ASK_DEPTH,"[(99086, 176)]"
2019-06-28 14:03:00,IMBALANCE,"[151, 176]"
2019-06-28 14:03:00,HOLDINGS_UPDATED,"{'CASH': -17492750, 'JPM': 261}"
2019-06-28 14:04:00,BID_DEPTH,"[(98579, 269)]"
2019-06-28 14:04:00,ASK_DEPTH,"[(99086, 194)]"
2019-06-28 14:04:00,IMBALANCE,"[269, 194]"
2019-06-28 14:04:00,HOLDINGS_UPDATED,"{'CASH': -16605539, 'JPM': 252}"
2019-06-28 14:05:00,BID_DEPTH,"[(99052, 169)]"
2019-06-28 14:05:00,ASK_DEPTH,"[(99120, 194)]"
2019-06-28 14:05:00,IMBALANCE,"[169, 194]"
2019-06-28 14:05:00,HOLDINGS_UPDATED,"{'CASH': -15714071, 'JPM': 243}"
2019-06-28 14:06:00,BID_DEPTH,"[(98579, 179)]"
2019-06-28 14:06:00,ASK_DEPTH,"[(99120, 229)]"
2019-06-28 14:06:00,IMBALANCE,"[179, 229]"
2019-06-28 14:06:00,HOLDINGS_UPDATED,"{'CASH': -14826860, 'JPM': 234}"
2019-06-28 14:07:00,BID_DEPTH,"[(99155, 188)]"
2019-06-28 14:07:00,ASK_DEPTH,"[(99278, 289)]"
2019-06-28 14:07:00,IMBALANCE,"[188, 289]"
2019-06-28 14:07:00,HOLDINGS_UPDATED,"{'CASH': -13934465, 'JPM': 225}"
2019-06-28 14:08:00,BID_DEPTH,"[(98579, 264)]"
2019-06-28 14:08:00,ASK_DEPTH,"[(99126, 289)]"
2019-06-28 14:08:00,IMBALANCE,"[264, 289]"
2019-06-28 14:08:00,HOLDINGS_UPDATED,"{'CASH': -13047254, 'JPM': 216}"
2019-06-28 14:09:00,BID_DEPTH,"[(98535, 264)]"
2019-06-28 14:09:00,ASK_DEPTH,"[(99126, 289)]"
2019-06-28 14:09:00,IMBALANCE,"[264, 289]"
2019-06-28 14:09:00,HOLDINGS_UPDATED,"{'CASH': -12160439, 'JPM': 207}"
2019-06-28 14:10:00,BID_DEPTH,"[(98535, 151)]"
2019-06-28 14:10:00,ASK_DEPTH,"[(99278, 176)]"
2019-06-28 14:10:00,IMBALANCE,"[151, 176]"
2019-06-28 14:10:00,HOLDINGS_UPDATED,"{'CASH': -11273624, 'JPM': 198}"
2019-06-28 14:11:00,BID_DEPTH,"[(98535, 453)]"
2019-06-28 14:11:00,ASK_DEPTH,"[(99341, 478)]"
2019-06-28 14:11:00,IMBALANCE,"[453, 478]"
2019-06-28 14:11:00,HOLDINGS_UPDATED,"{'CASH': -10386809, 'JPM': 189}"
2019-06-28 14:12:00,BID_DEPTH,"[(98535, 269)]"
2019-06-28 14:12:00,ASK_DEPTH,"[(99341, 194)]"
2019-06-28 14:12:00,IMBALANCE,"[269, 194]"
2019-06-28 14:12:00,HOLDINGS_UPDATED,"{'CASH': -9499994, 'JPM': 180}"
2019-06-28 14:13:00,BID_DEPTH,"[(98535, 226)]"
2019-06-28 14:13:00,ASK_DEPTH,"[(99352, 176)]"
2019-06-28 14:13:00,IMBALANCE,"[226, 176]"
2019-06-28 14:13:00,HOLDINGS_UPDATED,"{'CASH': -8613179, 'JPM': 171}"
2019-06-28 14:14:00,BID_DEPTH,"[(98535, 251)]"
2019-06-28 14:14:00,ASK_DEPTH,"[(99352, 176)]"
2019-06-28 14:14:00,IMBALANCE,"[251, 176]"
2019-06-28 14:14:00,HOLDINGS_UPDATED,"{'CASH': -7726364, 'JPM': 162}"
2019-06-28 14:15:00,BID_DEPTH,"[(98535, 239)]"
2019-06-28 14:15:00,ASK_DEPTH,"[(99454, 289)]"
2019-06-28 14:15:00,IMBALANCE,"[239, 289]"
2019-06-28 14:15:00,HOLDINGS_UPDATED,"{'CASH': -6839549, 'JPM': 153}"
2019-06-28 14:16:00,BID_DEPTH,"[(98439, 204)]"
2019-06-28 14:16:00,ASK_DEPTH,"[(99454, 229)]"
2019-06-28 14:16:00,IMBALANCE,"[204, 229]"
2019-06-28 14:16:00,HOLDINGS_UPDATED,"{'CASH': -5953598, 'JPM': 144}"
2019-06-28 14:17:00,BID_DEPTH,"[(98815, 151)]"
2019-06-28 14:17:00,ASK_DEPTH,"[(99454, 176)]"
2019-06-28 14:17:00,IMBALANCE,"[151, 176]"
2019-06-28 14:17:00,HOLDINGS_UPDATED,"{'CASH': -5064263, 'JPM': 135}"
2019-06-28 14:18:00,BID_DEPTH,"[(98815, 204)]"
2019-06-28 14:18:00,ASK_DEPTH,"[(99454, 229)]"
2019-06-28 14:18:00,IMBALANCE,"[204, 229]"
2019-06-28 14:18:00,HOLDINGS_UPDATED,"{'CASH': -4174928, 'JPM': 126}"
2019-06-28 14:19:00,BID_DEPTH,"[(98815, 169)]"
2019-06-28 14:19:00,ASK_DEPTH,"[(99454, 194)]"
2019-06-28 14:19:00,IMBALANCE,"[169, 194]"
2019-06-28 14:19:00,HOLDINGS_UPDATED,"{'CASH': -3285593, 'JPM': 117}"
2019-06-28 14:20:00,BID_DEPTH,"[(99095, 151)]"
2019-06-28 14:20:00,ASK_DEPTH,"[(99454, 176)]"
2019-06-28 14:20:00,IMBALANCE,"[151, 176]"
2019-06-28 14:20:00,HOLDINGS_UPDATED,"{'CASH': -2393738, 'JPM': 108}"
2019-06-28 14:21:00,BID_DEPTH,"[(99095, 151)]"
2019-06-28 14:21:00,ASK_DEPTH,"[(99254, 176)]"
2019-06-28 14:21:00,IMBALANCE,"[151, 176]"
2019-06-28 14:21:00,HOLDINGS_UPDATED,"{'CASH': -1501883, 'JPM': 99}"
2019-06-28 14:22:00,BID_DEPTH,"[(99090, 151)]"
2019-06-28 14:22:00,ASK_DEPTH,"[(99254, 176)]"
2019-06-28 14:22:00,IMBALANCE,"[151, 176]"
2019-06-28 14:22:00,HOLDINGS_UPDATED,"{'CASH': -610073, 'JPM': 90}"
2019-06-28 14:23:00,BID_DEPTH,"[(99254, 222)]"
2019-06-28 14:23:00,ASK_DEPTH,"[(99467, 176)]"
2019-06-28 14:23:00,IMBALANCE,"[222, 176]"
2019-06-28 14:23:00,HOLDINGS_UPDATED,"{'CASH': 283213, 'JPM': 81}"
2019-06-28 14:24:00,BID_DEPTH,"[(98970, 151)]"
2019-06-28 14:24:00,ASK_DEPTH,"[(99537, 176)]"
2019-06-28 14:24:00,IMBALANCE,"[151, 176]"
2019-06-28 14:24:00,HOLDINGS_UPDATED,"{'CASH': 1173943, 'JPM': 72}"
2019-06-28 14:25:00,BID_DEPTH,"[(99190, 264)]"
2019-06-28 14:25:00,ASK_DEPTH,"[(99577, 289)]"
2019-06-28 14:25:00,IMBALANCE,"[264, 289]"
2019-06-28 14:25:00,HOLDINGS_UPDATED,"{'CASH': 2066653, 'JPM': 63}"
2019-06-28 14:26:00,BID_DEPTH,"[(98741, 453)]"
2019-06-28 14:26:00,ASK_DEPTH,"[(99410, 478)]"
2019-06-28 14:26:00,IMBALANCE,"[453, 478]"
2019-06-28 14:26:00,HOLDINGS_UPDATED,"{'CASH': 2955322, 'JPM': 54}"
2019-06-28 14:27:00,BID_DEPTH,"[(98938, 453)]"
2019-06-28 14:27:00,ASK_DEPTH,"[(99577, 478)]"
2019-06-28 14:27:00,IMBALANCE,"[453, 478]"
2019-06-28 14:27:00,HOLDINGS_UPDATED,"{'CASH': 3845764, 'JPM': 45}"
2019-06-28 14:28:00,BID_DEPTH,"[(99193, 204)]"
2019-06-28 14:28:00,ASK_DEPTH,"[(99577, 229)]"
2019-06-28 14:28:00,IMBALANCE,"[204, 229]"
2019-06-28 14:28:00,HOLDINGS_UPDATED,"{'CASH': 4738501, 'JPM': 36}"
2019-06-28 14:29:00,BID_DEPTH,"[(99193, 176)]"
2019-06-28 14:29:00,ASK_DEPTH,"[(99641, 151)]"
2019-06-28 14:29:00,IMBALANCE,"[176, 151]"
2019-06-28 14:29:00,HOLDINGS_UPDATED,"{'CASH': 3841732, 'JPM': 45}"
2019-06-28 14:30:00,BID_DEPTH,"[(99642, 289)]"
2019-06-28 14:30:00,ASK_DEPTH,"[(99673, 264)]"
2019-06-28 14:30:00,IMBALANCE,"[289, 264]"
2019-06-28 14:30:00,HOLDINGS_UPDATED,"{'CASH': 2944675, 'JPM': 54}"
2019-06-28 14:31:00,BID_DEPTH,"[(99642, 280)]"
2019-06-28 14:31:00,ASK_DEPTH,"[(99873, 264)]"
2019-06-28 14:31:00,IMBALANCE,"[280, 264]"
2019-06-28 14:31:00,HOLDINGS_UPDATED,"{'CASH': 2045818, 'JPM': 63}"
2019-06-28 14:32:00,BID_DEPTH,"[(99642, 460)]"
2019-06-28 14:32:00,ASK_DEPTH,"[(99945, 453)]"
2019-06-28 14:32:00,IMBALANCE,"[460, 453]"
2019-06-28 14:32:00,HOLDINGS_UPDATED,"{'CASH': 1146313, 'JPM': 72}"
2019-06-28 14:33:00,BID_DEPTH,"[(100094, 478)]"
2019-06-28 14:33:00,ASK_DEPTH,"[(100683, 453)]"
2019-06-28 14:33:00,IMBALANCE,"[478, 453]"
2019-06-28 14:33:00,HOLDINGS_UPDATED,"{'CASH': 240166, 'JPM': 81}"
2019-06-28 14:34:00,BID_DEPTH,"[(100494, 229)]"
2019-06-28 14:34:00,ASK_DEPTH,"[(100748, 204)]"
2019-06-28 14:34:00,IMBALANCE,"[229, 204]"
2019-06-28 14:34:00,HOLDINGS_UPDATED,"{'CASH': -666566, 'JPM': 90}"
2019-06-28 14:35:00,BID_DEPTH,"[(100494, 91)]"
2019-06-28 14:35:00,ASK_DEPTH,[]
2019-06-28 14:35:00,IMBALANCE,"[91, 0]"
2019-06-28 14:36:00,BID_DEPTH,"[(100094, 385)]"
2019-06-28 14:36:00,ASK_DEPTH,"[(100494, 78)]"
2019-06-28 14:36:00,IMBALANCE,"[385, 78]"
2019-06-28 14:36:00,HOLDINGS_UPDATED,"{'CASH': -1571012, 'JPM': 99}"
2019-06-28 14:37:00,BID_DEPTH,"[(100094, 167)]"
2019-06-28 14:37:00,ASK_DEPTH,"[(100494, 54)]"
2019-06-28 14:37:00,IMBALANCE,"[167, 54]"
2019-06-28 14:37:00,HOLDINGS_UPDATED,"{'CASH': -2475458, 'JPM': 108}"
2019-06-28 14:38:00,BID_DEPTH,"[(100094, 185)]"
2019-06-28 14:38:00,ASK_DEPTH,"[(100494, 76)]"
2019-06-28 14:38:00,IMBALANCE,"[185, 76]"
2019-06-28 14:38:00,HOLDINGS_UPDATED,"{'CASH': -3379904, 'JPM': 117}"
2019-06-28 14:39:00,BID_DEPTH,"[(100094, 220)]"
2019-06-28 14:39:00,ASK_DEPTH,"[(100123, 204)]"
2019-06-28 14:39:00,IMBALANCE,"[220, 204]"
2019-06-28 14:39:00,HOLDINGS_UPDATED,"{'CASH': -4281011, 'JPM': 126}"
2019-06-28 14:40:00,BID_DEPTH,"[(100225, 289)]"
2019-06-28 14:40:00,ASK_DEPTH,"[(100236, 264)]"
2019-06-28 14:40:00,IMBALANCE,"[289, 264]"
2019-06-28 14:40:00,HOLDINGS_UPDATED,"{'CASH': -5183135, 'JPM': 135}"
2019-06-28 14:41:00,BID_DEPTH,"[(100225, 185)]"
2019-06-28 14:41:00,ASK_DEPTH,"[(100236, 169)]"
2019-06-28 14:41:00,IMBALANCE,"[185, 169]"
2019-06-28 14:41:00,HOLDINGS_UPDATED,"{'CASH': -6085259, 'JPM': 144}"
2019-06-28 14:42:00,BID_DEPTH,"[(100156, 478)]"
2019-06-28 14:42:00,ASK_DEPTH,"[(100494, 361)]"
2019-06-28 14:42:00,IMBALANCE,"[478, 361]"
2019-06-28 14:42:00,HOLDINGS_UPDATED,"{'CASH': -6989705, 'JPM': 153}"
2019-06-28 14:43:00,BID_DEPTH,"[(99984, 229)]"
2019-06-28 14:43:00,ASK_DEPTH,"[(100495, 181)]"
2019-06-28 14:43:00,IMBALANCE,"[229, 181]"
2019-06-28 14:43:00,HOLDINGS_UPDATED,"{'CASH': -7894160, 'JPM': 162}"
2019-06-28 14:44:00,BID_DEPTH,"[(99829, 176)]"
2019-06-28 14:44:00,ASK_DEPTH,"[(100219, 151)]"
2019-06-28 14:44:00,IMBALANCE,"[176, 151]"
2019-06-28 14:44:00,HOLDINGS_UPDATED,"{'CASH': -8796131, 'JPM': 171}"
2019-06-28 14:45:00,BID_DEPTH,"[(99799, 229)]"
2019-06-28 14:45:00,ASK_DEPTH,"[(99829, 110)]"
2019-06-28 14:45:00,IMBALANCE,"[229, 110]"
2019-06-28 14:45:00,HOLDINGS_UPDATED,"{'CASH': -9694592, 'JPM': 180}"
2019-06-28 14:46:00,BID_DEPTH,"[(100133, 176)]"
2019-06-28 14:46:00,ASK_DEPTH,"[(100219, 151)]"
2019-06-28 14:46:00,IMBALANCE,"[176, 151]"
2019-06-28 14:46:00,HOLDINGS_UPDATED,"{'CASH': -10596563, 'JPM': 189}"
2019-06-28 14:47:00,BID_DEPTH,"[(99984, 289)]"
2019-06-28 14:47:00,ASK_DEPTH,"[(100133, 288)]"
2019-06-28 14:47:00,IMBALANCE,"[289, 288]"
2019-06-28 14:47:00,HOLDINGS_UPDATED,"{'CASH': -11497760, 'JPM': 198}"
2019-06-28 14:48:00,BID_DEPTH,"[(99984, 478)]"
2019-06-28 14:48:00,ASK_DEPTH,"[(100133, 553)]"
2019-06-28 14:48:00,IMBALANCE,"[478, 553]"
2019-06-28 14:48:00,HOLDINGS_UPDATED,"{'CASH': -12398957, 'JPM': 207}"
2019-06-28 14:49:00,BID_DEPTH,"[(100094, 194)]"
2019-06-28 14:49:00,ASK_DEPTH,"[(100133, 144)]"
2019-06-28 14:49:00,IMBALANCE,"[194, 144]"
2019-06-28 14:49:00,HOLDINGS_UPDATED,"{'CASH': -13300154, 'JPM': 216}"
2019-06-28 14:50:00,BID_DEPTH,"[(100315, 100)]"
2019-06-28 14:50:00,ASK_DEPTH,[]
2019-06-28 14:50:00,IMBALANCE,"[100, 0]"
2019-06-28 14:51:00,BID_DEPTH,"[(100315, 100)]"
2019-06-28 14:51:00,ASK_DEPTH,[]
2019-06-28 14:51:00,IMBALANCE,"[100, 0]"
2019-06-28 14:52:00,BID_DEPTH,"[(100094, 100)]"
2019-06-28 14:52:00,ASK_DEPTH,[]
2019-06-28 14:52:00,IMBALANCE,"[100, 0]"
2019-06-28 14:53:00,BID_DEPTH,"[(99799, 100)]"
2019-06-28 14:53:00,ASK_DEPTH,[]
2019-06-28 14:53:00,IMBALANCE,"[100, 0]"
2019-06-28 14:54:00,BID_DEPTH,"[(99778, 100)]"
2019-06-28 14:54:00,ASK_DEPTH,[]
2019-06-28 14:54:00,IMBALANCE,"[100, 0]"
2019-06-28 14:55:00,BID_DEPTH,"[(99727, 194)]"
2019-06-28 14:55:00,ASK_DEPTH,"[(99817, 169)]"
2019-06-28 14:55:00,IMBALANCE,"[194, 169]"
2019-06-28 14:55:00,HOLDINGS_UPDATED,"{'CASH': -14198507, 'JPM': 225}"
2019-06-28 14:56:00,BID_DEPTH,"[(99898, 176)]"
2019-06-28 14:56:00,ASK_DEPTH,"[(100076, 151)]"
2019-06-28 14:56:00,IMBALANCE,"[176, 151]"
2019-06-28 14:56:00,HOLDINGS_UPDATED,"{'CASH': -15099191, 'JPM': 234}"
2019-06-28 14:57:00,BID_DEPTH,"[(99898, 176)]"
2019-06-28 14:57:00,ASK_DEPTH,"[(100021, 151)]"
2019-06-28 14:57:00,IMBALANCE,"[176, 151]"
2019-06-28 14:57:00,HOLDINGS_UPDATED,"{'CASH': -15999380, 'JPM': 243}"
2019-06-28 14:58:00,BID_DEPTH,"[(99898, 229)]"
2019-06-28 14:58:00,ASK_DEPTH,"[(100265, 204)]"
2019-06-28 14:58:00,IMBALANCE,"[229, 204]"
2019-06-28 14:58:00,HOLDINGS_UPDATED,"{'CASH': -16901765, 'JPM': 252}"
2019-06-28 14:59:00,BID_DEPTH,"[(100800, 176)]"
2019-06-28 14:59:00,ASK_DEPTH,"[(100863, 151)]"
2019-06-28 14:59:00,IMBALANCE,"[176, 151]"
2019-06-28 14:59:00,HOLDINGS_UPDATED,"{'CASH': -17809532, 'JPM': 261}"
2019-06-28 15:00:00,BID_DEPTH,"[(100731, 478)]"
2019-06-28 15:00:00,ASK_DEPTH,"[(100862, 453)]"
2019-06-28 15:00:00,IMBALANCE,"[478, 453]"
2019-06-28 15:00:00,HOLDINGS_UPDATED,"{'CASH': -18717290, 'JPM': 270}"
2019-06-28 15:01:00,BID_DEPTH,"[(100731, 229)]"
2019-06-28 15:01:00,ASK_DEPTH,"[(100899, 204)]"
2019-06-28 15:01:00,IMBALANCE,"[229, 204]"
2019-06-28 15:01:00,HOLDINGS_UPDATED,"{'CASH': -19625381, 'JPM': 279}"
2019-06-28 15:02:00,BID_DEPTH,"[(100607, 194)]"
2019-06-28 15:02:00,ASK_DEPTH,"[(100898, 169)]"
2019-06-28 15:02:00,IMBALANCE,"[194, 169]"
2019-06-28 15:02:00,HOLDINGS_UPDATED,"{'CASH': -20533463, 'JPM': 288}"
2019-06-28 15:03:00,BID_DEPTH,"[(100449, 289)]"
2019-06-28 15:03:00,ASK_DEPTH,"[(100595, 264)]"
2019-06-28 15:03:00,IMBALANCE,"[289, 264]"
2019-06-28 15:03:00,HOLDINGS_UPDATED,"{'CASH': -21438818, 'JPM': 297}"
2019-06-28 15:04:00,BID_DEPTH,"[(100348, 194)]"
2019-06-28 15:04:00,ASK_DEPTH,"[(100897, 169)]"
2019-06-28 15:04:00,IMBALANCE,"[194, 169]"
2019-06-28 15:04:00,HOLDINGS_UPDATED,"{'CASH': -22346891, 'JPM': 306}"
2019-06-28 15:05:00,BID_DEPTH,"[(100159, 176)]"
2019-06-28 15:05:00,ASK_DEPTH,"[(100898, 151)]"
2019-06-28 15:05:00,IMBALANCE,"[176, 151]"
2019-06-28 15:05:00,HOLDINGS_UPDATED,"{'CASH': -23254973, 'JPM': 315}"
2019-06-28 15:06:00,BID_DEPTH,"[(100247, 194)]"
2019-06-28 15:06:00,ASK_DEPTH,"[(100541, 169)]"
2019-06-28 15:06:00,IMBALANCE,"[194, 169]"
2019-06-28 15:06:00,HOLDINGS_UPDATED,"{'CASH': -24159842, 'JPM': 324}"
2019-06-28 15:07:00,BID_DEPTH,"[(100159, 176)]"
2019-06-28 15:07:00,ASK_DEPTH,"[(100270, 151)]"
2019-06-28 15:07:00,IMBALANCE,"[176, 151]"
2019-06-28 15:07:00,HOLDINGS_UPDATED,"{'CASH': -25062272, 'JPM': 333}"
2019-06-28 15:08:00,BID_DEPTH,"[(99898, 176)]"
2019-06-28 15:08:00,ASK_DEPTH,"[(100049, 151)]"
2019-06-28 15:08:00,IMBALANCE,"[176, 151]"
2019-06-28 15:08:00,HOLDINGS_UPDATED,"{'CASH': -25962713, 'JPM': 342}"
2019-06-28 15:09:00,BID_DEPTH,"[(99898, 194)]"
2019-06-28 15:09:00,ASK_DEPTH,"[(100049, 369)]"
2019-06-28 15:09:00,IMBALANCE,"[194, 369]"
2019-06-28 15:09:00,HOLDINGS_UPDATED,"{'CASH': -26863154, 'JPM': 351}"
2019-06-28 15:10:00,BID_DEPTH,"[(99936, 213)]"
2019-06-28 15:10:00,ASK_DEPTH,"[(100049, 339)]"
2019-06-28 15:10:00,IMBALANCE,"[213, 339]"
2019-06-28 15:10:00,HOLDINGS_UPDATED,"{'CASH': -27763595, 'JPM': 360}"
2019-06-28 15:11:00,BID_DEPTH,"[(99936, 213)]"
2019-06-28 15:11:00,ASK_DEPTH,"[(100541, 364)]"
2019-06-28 15:11:00,IMBALANCE,"[213, 364]"
2019-06-28 15:11:00,HOLDINGS_UPDATED,"{'CASH': -28668464, 'JPM': 369}"
2019-06-28 15:12:00,BID_DEPTH,"[(100234, 229)]"
2019-06-28 15:12:00,ASK_DEPTH,"[(100541, 279)]"
2019-06-28 15:12:00,IMBALANCE,"[229, 279]"
2019-06-28 15:12:00,HOLDINGS_UPDATED,"{'CASH': -29573333, 'JPM': 378}"
2019-06-28 15:13:00,BID_DEPTH,"[(100234, 229)]"
2019-06-28 15:13:00,ASK_DEPTH,"[(100835, 204)]"
2019-06-28 15:13:00,IMBALANCE,"[229, 204]"
2019-06-28 15:13:00,HOLDINGS_UPDATED,"{'CASH': -30480848, 'JPM': 387}"
2019-06-28 15:14:00,BID_DEPTH,"[(100717, 176)]"
2019-06-28 15:14:00,ASK_DEPTH,"[(100753, 151)]"
2019-06-28 15:14:00,IMBALANCE,"[176, 151]"
2019-06-28 15:14:00,HOLDINGS_UPDATED,"{'CASH': -31387625, 'JPM': 396}"
2019-06-28 15:15:00,BID_DEPTH,"[(100717, 478)]"
2019-06-28 15:15:00,ASK_DEPTH,"[(100786, 453)]"
2019-06-28 15:15:00,IMBALANCE,"[478, 453]"
2019-06-28 15:15:00,HOLDINGS_UPDATED,"{'CASH': -32294699, 'JPM': 405}"
2019-06-28 15:16:00,BID_DEPTH,"[(100717, 194)]"
2019-06-28 15:16:00,ASK_DEPTH,"[(101250, 169)]"
2019-06-28 15:16:00,IMBALANCE,"[194, 169]"
2019-06-28 15:16:00,HOLDINGS_UPDATED,"{'CASH': -33205949, 'JPM': 414}"
2019-06-28 15:17:00,BID_DEPTH,"[(100685, 194)]"
2019-06-28 15:17:00,ASK_DEPTH,"[(101143, 169)]"
2019-06-28 15:17:00,IMBALANCE,"[194, 169]"
2019-06-28 15:17:00,HOLDINGS_UPDATED,"{'CASH': -34116236, 'JPM': 423}"
2019-06-28 15:18:00,BID_DEPTH,"[(101167, 176)]"
2019-06-28 15:18:00,ASK_DEPTH,"[(101266, 151)]"
2019-06-28 15:18:00,IMBALANCE,"[176, 151]"
2019-06-28 15:18:00,HOLDINGS_UPDATED,"{'CASH': -35027630, 'JPM': 432}"
2019-06-28 15:19:00,BID_DEPTH,"[(101368, 176)]"
2019-06-28 15:19:00,ASK_DEPTH,"[(101417, 151)]"
2019-06-28 15:19:00,IMBALANCE,"[176, 151]"
2019-06-28 15:19:00,HOLDINGS_UPDATED,"{'CASH': -35940383, 'JPM': 441}"
2019-06-28 15:20:00,BID_DEPTH,"[(101417, 125)]"
2019-06-28 15:20:00,ASK_DEPTH,"[(101632, 151)]"
2019-06-28 15:20:00,IMBALANCE,"[125, 151]"
2019-06-28 15:20:00,HOLDINGS_UPDATED,"{'CASH': -36855071, 'JPM': 450}"
2019-06-28 15:21:00,BID_DEPTH,"[(101417, 143)]"
2019-06-28 15:21:00,ASK_DEPTH,"[(101632, 169)]"
2019-06-28 15:21:00,IMBALANCE,"[143, 169]"
2019-06-28 15:21:00,HOLDINGS_UPDATED,"{'CASH': -37769759, 'JPM': 459}"
2019-06-28 15:22:00,BID_DEPTH,"[(101392, 478)]"
2019-06-28 15:22:00,ASK_DEPTH,"[(101417, 404)]"
2019-06-28 15:22:00,IMBALANCE,"[478, 404]"
2019-06-28 15:22:00,HOLDINGS_UPDATED,"{'CASH': -38682512, 'JPM': 468}"
2019-06-28 15:23:00,BID_DEPTH,"[(101213, 289)]"
2019-06-28 15:23:00,ASK_DEPTH,"[(101368, 264)]"
2019-06-28 15:23:00,IMBALANCE,"[289, 264]"
2019-06-28 15:23:00,HOLDINGS_UPDATED,"{'CASH': -39594824, 'JPM': 477}"
2019-06-28 15:24:00,BID_DEPTH,"[(100791, 229)]"
2019-06-28 15:24:00,ASK_DEPTH,"[(101213, 204)]"
2019-06-28 15:24:00,IMBALANCE,"[229, 204]"
2019-06-28 15:24:00,HOLDINGS_UPDATED,"{'CASH': -40505741, 'JPM': 486}"
2019-06-28 15:25:00,BID_DEPTH,"[(100676, 194)]"
2019-06-28 15:25:00,ASK_DEPTH,"[(100791, 169)]"
2019-06-28 15:25:00,IMBALANCE,"[194, 169]"
2019-06-28 15:25:00,HOLDINGS_UPDATED,"{'CASH': -41412860, 'JPM': 495}"
2019-06-28 15:26:00,BID_DEPTH,"[(100676, 478)]"
2019-06-28 15:26:00,ASK_DEPTH,"[(100791, 553)]"
2019-06-28 15:26:00,IMBALANCE,"[478, 553]"
2019-06-28 15:26:00,HOLDINGS_UPDATED,"{'CASH': -42319979, 'JPM': 504}"
2019-06-28 15:27:00,BID_DEPTH,"[(100676, 229)]"
2019-06-28 15:27:00,ASK_DEPTH,"[(100791, 179)]"
2019-06-28 15:27:00,IMBALANCE,"[229, 179]"
2019-06-28 15:27:00,HOLDINGS_UPDATED,"{'CASH': -43227098, 'JPM': 513}"
2019-06-28 15:28:00,BID_DEPTH,"[(100647, 478)]"
2019-06-28 15:28:00,ASK_DEPTH,"[(101368, 453)]"
2019-06-28 15:28:00,IMBALANCE,"[478, 453]"
2019-06-28 15:28:00,HOLDINGS_UPDATED,"{'CASH': -44139410, 'JPM': 522}"
2019-06-28 15:29:00,BID_DEPTH,"[(100552, 100)]"
2019-06-28 15:29:00,ASK_DEPTH,[]
2019-06-28 15:29:00,IMBALANCE,"[100, 0]"
2019-06-28 15:30:00,BID_DEPTH,"[(100552, 289)]"
2019-06-28 15:30:00,ASK_DEPTH,"[(100706, 264)]"
2019-06-28 15:30:00,IMBALANCE,"[289, 264]"
2019-06-28 15:30:00,HOLDINGS_UPDATED,"{'CASH': -45045764, 'JPM': 531}"
2019-06-28 15:31:00,BID_DEPTH,"[(100472, 229)]"
2019-06-28 15:31:00,ASK_DEPTH,"[(100706, 404)]"
2019-06-28 15:31:00,IMBALANCE,"[229, 404]"
2019-06-28 15:31:00,HOLDINGS_UPDATED,"{'CASH': -45952118, 'JPM': 540}"
2019-06-28 15:32:00,BID_DEPTH,"[(100472, 229)]"
2019-06-28 15:32:00,ASK_DEPTH,"[(100706, 479)]"
2019-06-28 15:32:00,IMBALANCE,"[229, 479]"
2019-06-28 15:32:00,HOLDINGS_UPDATED,"{'CASH': -46858472, 'JPM': 549}"
2019-06-28 15:33:00,BID_DEPTH,"[(100234, 289)]"
2019-06-28 15:33:00,ASK_DEPTH,"[(100706, 414)]"
2019-06-28 15:33:00,IMBALANCE,"[289, 414]"
2019-06-28 15:33:00,HOLDINGS_UPDATED,"{'CASH': -47764826, 'JPM': 558}"
2019-06-28 15:34:00,BID_DEPTH,"[(100472, 229)]"
2019-06-28 15:34:00,ASK_DEPTH,"[(100706, 329)]"
2019-06-28 15:34:00,IMBALANCE,"[229, 329]"
2019-06-28 15:34:00,HOLDINGS_UPDATED,"{'CASH': -48671180, 'JPM': 567}"
2019-06-28 15:35:00,BID_DEPTH,"[(100342, 176)]"
2019-06-28 15:35:00,ASK_DEPTH,"[(100705, 251)]"
2019-06-28 15:35:00,IMBALANCE,"[176, 251]"
2019-06-28 15:35:00,HOLDINGS_UPDATED,"{'CASH': -49577525, 'JPM': 576}"
2019-06-28 15:36:00,BID_DEPTH,"[(100342, 229)]"
2019-06-28 15:36:00,ASK_DEPTH,"[(100439, 204)]"
2019-06-28 15:36:00,IMBALANCE,"[229, 204]"
2019-06-28 15:36:00,HOLDINGS_UPDATED,"{'CASH': -50481476, 'JPM': 585}"
2019-06-28 15:37:00,BID_DEPTH,"[(100439, 289)]"
2019-06-28 15:37:00,ASK_DEPTH,"[(100705, 239)]"
2019-06-28 15:37:00,IMBALANCE,"[289, 239]"
2019-06-28 15:37:00,HOLDINGS_UPDATED,"{'CASH': -51387821, 'JPM': 594}"
2019-06-28 15:38:00,BID_DEPTH,"[(100342, 176)]"
2019-06-28 15:38:00,ASK_DEPTH,"[(100458, 151)]"
2019-06-28 15:38:00,IMBALANCE,"[176, 151]"
2019-06-28 15:38:00,HOLDINGS_UPDATED,"{'CASH': -52291943, 'JPM': 603}"
2019-06-28 15:39:00,BID_DEPTH,"[(100458, 478)]"
2019-06-28 15:39:00,ASK_DEPTH,"[(100706, 453)]"
2019-06-28 15:39:00,IMBALANCE,"[478, 453]"
2019-06-28 15:39:00,HOLDINGS_UPDATED,"{'CASH': -53198297, 'JPM': 612}"
2019-06-28 15:40:00,BID_DEPTH,"[(100292, 478)]"
2019-06-28 15:40:00,ASK_DEPTH,"[(100374, 453)]"
2019-06-28 15:40:00,IMBALANCE,"[478, 453]"
2019-06-28 15:40:00,HOLDINGS_UPDATED,"{'CASH': -54101663, 'JPM': 621}"
2019-06-28 15:41:00,BID_DEPTH,"[(100273, 194)]"
2019-06-28 15:41:00,ASK_DEPTH,"[(100393, 169)]"
2019-06-28 15:41:00,IMBALANCE,"[194, 169]"
2019-06-28 15:41:00,HOLDINGS_UPDATED,"{'CASH': -55005200, 'JPM': 630}"
2019-06-28 15:42:00,BID_DEPTH,"[(100222, 176)]"
2019-06-28 15:42:00,ASK_DEPTH,"[(100339, 151)]"
2019-06-28 15:42:00,IMBALANCE,"[176, 151]"
2019-06-28 15:42:00,HOLDINGS_UPDATED,"{'CASH': -55908251, 'JPM': 639}"
2019-06-28 15:43:00,BID_DEPTH,"[(100222, 229)]"
2019-06-28 15:43:00,ASK_DEPTH,"[(100299, 204)]"
2019-06-28 15:43:00,IMBALANCE,"[229, 204]"
2019-06-28 15:43:00,HOLDINGS_UPDATED,"{'CASH': -56810942, 'JPM': 648}"
2019-06-28 15:44:00,BID_DEPTH,"[(100220, 453)]"
2019-06-28 15:44:00,ASK_DEPTH,"[(100450, 478)]"
2019-06-28 15:44:00,IMBALANCE,"[453, 478]"
2019-06-28 15:44:00,HOLDINGS_UPDATED,"{'CASH': -55908962, 'JPM': 639}"
2019-06-28 15:45:00,BID_DEPTH,"[(100186, 453)]"
2019-06-28 15:45:00,ASK_DEPTH,"[(100220, 478)]"
2019-06-28 15:45:00,IMBALANCE,"[453, 478]"
2019-06-28 15:45:00,HOLDINGS_UPDATED,"{'CASH': -55007288, 'JPM': 630}"
2019-06-28 15:46:00,BID_DEPTH,"[(100167, 264)]"
2019-06-28 15:46:00,ASK_DEPTH,"[(100220, 289)]"
2019-06-28 15:46:00,IMBALANCE,"[264, 289]"
2019-06-28 15:46:00,HOLDINGS_UPDATED,"{'CASH': -54105785, 'JPM': 621}"
2019-06-28 15:47:00,BID_DEPTH,"[(100167, 169)]"
2019-06-28 15:47:00,ASK_DEPTH,"[(100219, 194)]"
2019-06-28 15:47:00,IMBALANCE,"[169, 194]"
2019-06-28 15:47:00,HOLDINGS_UPDATED,"{'CASH': -53204282, 'JPM': 612}"
2019-06-28 15:48:00,BID_DEPTH,"[(100165, 169)]"
2019-06-28 15:48:00,ASK_DEPTH,"[(100450, 194)]"
2019-06-28 15:48:00,IMBALANCE,"[169, 194]"
2019-06-28 15:48:00,HOLDINGS_UPDATED,"{'CASH': -52302797, 'JPM': 603}"
2019-06-28 15:49:00,BID_DEPTH,"[(100371, 151)]"
2019-06-28 15:49:00,ASK_DEPTH,"[(100387, 176)]"
2019-06-28 15:49:00,IMBALANCE,"[151, 176]"
2019-06-28 15:49:00,HOLDINGS_UPDATED,"{'CASH': -51399458, 'JPM': 594}"
2019-06-28 15:50:00,BID_DEPTH,"[(100371, 151)]"
2019-06-28 15:50:00,ASK_DEPTH,"[(100387, 176)]"
2019-06-28 15:50:00,IMBALANCE,"[151, 176]"
2019-06-28 15:50:00,HOLDINGS_UPDATED,"{'CASH': -50496119, 'JPM': 585}"
2019-06-28 15:51:00,BID_DEPTH,"[(100342, 204)]"
2019-06-28 15:51:00,ASK_DEPTH,"[(100450, 229)]"
2019-06-28 15:51:00,IMBALANCE,"[204, 229]"
2019-06-28 15:51:00,HOLDINGS_UPDATED,"{'CASH': -49593041, 'JPM': 576}"
2019-06-28 15:52:00,BID_DEPTH,"[(100082, 264)]"
2019-06-28 15:52:00,ASK_DEPTH,"[(100450, 289)]"
2019-06-28 15:52:00,IMBALANCE,"[264, 289]"
2019-06-28 15:52:00,HOLDINGS_UPDATED,"{'CASH': -48692303, 'JPM': 567}"
2019-06-28 15:53:00,BID_DEPTH,"[(100082, 169)]"
2019-06-28 15:53:00,ASK_DEPTH,"[(100450, 194)]"
2019-06-28 15:53:00,IMBALANCE,"[169, 194]"
2019-06-28 15:53:00,HOLDINGS_UPDATED,"{'CASH': -47791565, 'JPM': 558}"
2019-06-28 15:54:00,BID_DEPTH,"[(100198, 151)]"
2019-06-28 15:54:00,ASK_DEPTH,"[(100319, 176)]"
2019-06-28 15:54:00,IMBALANCE,"[151, 176]"
2019-06-28 15:54:00,HOLDINGS_UPDATED,"{'CASH': -46889783, 'JPM': 549}"
2019-06-28 15:55:00,BID_DEPTH,"[(100385, 151)]"
2019-06-28 15:55:00,ASK_DEPTH,"[(100683, 176)]"
2019-06-28 15:55:00,IMBALANCE,"[151, 176]"
2019-06-28 15:55:00,HOLDINGS_UPDATED,"{'CASH': -45986318, 'JPM': 540}"
2019-06-28 15:56:00,BID_DEPTH,"[(100064, 264)]"
2019-06-28 15:56:00,ASK_DEPTH,"[(100385, 238)]"
2019-06-28 15:56:00,IMBALANCE,"[264, 238]"
2019-06-28 15:56:00,HOLDINGS_UPDATED,"{'CASH': -45085742, 'JPM': 531}"
2019-06-28 15:57:00,BID_DEPTH,"[(100042, 264)]"
2019-06-28 15:57:00,ASK_DEPTH,"[(100385, 238)]"
2019-06-28 15:57:00,IMBALANCE,"[264, 238]"
2019-06-28 15:57:00,HOLDINGS_UPDATED,"{'CASH': -44185364, 'JPM': 522}"
2019-06-28 15:58:00,BID_DEPTH,"[(99968, 264)]"
2019-06-28 15:58:00,ASK_DEPTH,"[(100030, 289)]"
2019-06-28 15:58:00,IMBALANCE,"[264, 289]"
2019-06-28 15:58:00,HOLDINGS_UPDATED,"{'CASH': -43285652, 'JPM': 513}"
2019-06-28 15:59:00,BID_DEPTH,"[(99601, 169)]"
2019-06-28 15:59:00,ASK_DEPTH,"[(100030, 285)]"
2019-06-28 15:59:00,IMBALANCE,"[169, 285]"
2019-06-28 15:59:00,HOLDINGS_UPDATED,"{'CASH': -42389243, 'JPM': 504}"
2019-06-28 16:00:00,BID_DEPTH,"[(99501, 151)]"
2019-06-28 16:00:00,ASK_DEPTH,"[(100030, 258)]"
2019-06-28 16:00:00,IMBALANCE,"[151, 258]"
2019-06-28 16:00:00,HOLDINGS_UPDATED,"{'CASH': -41493734, 'JPM': 495}"
2019-06-28 16:01:00,BID_DEPTH,"[(99501, 51)]"
2019-06-28 16:01:00,ASK_DEPTH,"[(100030, 249)]"
2019-06-28 16:01:00,IMBALANCE,"[51, 249]"
2019-06-28 16:01:00,MKT_CLOSED,
2019-06-28 16:01:00,FINAL_HOLDINGS,"{ JPM: 495, CASH: -41493734 }"
2019-06-28 16:01:00,FINAL_CASH_POSITION,-41493734
2019-06-28 16:01:00,MARK_TO_MARKET,495 JPM @ 100030 == 49514850
2019-06-28 16:01:00,MARKED_TO_MARKET,8021116
2019-06-28 16:01:00,ENDING_CASH,8021116
