EventTime,EventType,Event
,AGENT_TYPE,MomentumAgent
,STARTING_CASH,10000000
2019-06-28 09:30:00,HOLDINGS_UPDATED,{'CASH': 10000000}
2019-06-28 09:31:00,BID_DEPTH,"[(99973, 212)]"
2019-06-28 09:31:00,ASK_DEPTH,"[(100019, 212)]"
2019-06-28 09:31:00,IMBALANCE,"[212, 212]"
2019-06-28 09:32:00,BID_DEPTH,"[(100019, 547)]"
2019-06-28 09:32:00,ASK_DEPTH,"[(100038, 547)]"
2019-06-28 09:32:00,IMBALANCE,"[547, 547]"
2019-06-28 09:33:00,BID_DEPTH,"[(100019, 352)]"
2019-06-28 09:33:00,ASK_DEPTH,"[(100038, 252)]"
2019-06-28 09:33:00,IMBALANCE,"[352, 252]"
2019-06-28 09:34:00,BID_DEPTH,"[(100019, 424)]"
2019-06-28 09:34:00,ASK_DEPTH,"[(100049, 324)]"
2019-06-28 09:34:00,IMBALANCE,"[424, 324]"
2019-06-28 09:35:00,BID_DEPTH,"[(100019, 352)]"
2019-06-28 09:35:00,ASK_DEPTH,"[(100037, 352)]"
2019-06-28 09:35:00,IMBALANCE,"[352, 352]"
2019-06-28 09:36:00,BID_DEPTH,"[(99996, 212)]"
2019-06-28 09:36:00,ASK_DEPTH,"[(100036, 212)]"
2019-06-28 09:36:00,IMBALANCE,"[212, 212]"
2019-06-28 09:37:00,BID_DEPTH,"[(99955, 212)]"
2019-06-28 09:37:00,ASK_DEPTH,"[(99996, 212)]"
2019-06-28 09:37:00,IMBALANCE,"[212, 212]"
2019-06-28 09:38:00,BID_DEPTH,"[(99954, 312)]"
2019-06-28 09:38:00,ASK_DEPTH,"[(99996, 412)]"
2019-06-28 09:38:00,IMBALANCE,"[312, 412]"
2019-06-28 09:39:00,BID_DEPTH,"[(99951, 324)]"
2019-06-28 09:39:00,ASK_DEPTH,"[(99953, 272)]"
2019-06-28 09:39:00,IMBALANCE,"[324, 272]"
2019-06-28 09:40:00,BID_DEPTH,"[(99930, 212)]"
2019-06-28 09:40:00,ASK_DEPTH,"[(99953, 160)]"
2019-06-28 09:40:00,IMBALANCE,"[212, 160]"
2019-06-28 09:41:00,BID_DEPTH,"[(99860, 312)]"
2019-06-28 09:41:00,ASK_DEPTH,"[(99953, 160)]"
2019-06-28 09:41:00,IMBALANCE,"[312, 160]"
2019-06-28 09:42:00,BID_DEPTH,"[(99860, 312)]"
2019-06-28 09:42:00,ASK_DEPTH,"[(99930, 312)]"
2019-06-28 09:42:00,IMBALANCE,"[312, 312]"
2019-06-28 09:43:00,BID_DEPTH,"[(99854, 212)]"
2019-06-28 09:43:00,ASK_DEPTH,"[(99930, 312)]"
2019-06-28 09:43:00,IMBALANCE,"[212, 312]"
2019-06-28 09:44:00,BID_DEPTH,"[(99854, 189)]"
2019-06-28 09:44:00,ASK_DEPTH,"[(99860, 189)]"
2019-06-28 09:44:00,IMBALANCE,"[189, 189]"
2019-06-28 09:45:00,BID_DEPTH,"[(99854, 547)]"
2019-06-28 09:45:00,ASK_DEPTH,"[(99860, 547)]"
2019-06-28 09:45:00,IMBALANCE,"[547, 547]"
2019-06-28 09:46:00,BID_DEPTH,"[(99829, 189)]"
2019-06-28 09:46:00,ASK_DEPTH,"[(99860, 189)]"
2019-06-28 09:46:00,IMBALANCE,"[189, 189]"
2019-06-28 09:47:00,BID_DEPTH,"[(99601, 547)]"
2019-06-28 09:47:00,ASK_DEPTH,"[(99860, 547)]"
2019-06-28 09:47:00,IMBALANCE,"[547, 547]"
2019-06-28 09:48:00,BID_DEPTH,"[(99601, 252)]"
2019-06-28 09:48:00,ASK_DEPTH,"[(99844, 252)]"
2019-06-28 09:48:00,IMBALANCE,"[252, 252]"
2019-06-28 09:49:00,BID_DEPTH,"[(99601, 324)]"
2019-06-28 09:49:00,ASK_DEPTH,"[(99844, 324)]"
2019-06-28 09:49:00,IMBALANCE,"[324, 324]"
2019-06-28 09:50:00,BID_DEPTH,"[(99581, 212)]"
2019-06-28 09:50:00,ASK_DEPTH,"[(99844, 212)]"
2019-06-28 09:50:00,IMBALANCE,"[212, 212]"
2019-06-28 09:51:00,BID_DEPTH,"[(99560, 324)]"
2019-06-28 09:51:00,ASK_DEPTH,"[(99830, 424)]"
2019-06-28 09:51:00,IMBALANCE,"[324, 424]"
2019-06-28 09:52:00,BID_DEPTH,"[(99560, 189)]"
2019-06-28 09:52:00,ASK_DEPTH,"[(99830, 289)]"
2019-06-28 09:52:00,IMBALANCE,"[189, 289]"
2019-06-28 09:53:00,BID_DEPTH,"[(99582, 324)]"
2019-06-28 09:53:00,ASK_DEPTH,"[(99830, 424)]"
2019-06-28 09:53:00,IMBALANCE,"[324, 424]"
2019-06-28 09:54:00,BID_DEPTH,"[(99582, 252)]"
2019-06-28 09:54:00,ASK_DEPTH,"[(99830, 352)]"
2019-06-28 09:54:00,IMBALANCE,"[252, 352]"
2019-06-28 09:55:00,BID_DEPTH,"[(99582, 212)]"
2019-06-28 09:55:00,ASK_DEPTH,"[(99601, 412)]"
2019-06-28 09:55:00,IMBALANCE,"[212, 412]"
2019-06-28 09:56:00,BID_DEPTH,"[(99582, 189)]"
2019-06-28 09:56:00,ASK_DEPTH,"[(99601, 589)]"
2019-06-28 09:56:00,IMBALANCE,"[189, 589]"
2019-06-28 09:57:00,BID_DEPTH,"[(99560, 324)]"
2019-06-28 09:57:00,ASK_DEPTH,"[(99601, 724)]"
2019-06-28 09:57:00,IMBALANCE,"[324, 724]"
2019-06-28 09:58:00,BID_DEPTH,"[(99397, 252)]"
2019-06-28 09:58:00,ASK_DEPTH,"[(99560, 252)]"
2019-06-28 09:58:00,IMBALANCE,"[252, 252]"
2019-06-28 09:59:00,BID_DEPTH,"[(99397, 547)]"
2019-06-28 09:59:00,ASK_DEPTH,"[(99560, 547)]"
2019-06-28 09:59:00,IMBALANCE,"[547, 547]"
2019-06-28 10:00:00,BID_DEPTH,"[(99512, 547)]"
2019-06-28 10:00:00,ASK_DEPTH,"[(99530, 547)]"
2019-06-28 10:00:00,IMBALANCE,"[547, 547]"
2019-06-28 10:01:00,BID_DEPTH,"[(99512, 324)]"
2019-06-28 10:01:00,ASK_DEPTH,"[(99530, 324)]"
2019-06-28 10:01:00,IMBALANCE,"[324, 324]"
2019-06-28 10:02:00,BID_DEPTH,"[(99512, 189)]"
2019-06-28 10:02:00,ASK_DEPTH,"[(99560, 189)]"
2019-06-28 10:02:00,IMBALANCE,"[189, 189]"
2019-06-28 10:03:00,BID_DEPTH,"[(99512, 189)]"
2019-06-28 10:03:00,ASK_DEPTH,"[(99529, 289)]"
2019-06-28 10:03:00,IMBALANCE,"[189, 289]"
2019-06-28 10:04:00,BID_DEPTH,"[(99512, 189)]"
2019-06-28 10:04:00,ASK_DEPTH,"[(99529, 289)]"
2019-06-28 10:04:00,IMBALANCE,"[189, 289]"
2019-06-28 10:05:00,BID_DEPTH,"[(99512, 324)]"
2019-06-28 10:05:00,ASK_DEPTH,"[(99529, 524)]"
2019-06-28 10:05:00,IMBALANCE,"[324, 524]"
2019-06-28 10:06:00,BID_DEPTH,"[(99512, 547)]"
2019-06-28 10:06:00,ASK_DEPTH,"[(99529, 847)]"
2019-06-28 10:06:00,IMBALANCE,"[547, 847]"
2019-06-28 10:07:00,BID_DEPTH,"[(99512, 547)]"
2019-06-28 10:07:00,ASK_DEPTH,"[(99529, 847)]"
2019-06-28 10:07:00,IMBALANCE,"[547, 847]"
2019-06-28 10:08:00,BID_DEPTH,"[(99217, 189)]"
2019-06-28 10:08:00,ASK_DEPTH,"[(99439, 189)]"
2019-06-28 10:08:00,IMBALANCE,"[189, 189]"
2019-06-28 10:09:00,BID_DEPTH,"[(99160, 547)]"
2019-06-28 10:09:00,ASK_DEPTH,"[(99439, 547)]"
2019-06-28 10:09:00,IMBALANCE,"[547, 547]"
2019-06-28 10:10:00,BID_DEPTH,"[(99143, 324)]"
2019-06-28 10:10:00,ASK_DEPTH,"[(99197, 324)]"
2019-06-28 10:10:00,IMBALANCE,"[324, 324]"
2019-06-28 10:11:00,BID_DEPTH,"[(99063, 212)]"
2019-06-28 10:11:00,ASK_DEPTH,"[(99197, 212)]"
2019-06-28 10:11:00,IMBALANCE,"[212, 212]"
2019-06-28 10:12:00,BID_DEPTH,"[(99063, 252)]"
2019-06-28 10:12:00,ASK_DEPTH,"[(99123, 252)]"
2019-06-28 10:12:00,IMBALANCE,"[252, 252]"
2019-06-28 10:13:00,BID_DEPTH,"[(99063, 212)]"
2019-06-28 10:13:00,ASK_DEPTH,"[(99197, 212)]"
2019-06-28 10:13:00,IMBALANCE,"[212, 212]"
2019-06-28 10:14:00,BID_DEPTH,"[(99063, 212)]"
2019-06-28 10:14:00,ASK_DEPTH,"[(99197, 212)]"
2019-06-28 10:14:00,IMBALANCE,"[212, 212]"
2019-06-28 10:15:00,BID_DEPTH,"[(99063, 189)]"
2019-06-28 10:15:00,ASK_DEPTH,"[(99122, 189)]"
2019-06-28 10:15:00,IMBALANCE,"[189, 189]"
2019-06-28 10:16:00,BID_DEPTH,"[(99063, 547)]"
2019-06-28 10:16:00,ASK_DEPTH,"[(99122, 547)]"
2019-06-28 10:16:00,IMBALANCE,"[547, 547]"
2019-06-28 10:17:00,BID_DEPTH,"[(99063, 212)]"
2019-06-28 10:17:00,ASK_DEPTH,"[(99122, 212)]"
2019-06-28 10:17:00,IMBALANCE,"[212, 212]"
2019-06-28 10:18:00,BID_DEPTH,"[(99050, 212)]"
2019-06-28 10:18:00,ASK_DEPTH,"[(99122, 212)]"
2019-06-28 10:18:00,IMBALANCE,"[212, 212]"
2019-06-28 10:19:00,BID_DEPTH,"[(99050, 189)]"
2019-06-28 10:19:00,ASK_DEPTH,"[(99122, 189)]"
2019-06-28 10:19:00,IMBALANCE,"[189, 189]"
2019-06-28 10:20:00,BID_DEPTH,"[(99050, 189)]"
2019-06-28 10:20:00,ASK_DEPTH,"[(99121, 289)]"
2019-06-28 10:20:00,IMBALANCE,"[189, 289]"
2019-06-28 10:21:00,BID_DEPTH,"[(99050, 196)]"
2019-06-28 10:21:00,ASK_DEPTH,"[(99121, 324)]"
2019-06-28 10:21:00,IMBALANCE,"[196, 324]"
2019-06-28 10:21:00,HOLDINGS_UPDATED,"{'CASH': 10198100, 'JPM': -2}"
2019-06-28 10:22:00,BID_DEPTH,"[(98986, 84)]"
2019-06-28 10:22:00,ASK_DEPTH,"[(98997, 212)]"
2019-06-28 10:22:00,IMBALANCE,"[84, 212]"
2019-06-28 10:22:00,HOLDINGS_UPDATED,"{'CASH': 10396072, 'JPM': -4}"
2019-06-28 10:23:00,BID_DEPTH,"[(98985, 296)]"
2019-06-28 10:23:00,ASK_DEPTH,"[(98997, 324)]"
2019-06-28 10:23:00,IMBALANCE,"[296, 324]"
2019-06-28 10:23:00,HOLDINGS_UPDATED,"{'CASH': 10594042, 'JPM': -6}"
2019-06-28 10:24:00,BID_DEPTH,"[(98991, 419)]"
2019-06-28 10:24:00,ASK_DEPTH,"[(98997, 547)]"
2019-06-28 10:24:00,IMBALANCE,"[419, 547]"
2019-06-28 10:24:00,HOLDINGS_UPDATED,"{'CASH': 10792024, 'JPM': -8}"
2019-06-28 10:25:00,BID_DEPTH,"[(98991, 124)]"
2019-06-28 10:25:00,ASK_DEPTH,"[(99122, 252)]"
2019-06-28 10:25:00,IMBALANCE,"[124, 252]"
2019-06-28 10:25:00,HOLDINGS_UPDATED,"{'CASH': 10990006, 'JPM': -10}"
2019-06-28 10:26:00,BID_DEPTH,"[(99106, 124)]"
2019-06-28 10:26:00,ASK_DEPTH,"[(99122, 252)]"
2019-06-28 10:26:00,IMBALANCE,"[124, 252]"
2019-06-28 10:26:00,HOLDINGS_UPDATED,"{'CASH': 11188218, 'JPM': -12}"
2019-06-28 10:27:00,BID_DEPTH,"[(99055, 84)]"
2019-06-28 10:27:00,ASK_DEPTH,"[(99122, 212)]"
2019-06-28 10:27:00,IMBALANCE,"[84, 212]"
2019-06-28 10:27:00,HOLDINGS_UPDATED,"{'CASH': 11386328, 'JPM': -14}"
2019-06-28 10:28:00,BID_DEPTH,"[(99031, 84)]"
2019-06-28 10:28:00,ASK_DEPTH,"[(99055, 212)]"
2019-06-28 10:28:00,IMBALANCE,"[84, 212]"
2019-06-28 10:28:00,HOLDINGS_UPDATED,"{'CASH': 11584390, 'JPM': -16}"
2019-06-28 10:29:00,BID_DEPTH,"[(98957, 196)]"
2019-06-28 10:29:00,ASK_DEPTH,"[(99122, 324)]"
2019-06-28 10:29:00,IMBALANCE,"[196, 324]"
2019-06-28 10:29:00,HOLDINGS_UPDATED,"{'CASH': 11782304, 'JPM': -18}"
2019-06-28 10:30:00,BID_DEPTH,"[(98939, 196)]"
2019-06-28 10:30:00,ASK_DEPTH,"[(99097, 324)]"
2019-06-28 10:30:00,IMBALANCE,"[196, 324]"
2019-06-28 10:30:00,HOLDINGS_UPDATED,"{'CASH': 11980182, 'JPM': -20}"
2019-06-28 10:31:00,BID_DEPTH,"[(98991, 61)]"
2019-06-28 10:31:00,ASK_DEPTH,"[(99121, 189)]"
2019-06-28 10:31:00,IMBALANCE,"[61, 189]"
2019-06-28 10:31:00,HOLDINGS_UPDATED,"{'CASH': 12178164, 'JPM': -22}"
2019-06-28 10:32:00,BID_DEPTH,"[(98991, 161)]"
2019-06-28 10:32:00,ASK_DEPTH,"[(99197, 189)]"
2019-06-28 10:32:00,IMBALANCE,"[161, 189]"
2019-06-28 10:32:00,HOLDINGS_UPDATED,"{'CASH': 12376146, 'JPM': -24}"
2019-06-28 10:33:00,BID_DEPTH,"[(99112, 61)]"
2019-06-28 10:33:00,ASK_DEPTH,"[(99197, 189)]"
2019-06-28 10:33:00,IMBALANCE,"[61, 189]"
2019-06-28 10:33:00,HOLDINGS_UPDATED,"{'CASH': 12574370, 'JPM': -26}"
2019-06-28 10:34:00,BID_DEPTH,"[(99187, 61)]"
2019-06-28 10:34:00,ASK_DEPTH,"[(99193, 189)]"
2019-06-28 10:34:00,IMBALANCE,"[61, 189]"
2019-06-28 10:34:00,HOLDINGS_UPDATED,"{'CASH': 12772744, 'JPM': -28}"
2019-06-28 10:35:00,BID_DEPTH,"[(99031, 196)]"
2019-06-28 10:35:00,ASK_DEPTH,"[(99193, 324)]"
2019-06-28 10:35:00,IMBALANCE,"[196, 324]"
2019-06-28 10:35:00,HOLDINGS_UPDATED,"{'CASH': 12970806, 'JPM': -30}"
2019-06-28 10:36:00,BID_DEPTH,"[(98991, 224)]"
2019-06-28 10:36:00,ASK_DEPTH,"[(99193, 252)]"
2019-06-28 10:36:00,IMBALANCE,"[224, 252]"
2019-06-28 10:36:00,HOLDINGS_UPDATED,"{'CASH': 13168788, 'JPM': -32}"
2019-06-28 10:37:00,BID_DEPTH,"[(98991, 389)]"
2019-06-28 10:37:00,ASK_DEPTH,"[(99222, 547)]"
2019-06-28 10:37:00,IMBALANCE,"[389, 547]"
2019-06-28 10:37:00,HOLDINGS_UPDATED,"{'CASH': 13366770, 'JPM': -34}"
2019-06-28 10:38:00,BID_DEPTH,"[(98991, 61)]"
2019-06-28 10:38:00,ASK_DEPTH,"[(99250, 189)]"
2019-06-28 10:38:00,IMBALANCE,"[61, 189]"
2019-06-28 10:38:00,HOLDINGS_UPDATED,"{'CASH': 13564752, 'JPM': -36}"
2019-06-28 10:39:00,BID_DEPTH,"[(98992, 61)]"
2019-06-28 10:39:00,ASK_DEPTH,"[(99275, 189)]"
2019-06-28 10:39:00,IMBALANCE,"[61, 189]"
2019-06-28 10:39:00,HOLDINGS_UPDATED,"{'CASH': 13762736, 'JPM': -38}"
2019-06-28 10:40:00,BID_DEPTH,"[(98993, 196)]"
2019-06-28 10:40:00,ASK_DEPTH,"[(99297, 324)]"
2019-06-28 10:40:00,IMBALANCE,"[196, 324]"
2019-06-28 10:40:00,HOLDINGS_UPDATED,"{'CASH': 13960722, 'JPM': -40}"
2019-06-28 10:41:00,BID_DEPTH,"[(99432, 61)]"
2019-06-28 10:41:00,ASK_DEPTH,"[(99528, 189)]"
2019-06-28 10:41:00,IMBALANCE,"[61, 189]"
2019-06-28 10:41:00,HOLDINGS_UPDATED,"{'CASH': 14159586, 'JPM': -42}"
2019-06-28 10:42:00,BID_DEPTH,"[(98994, 419)]"
2019-06-28 10:42:00,ASK_DEPTH,"[(99528, 547)]"
2019-06-28 10:42:00,IMBALANCE,"[419, 547]"
2019-06-28 10:42:00,HOLDINGS_UPDATED,"{'CASH': 14357574, 'JPM': -44}"
2019-06-28 10:43:00,BID_DEPTH,"[(99324, 84)]"
2019-06-28 10:43:00,ASK_DEPTH,"[(99601, 212)]"
2019-06-28 10:43:00,IMBALANCE,"[84, 212]"
2019-06-28 10:43:00,HOLDINGS_UPDATED,"{'CASH': 14556222, 'JPM': -46}"
2019-06-28 10:44:00,BID_DEPTH,"[(98994, 196)]"
2019-06-28 10:44:00,ASK_DEPTH,"[(99601, 324)]"
2019-06-28 10:44:00,IMBALANCE,"[196, 324]"
2019-06-28 10:44:00,HOLDINGS_UPDATED,"{'CASH': 14754210, 'JPM': -48}"
2019-06-28 10:45:00,BID_DEPTH,"[(99260, 124)]"
2019-06-28 10:45:00,ASK_DEPTH,"[(99470, 252)]"
2019-06-28 10:45:00,IMBALANCE,"[124, 252]"
2019-06-28 10:45:00,HOLDINGS_UPDATED,"{'CASH': 14952730, 'JPM': -50}"
2019-06-28 10:46:00,BID_DEPTH,"[(99188, 124)]"
2019-06-28 10:46:00,ASK_DEPTH,"[(99562, 252)]"
2019-06-28 10:46:00,IMBALANCE,"[124, 252]"
2019-06-28 10:46:00,HOLDINGS_UPDATED,"{'CASH': 15151106, 'JPM': -52}"
2019-06-28 10:47:00,BID_DEPTH,"[(98992, 419)]"
2019-06-28 10:47:00,ASK_DEPTH,"[(99562, 547)]"
2019-06-28 10:47:00,IMBALANCE,"[419, 547]"
2019-06-28 10:47:00,HOLDINGS_UPDATED,"{'CASH': 15349090, 'JPM': -54}"
2019-06-28 10:48:00,BID_DEPTH,"[(98958, 124)]"
2019-06-28 10:48:00,ASK_DEPTH,"[(99084, 252)]"
2019-06-28 10:48:00,IMBALANCE,"[124, 252]"
2019-06-28 10:48:00,HOLDINGS_UPDATED,"{'CASH': 15547006, 'JPM': -56}"
2019-06-28 10:49:00,BID_DEPTH,"[(98854, 61)]"
2019-06-28 10:49:00,ASK_DEPTH,"[(98970, 189)]"
2019-06-28 10:49:00,IMBALANCE,"[61, 189]"
2019-06-28 10:49:00,HOLDINGS_UPDATED,"{'CASH': 15744714, 'JPM': -58}"
2019-06-28 10:50:00,BID_DEPTH,"[(98843, 61)]"
2019-06-28 10:50:00,ASK_DEPTH,"[(98970, 189)]"
2019-06-28 10:50:00,IMBALANCE,"[61, 189]"
2019-06-28 10:50:00,HOLDINGS_UPDATED,"{'CASH': 15942400, 'JPM': -60}"
2019-06-28 10:51:00,BID_DEPTH,"[(98831, 61)]"
2019-06-28 10:51:00,ASK_DEPTH,"[(98843, 189)]"
2019-06-28 10:51:00,IMBALANCE,"[61, 189]"
2019-06-28 10:51:00,HOLDINGS_UPDATED,"{'CASH': 16140062, 'JPM': -62}"
2019-06-28 10:52:00,BID_DEPTH,"[(98824, 124)]"
2019-06-28 10:52:00,ASK_DEPTH,"[(98843, 252)]"
2019-06-28 10:52:00,IMBALANCE,"[124, 252]"
2019-06-28 10:52:00,HOLDINGS_UPDATED,"{'CASH': 16337710, 'JPM': -64}"
2019-06-28 10:53:00,BID_DEPTH,"[(98824, 419)]"
2019-06-28 10:53:00,ASK_DEPTH,"[(98843, 547)]"
2019-06-28 10:53:00,IMBALANCE,"[419, 547]"
2019-06-28 10:53:00,HOLDINGS_UPDATED,"{'CASH': 16535358, 'JPM': -66}"
2019-06-28 10:54:00,BID_DEPTH,"[(98823, 61)]"
2019-06-28 10:54:00,ASK_DEPTH,"[(98970, 189)]"
2019-06-28 10:54:00,IMBALANCE,"[61, 189]"
2019-06-28 10:54:00,HOLDINGS_UPDATED,"{'CASH': 16733004, 'JPM': -68}"
2019-06-28 10:55:00,BID_DEPTH,"[(98823, 296)]"
2019-06-28 10:55:00,ASK_DEPTH,"[(98970, 324)]"
2019-06-28 10:55:00,IMBALANCE,"[296, 324]"
2019-06-28 10:55:00,HOLDINGS_UPDATED,"{'CASH': 16930650, 'JPM': -70}"
2019-06-28 10:56:00,BID_DEPTH,"[(98824, 519)]"
2019-06-28 10:56:00,ASK_DEPTH,"[(99360, 547)]"
2019-06-28 10:56:00,IMBALANCE,"[519, 547]"
2019-06-28 10:56:00,HOLDINGS_UPDATED,"{'CASH': 17128298, 'JPM': -72}"
2019-06-28 10:57:00,BID_DEPTH,"[(98824, 159)]"
2019-06-28 10:57:00,ASK_DEPTH,"[(99562, 61)]"
2019-06-28 10:57:00,IMBALANCE,"[159, 61]"
2019-06-28 10:57:00,HOLDINGS_UPDATED,"{'CASH': 16929174, 'JPM': -70}"
2019-06-28 10:58:00,BID_DEPTH,"[(99337, 547)]"
2019-06-28 10:58:00,ASK_DEPTH,"[(99605, 419)]"
2019-06-28 10:58:00,IMBALANCE,"[547, 419]"
2019-06-28 10:58:00,HOLDINGS_UPDATED,"{'CASH': 16729964, 'JPM': -68}"
2019-06-28 10:59:00,BID_DEPTH,"[(99068, 547)]"
2019-06-28 10:59:00,ASK_DEPTH,"[(99605, 419)]"
2019-06-28 10:59:00,IMBALANCE,"[547, 419]"
2019-06-28 10:59:00,HOLDINGS_UPDATED,"{'CASH': 16530754, 'JPM': -66}"
2019-06-28 11:00:00,BID_DEPTH,"[(99068, 189)]"
2019-06-28 11:00:00,ASK_DEPTH,"[(99605, 61)]"
2019-06-28 11:00:00,IMBALANCE,"[189, 61]"
2019-06-28 11:00:00,HOLDINGS_UPDATED,"{'CASH': 16331544, 'JPM': -64}"
2019-06-28 11:01:00,BID_DEPTH,"[(99068, 252)]"
2019-06-28 11:01:00,ASK_DEPTH,"[(99154, 124)]"
2019-06-28 11:01:00,IMBALANCE,"[252, 124]"
2019-06-28 11:01:00,HOLDINGS_UPDATED,"{'CASH': 16133236, 'JPM': -62}"
2019-06-28 11:02:00,BID_DEPTH,"[(99045, 324)]"
2019-06-28 11:02:00,ASK_DEPTH,"[(99605, 196)]"
2019-06-28 11:02:00,IMBALANCE,"[324, 196]"
2019-06-28 11:02:00,HOLDINGS_UPDATED,"{'CASH': 15934026, 'JPM': -60}"
2019-06-28 11:03:00,BID_DEPTH,"[(98949, 212)]"
2019-06-28 11:03:00,ASK_DEPTH,"[(99637, 84)]"
2019-06-28 11:03:00,IMBALANCE,"[212, 84]"
2019-06-28 11:03:00,HOLDINGS_UPDATED,"{'CASH': 15734752, 'JPM': -58}"
2019-06-28 11:04:00,BID_DEPTH,"[(98824, 182)]"
2019-06-28 11:04:00,ASK_DEPTH,"[(99713, 84)]"
2019-06-28 11:04:00,IMBALANCE,"[182, 84]"
2019-06-28 11:04:00,HOLDINGS_UPDATED,"{'CASH': 15535326, 'JPM': -56}"
2019-06-28 11:05:00,BID_DEPTH,"[(98799, 84)]"
2019-06-28 11:05:00,ASK_DEPTH,"[(99823, 212)]"
2019-06-28 11:05:00,IMBALANCE,"[84, 212]"
2019-06-28 11:05:00,HOLDINGS_UPDATED,"{'CASH': 15732924, 'JPM': -58}"
2019-06-28 11:06:00,BID_DEPTH,"[(98731, 61)]"
2019-06-28 11:06:00,ASK_DEPTH,"[(99823, 189)]"
2019-06-28 11:06:00,IMBALANCE,"[61, 189]"
2019-06-28 11:06:00,HOLDINGS_UPDATED,"{'CASH': 15930386, 'JPM': -60}"
2019-06-28 11:07:00,BID_DEPTH,"[(98731, 196)]"
2019-06-28 11:07:00,ASK_DEPTH,"[(99016, 324)]"
2019-06-28 11:07:00,IMBALANCE,"[196, 324]"
2019-06-28 11:07:00,HOLDINGS_UPDATED,"{'CASH': 16127848, 'JPM': -62}"
2019-06-28 11:08:00,BID_DEPTH,"[(98830, 124)]"
2019-06-28 11:08:00,ASK_DEPTH,"[(98860, 252)]"
2019-06-28 11:08:00,IMBALANCE,"[124, 252]"
2019-06-28 11:08:00,HOLDINGS_UPDATED,"{'CASH': 16325508, 'JPM': -64}"
2019-06-28 11:09:00,BID_DEPTH,"[(98878, 61)]"
2019-06-28 11:09:00,ASK_DEPTH,"[(99015, 189)]"
2019-06-28 11:09:00,IMBALANCE,"[61, 189]"
2019-06-28 11:09:00,HOLDINGS_UPDATED,"{'CASH': 16523264, 'JPM': -66}"
2019-06-28 11:10:00,BID_DEPTH,"[(98731, 196)]"
2019-06-28 11:10:00,ASK_DEPTH,"[(99060, 324)]"
2019-06-28 11:10:00,IMBALANCE,"[196, 324]"
2019-06-28 11:10:00,HOLDINGS_UPDATED,"{'CASH': 16720726, 'JPM': -68}"
2019-06-28 11:11:00,BID_DEPTH,"[(98719, 124)]"
2019-06-28 11:11:00,ASK_DEPTH,"[(98731, 158)]"
2019-06-28 11:11:00,IMBALANCE,"[124, 158]"
2019-06-28 11:11:00,HOLDINGS_UPDATED,"{'CASH': 16918164, 'JPM': -70}"
2019-06-28 11:12:00,BID_DEPTH,"[(98668, 419)]"
2019-06-28 11:12:00,ASK_DEPTH,"[(98731, 449)]"
2019-06-28 11:12:00,IMBALANCE,"[419, 449]"
2019-06-28 11:12:00,HOLDINGS_UPDATED,"{'CASH': 17115500, 'JPM': -72}"
2019-06-28 11:13:00,BID_DEPTH,"[(98655, 84)]"
2019-06-28 11:13:00,ASK_DEPTH,"[(99060, 212)]"
2019-06-28 11:13:00,IMBALANCE,"[84, 212]"
2019-06-28 11:13:00,HOLDINGS_UPDATED,"{'CASH': 17312810, 'JPM': -74}"
2019-06-28 11:14:00,BID_DEPTH,"[(98577, 84)]"
2019-06-28 11:14:00,ASK_DEPTH,"[(99059, 212)]"
2019-06-28 11:14:00,IMBALANCE,"[84, 212]"
2019-06-28 11:14:00,HOLDINGS_UPDATED,"{'CASH': 17509964, 'JPM': -76}"
2019-06-28 11:15:00,BID_DEPTH,"[(98364, 124)]"
2019-06-28 11:15:00,ASK_DEPTH,"[(99059, 248)]"
2019-06-28 11:15:00,IMBALANCE,"[124, 248]"
2019-06-28 11:15:00,HOLDINGS_UPDATED,"{'CASH': 17706692, 'JPM': -78}"
2019-06-28 11:16:00,BID_DEPTH,"[(98206, 419)]"
2019-06-28 11:16:00,ASK_DEPTH,"[(98361, 547)]"
2019-06-28 11:16:00,IMBALANCE,"[419, 547]"
2019-06-28 11:16:00,HOLDINGS_UPDATED,"{'CASH': 17903104, 'JPM': -80}"
2019-06-28 11:17:00,BID_DEPTH,"[(98104, 419)]"
2019-06-28 11:17:00,ASK_DEPTH,"[(98592, 547)]"
2019-06-28 11:17:00,IMBALANCE,"[419, 547]"
2019-06-28 11:17:00,HOLDINGS_UPDATED,"{'CASH': 18099312, 'JPM': -82}"
2019-06-28 11:18:00,BID_DEPTH,"[(98592, 296)]"
2019-06-28 11:18:00,ASK_DEPTH,"[(99059, 316)]"
2019-06-28 11:18:00,IMBALANCE,"[296, 316]"
2019-06-28 11:18:00,HOLDINGS_UPDATED,"{'CASH': 18296496, 'JPM': -84}"
2019-06-28 11:19:00,BID_DEPTH,"[(98592, 194)]"
2019-06-28 11:19:00,ASK_DEPTH,"[(98631, 252)]"
2019-06-28 11:19:00,IMBALANCE,"[194, 252]"
2019-06-28 11:19:00,HOLDINGS_UPDATED,"{'CASH': 18493680, 'JPM': -86}"
2019-06-28 11:20:00,BID_DEPTH,"[(98592, 64)]"
2019-06-28 11:20:00,ASK_DEPTH,"[(98631, 252)]"
2019-06-28 11:20:00,IMBALANCE,"[64, 252]"
2019-06-28 11:20:00,HOLDINGS_UPDATED,"{'CASH': 18690864, 'JPM': -88}"
2019-06-28 11:21:00,BID_DEPTH,"[(98464, 84)]"
2019-06-28 11:21:00,ASK_DEPTH,"[(98631, 408)]"
2019-06-28 11:21:00,IMBALANCE,"[84, 408]"
2019-06-28 11:21:00,HOLDINGS_UPDATED,"{'CASH': 18887792, 'JPM': -90}"
2019-06-28 11:22:00,BID_DEPTH,"[(98469, 124)]"
2019-06-28 11:22:00,ASK_DEPTH,"[(98631, 344)]"
2019-06-28 11:22:00,IMBALANCE,"[124, 344]"
2019-06-28 11:22:00,HOLDINGS_UPDATED,"{'CASH': 19084730, 'JPM': -92}"
2019-06-28 11:23:00,BID_DEPTH,"[(98631, 61)]"
2019-06-28 11:23:00,ASK_DEPTH,"[(98915, 189)]"
2019-06-28 11:23:00,IMBALANCE,"[61, 189]"
2019-06-28 11:23:00,HOLDINGS_UPDATED,"{'CASH': 19281992, 'JPM': -94}"
2019-06-28 11:24:00,BID_DEPTH,"[(98304, 196)]"
2019-06-28 11:24:00,ASK_DEPTH,"[(98915, 320)]"
2019-06-28 11:24:00,IMBALANCE,"[196, 320]"
2019-06-28 11:24:00,HOLDINGS_UPDATED,"{'CASH': 19478600, 'JPM': -96}"
2019-06-28 11:25:00,BID_DEPTH,"[(98280, 84)]"
2019-06-28 11:25:00,ASK_DEPTH,"[(99029, 212)]"
2019-06-28 11:25:00,IMBALANCE,"[84, 212]"
2019-06-28 11:25:00,HOLDINGS_UPDATED,"{'CASH': 19675160, 'JPM': -98}"
2019-06-28 11:26:00,BID_DEPTH,"[(98280, 61)]"
2019-06-28 11:26:00,ASK_DEPTH,"[(99110, 189)]"
2019-06-28 11:26:00,IMBALANCE,"[61, 189]"
2019-06-28 11:26:00,HOLDINGS_UPDATED,"{'CASH': 19871720, 'JPM': -100}"
2019-06-28 11:27:00,BID_DEPTH,"[(99050, 84)]"
2019-06-28 11:27:00,ASK_DEPTH,"[(99110, 208)]"
2019-06-28 11:27:00,IMBALANCE,"[84, 208]"
2019-06-28 11:27:00,HOLDINGS_UPDATED,"{'CASH': 20069820, 'JPM': -102}"
2019-06-28 11:28:00,BID_DEPTH,"[(99105, 419)]"
2019-06-28 11:28:00,ASK_DEPTH,"[(99143, 547)]"
2019-06-28 11:28:00,IMBALANCE,"[419, 547]"
2019-06-28 11:28:00,HOLDINGS_UPDATED,"{'CASH': 20268030, 'JPM': -104}"
2019-06-28 11:29:00,BID_DEPTH,"[(99105, 324)]"
2019-06-28 11:29:00,ASK_DEPTH,"[(99143, 248)]"
2019-06-28 11:29:00,IMBALANCE,"[324, 248]"
2019-06-28 11:29:00,HOLDINGS_UPDATED,"{'CASH': 20466240, 'JPM': -106}"
2019-06-28 11:30:00,BID_DEPTH,"[(99119, 124)]"
2019-06-28 11:30:00,ASK_DEPTH,"[(99143, 244)]"
2019-06-28 11:30:00,IMBALANCE,"[124, 244]"
2019-06-28 11:30:00,HOLDINGS_UPDATED,"{'CASH': 20664478, 'JPM': -108}"
2019-06-28 11:31:00,BID_DEPTH,"[(99119, 419)]"
2019-06-28 11:31:00,ASK_DEPTH,"[(99143, 535)]"
2019-06-28 11:31:00,IMBALANCE,"[419, 535]"
2019-06-28 11:31:00,HOLDINGS_UPDATED,"{'CASH': 20862716, 'JPM': -110}"
2019-06-28 11:32:00,BID_DEPTH,"[(99105, 466)]"
2019-06-28 11:32:00,ASK_DEPTH,"[(99151, 324)]"
2019-06-28 11:32:00,IMBALANCE,"[466, 324]"
2019-06-28 11:32:00,HOLDINGS_UPDATED,"{'CASH': 21060926, 'JPM': -112}"
2019-06-28 11:33:00,BID_DEPTH,"[(99105, 332)]"
2019-06-28 11:33:00,ASK_DEPTH,"[(99197, 324)]"
2019-06-28 11:33:00,IMBALANCE,"[332, 324]"
2019-06-28 11:33:00,HOLDINGS_UPDATED,"{'CASH': 21259136, 'JPM': -114}"
2019-06-28 11:34:00,BID_DEPTH,"[(99105, 63)]"
2019-06-28 11:34:00,ASK_DEPTH,"[(99227, 189)]"
2019-06-28 11:34:00,IMBALANCE,"[63, 189]"
2019-06-28 11:34:00,HOLDINGS_UPDATED,"{'CASH': 21457346, 'JPM': -116}"
2019-06-28 11:35:00,BID_DEPTH,"[(99105, 61)]"
2019-06-28 11:35:00,ASK_DEPTH,"[(99376, 189)]"
2019-06-28 11:35:00,IMBALANCE,"[61, 189]"
2019-06-28 11:35:00,HOLDINGS_UPDATED,"{'CASH': 21655556, 'JPM': -118}"
2019-06-28 11:36:00,BID_DEPTH,"[(99105, 124)]"
2019-06-28 11:36:00,ASK_DEPTH,"[(99376, 252)]"
2019-06-28 11:36:00,IMBALANCE,"[124, 252]"
2019-06-28 11:36:00,HOLDINGS_UPDATED,"{'CASH': 21853766, 'JPM': -120}"
2019-06-28 11:37:00,BID_DEPTH,"[(98941, 124)]"
2019-06-28 11:37:00,ASK_DEPTH,"[(99444, 252)]"
2019-06-28 11:37:00,IMBALANCE,"[124, 252]"
2019-06-28 11:37:00,HOLDINGS_UPDATED,"{'CASH': 22051648, 'JPM': -122}"
2019-06-28 11:38:00,BID_DEPTH,[]
2019-06-28 11:38:00,ASK_DEPTH,"[(99594, 100)]"
2019-06-28 11:38:00,IMBALANCE,"[0, 100]"
2019-06-28 11:39:00,BID_DEPTH,"[(99594, 547)]"
2019-06-28 11:39:00,ASK_DEPTH,"[(99657, 419)]"
2019-06-28 11:39:00,IMBALANCE,"[547, 419]"
2019-06-28 11:39:00,HOLDINGS_UPDATED,"{'CASH': 21852334, 'JPM': -120}"
2019-06-28 11:40:00,BID_DEPTH,"[(99594, 547)]"
2019-06-28 11:40:00,ASK_DEPTH,"[(99818, 419)]"
2019-06-28 11:40:00,IMBALANCE,"[547, 419]"
2019-06-28 11:40:00,HOLDINGS_UPDATED,"{'CASH': 21652698, 'JPM': -118}"
2019-06-28 11:41:00,BID_DEPTH,"[(99595, 547)]"
2019-06-28 11:41:00,ASK_DEPTH,"[(100070, 419)]"
2019-06-28 11:41:00,IMBALANCE,"[547, 419]"
2019-06-28 11:41:00,HOLDINGS_UPDATED,"{'CASH': 21452558, 'JPM': -116}"
2019-06-28 11:42:00,BID_DEPTH,"[(99595, 185)]"
2019-06-28 11:42:00,ASK_DEPTH,"[(100840, 61)]"
2019-06-28 11:42:00,IMBALANCE,"[185, 61]"
2019-06-28 11:42:00,HOLDINGS_UPDATED,"{'CASH': 21250878, 'JPM': -114}"
2019-06-28 11:43:00,BID_DEPTH,"[(99595, 316)]"
2019-06-28 11:43:00,ASK_DEPTH,"[(100876, 196)]"
2019-06-28 11:43:00,IMBALANCE,"[316, 196]"
2019-06-28 11:43:00,HOLDINGS_UPDATED,"{'CASH': 21049126, 'JPM': -112}"
2019-06-28 11:44:00,BID_DEPTH,"[(99595, 200)]"
2019-06-28 11:44:00,ASK_DEPTH,"[(100953, 84)]"
2019-06-28 11:44:00,IMBALANCE,"[200, 84]"
2019-06-28 11:44:00,HOLDINGS_UPDATED,"{'CASH': 20847220, 'JPM': -110}"
2019-06-28 11:45:00,BID_DEPTH,"[(100877, 212)]"
2019-06-28 11:45:00,ASK_DEPTH,"[(101060, 84)]"
2019-06-28 11:45:00,IMBALANCE,"[212, 84]"
2019-06-28 11:45:00,HOLDINGS_UPDATED,"{'CASH': 20645100, 'JPM': -108}"
2019-06-28 11:46:00,BID_DEPTH,"[(100935, 189)]"
2019-06-28 11:46:00,ASK_DEPTH,"[(101060, 161)]"
2019-06-28 11:46:00,IMBALANCE,"[189, 161]"
2019-06-28 11:46:00,HOLDINGS_UPDATED,"{'CASH': 20442980, 'JPM': -106}"
2019-06-28 11:47:00,BID_DEPTH,"[(100877, 385)]"
2019-06-28 11:47:00,ASK_DEPTH,"[(100936, 61)]"
2019-06-28 11:47:00,IMBALANCE,"[385, 61]"
2019-06-28 11:47:00,HOLDINGS_UPDATED,"{'CASH': 20241108, 'JPM': -104}"
2019-06-28 11:48:00,BID_DEPTH,"[(100877, 444)]"
2019-06-28 11:48:00,ASK_DEPTH,"[(101106, 124)]"
2019-06-28 11:48:00,IMBALANCE,"[444, 124]"
2019-06-28 11:48:00,HOLDINGS_UPDATED,"{'CASH': 20038896, 'JPM': -102}"
2019-06-28 11:49:00,BID_DEPTH,"[(100877, 377)]"
2019-06-28 11:49:00,ASK_DEPTH,"[(101140, 61)]"
2019-06-28 11:49:00,IMBALANCE,"[377, 61]"
2019-06-28 11:49:00,HOLDINGS_UPDATED,"{'CASH': 19836616, 'JPM': -100}"
2019-06-28 11:50:00,BID_DEPTH,"[(100877, 508)]"
2019-06-28 11:50:00,ASK_DEPTH,"[(101140, 296)]"
2019-06-28 11:50:00,IMBALANCE,"[508, 296]"
2019-06-28 11:50:00,HOLDINGS_UPDATED,"{'CASH': 19634336, 'JPM': -98}"
2019-06-28 11:51:00,BID_DEPTH,"[(100361, 324)]"
2019-06-28 11:51:00,ASK_DEPTH,"[(100801, 196)]"
2019-06-28 11:51:00,IMBALANCE,"[324, 196]"
2019-06-28 11:51:00,HOLDINGS_UPDATED,"{'CASH': 19432734, 'JPM': -96}"
2019-06-28 11:52:00,BID_DEPTH,"[(100361, 547)]"
2019-06-28 11:52:00,ASK_DEPTH,"[(100427, 419)]"
2019-06-28 11:52:00,IMBALANCE,"[547, 419]"
2019-06-28 11:52:00,HOLDINGS_UPDATED,"{'CASH': 19231880, 'JPM': -94}"
2019-06-28 11:53:00,BID_DEPTH,"[(100361, 252)]"
2019-06-28 11:53:00,ASK_DEPTH,"[(101140, 94)]"
2019-06-28 11:53:00,IMBALANCE,"[252, 94]"
2019-06-28 11:53:00,HOLDINGS_UPDATED,"{'CASH': 19029600, 'JPM': -92}"
2019-06-28 11:54:00,BID_DEPTH,"[(100361, 189)]"
2019-06-28 11:54:00,ASK_DEPTH,"[(100501, 61)]"
2019-06-28 11:54:00,IMBALANCE,"[189, 61]"
2019-06-28 11:54:00,HOLDINGS_UPDATED,"{'CASH': 18828598, 'JPM': -90}"
2019-06-28 11:55:00,BID_DEPTH,"[(100361, 212)]"
2019-06-28 11:55:00,ASK_DEPTH,"[(100850, 84)]"
2019-06-28 11:55:00,IMBALANCE,"[212, 84]"
2019-06-28 11:55:00,HOLDINGS_UPDATED,"{'CASH': 18626898, 'JPM': -88}"
2019-06-28 11:56:00,BID_DEPTH,"[(100361, 252)]"
2019-06-28 11:56:00,ASK_DEPTH,"[(100850, 124)]"
2019-06-28 11:56:00,IMBALANCE,"[252, 124]"
2019-06-28 11:56:00,HOLDINGS_UPDATED,"{'CASH': 18425198, 'JPM': -86}"
2019-06-28 11:57:00,BID_DEPTH,"[(100344, 212)]"
2019-06-28 11:57:00,ASK_DEPTH,"[(100505, 84)]"
2019-06-28 11:57:00,IMBALANCE,"[212, 84]"
2019-06-28 11:57:00,HOLDINGS_UPDATED,"{'CASH': 18224188, 'JPM': -84}"
2019-06-28 11:58:00,BID_DEPTH,"[(100344, 547)]"
2019-06-28 11:58:00,ASK_DEPTH,"[(100850, 419)]"
2019-06-28 11:58:00,IMBALANCE,"[547, 419]"
2019-06-28 11:58:00,HOLDINGS_UPDATED,"{'CASH': 18022488, 'JPM': -82}"
2019-06-28 11:59:00,BID_DEPTH,"[(100320, 324)]"
2019-06-28 11:59:00,ASK_DEPTH,"[(100363, 196)]"
2019-06-28 11:59:00,IMBALANCE,"[324, 196]"
2019-06-28 11:59:00,HOLDINGS_UPDATED,"{'CASH': 17821762, 'JPM': -80}"
2019-06-28 12:00:00,BID_DEPTH,"[(100203, 212)]"
2019-06-28 12:00:00,ASK_DEPTH,"[(100320, 84)]"
2019-06-28 12:00:00,IMBALANCE,"[212, 84]"
2019-06-28 12:00:00,HOLDINGS_UPDATED,"{'CASH': 17621122, 'JPM': -78}"
2019-06-28 12:01:00,BID_DEPTH,"[(100177, 324)]"
2019-06-28 12:01:00,ASK_DEPTH,"[(100320, 196)]"
2019-06-28 12:01:00,IMBALANCE,"[324, 196]"
2019-06-28 12:01:00,HOLDINGS_UPDATED,"{'CASH': 17420482, 'JPM': -76}"
2019-06-28 12:02:00,BID_DEPTH,"[(100532, 189)]"
2019-06-28 12:02:00,ASK_DEPTH,"[(100850, 61)]"
2019-06-28 12:02:00,IMBALANCE,"[189, 61]"
2019-06-28 12:02:00,HOLDINGS_UPDATED,"{'CASH': 17218782, 'JPM': -74}"
2019-06-28 12:03:00,BID_DEPTH,"[(100320, 189)]"
2019-06-28 12:03:00,ASK_DEPTH,"[(100850, 61)]"
2019-06-28 12:03:00,IMBALANCE,"[189, 61]"
2019-06-28 12:03:00,HOLDINGS_UPDATED,"{'CASH': 17017082, 'JPM': -72}"
2019-06-28 12:04:00,BID_DEPTH,"[(100194, 189)]"
2019-06-28 12:04:00,ASK_DEPTH,"[(100941, 61)]"
2019-06-28 12:04:00,IMBALANCE,"[189, 61]"
2019-06-28 12:04:00,HOLDINGS_UPDATED,"{'CASH': 16815200, 'JPM': -70}"
2019-06-28 12:05:00,BID_DEPTH,"[(100194, 212)]"
2019-06-28 12:05:00,ASK_DEPTH,"[(101033, 84)]"
2019-06-28 12:05:00,IMBALANCE,"[212, 84]"
2019-06-28 12:05:00,HOLDINGS_UPDATED,"{'CASH': 16613134, 'JPM': -68}"
2019-06-28 12:06:00,BID_DEPTH,"[(100177, 252)]"
2019-06-28 12:06:00,ASK_DEPTH,"[(101033, 124)]"
2019-06-28 12:06:00,IMBALANCE,"[252, 124]"
2019-06-28 12:06:00,HOLDINGS_UPDATED,"{'CASH': 16411068, 'JPM': -66}"
2019-06-28 12:07:00,BID_DEPTH,"[(100108, 212)]"
2019-06-28 12:07:00,ASK_DEPTH,"[(101140, 184)]"
2019-06-28 12:07:00,IMBALANCE,"[212, 184]"
2019-06-28 12:07:00,HOLDINGS_UPDATED,"{'CASH': 16208788, 'JPM': -64}"
2019-06-28 12:08:00,BID_DEPTH,"[(100054, 547)]"
2019-06-28 12:08:00,ASK_DEPTH,"[(101140, 389)]"
2019-06-28 12:08:00,IMBALANCE,"[547, 389]"
2019-06-28 12:08:00,HOLDINGS_UPDATED,"{'CASH': 16006508, 'JPM': -62}"
2019-06-28 12:09:00,BID_DEPTH,"[(99923, 252)]"
2019-06-28 12:09:00,ASK_DEPTH,"[(101218, 124)]"
2019-06-28 12:09:00,IMBALANCE,"[252, 124]"
2019-06-28 12:09:00,HOLDINGS_UPDATED,"{'CASH': 15804072, 'JPM': -60}"
2019-06-28 12:10:00,BID_DEPTH,"[(99906, 252)]"
2019-06-28 12:10:00,ASK_DEPTH,"[(100030, 124)]"
2019-06-28 12:10:00,IMBALANCE,"[252, 124]"
2019-06-28 12:10:00,HOLDINGS_UPDATED,"{'CASH': 15604012, 'JPM': -58}"
2019-06-28 12:11:00,BID_DEPTH,"[(99906, 547)]"
2019-06-28 12:11:00,ASK_DEPTH,"[(101217, 419)]"
2019-06-28 12:11:00,IMBALANCE,"[547, 419]"
2019-06-28 12:11:00,HOLDINGS_UPDATED,"{'CASH': 15401578, 'JPM': -56}"
2019-06-28 12:12:00,BID_DEPTH,"[(99889, 189)]"
2019-06-28 12:12:00,ASK_DEPTH,"[(101217, 61)]"
2019-06-28 12:12:00,IMBALANCE,"[189, 61]"
2019-06-28 12:12:00,HOLDINGS_UPDATED,"{'CASH': 15199144, 'JPM': -54}"
2019-06-28 12:13:00,BID_DEPTH,"[(99880, 189)]"
2019-06-28 12:13:00,ASK_DEPTH,"[(101216, 61)]"
2019-06-28 12:13:00,IMBALANCE,"[189, 61]"
2019-06-28 12:13:00,HOLDINGS_UPDATED,"{'CASH': 14996712, 'JPM': -52}"
2019-06-28 12:14:00,BID_DEPTH,"[(99848, 252)]"
2019-06-28 12:14:00,ASK_DEPTH,"[(99879, 124)]"
2019-06-28 12:14:00,IMBALANCE,"[252, 124]"
2019-06-28 12:14:00,HOLDINGS_UPDATED,"{'CASH': 14796954, 'JPM': -50}"
2019-06-28 12:15:00,BID_DEPTH,"[(99848, 252)]"
2019-06-28 12:15:00,ASK_DEPTH,"[(99880, 35)]"
2019-06-28 12:15:00,IMBALANCE,"[252, 35]"
2019-06-28 12:15:00,HOLDINGS_UPDATED,"{'CASH': 14597194, 'JPM': -48}"
2019-06-28 12:16:00,BID_DEPTH,"[(99839, 252)]"
2019-06-28 12:16:00,ASK_DEPTH,"[(99937, 124)]"
2019-06-28 12:16:00,IMBALANCE,"[252, 124]"
2019-06-28 12:16:00,HOLDINGS_UPDATED,"{'CASH': 14397320, 'JPM': -46}"
2019-06-28 12:17:00,BID_DEPTH,"[(99809, 212)]"
2019-06-28 12:17:00,ASK_DEPTH,"[(99860, 84)]"
2019-06-28 12:17:00,IMBALANCE,"[212, 84]"
2019-06-28 12:17:00,HOLDINGS_UPDATED,"{'CASH': 14197600, 'JPM': -44}"
2019-06-28 12:18:00,BID_DEPTH,"[(99809, 324)]"
2019-06-28 12:18:00,ASK_DEPTH,"[(99927, 196)]"
2019-06-28 12:18:00,IMBALANCE,"[324, 196]"
2019-06-28 12:18:00,HOLDINGS_UPDATED,"{'CASH': 13997746, 'JPM': -42}"
2019-06-28 12:19:00,BID_DEPTH,"[(99809, 189)]"
2019-06-28 12:19:00,ASK_DEPTH,"[(99950, 61)]"
2019-06-28 12:19:00,IMBALANCE,"[189, 61]"
2019-06-28 12:19:00,HOLDINGS_UPDATED,"{'CASH': 13797846, 'JPM': -40}"
2019-06-28 12:20:00,BID_DEPTH,"[(99777, 212)]"
2019-06-28 12:20:00,ASK_DEPTH,"[(100240, 84)]"
2019-06-28 12:20:00,IMBALANCE,"[212, 84]"
2019-06-28 12:20:00,HOLDINGS_UPDATED,"{'CASH': 13597366, 'JPM': -38}"
2019-06-28 12:21:00,BID_DEPTH,"[(99777, 252)]"
2019-06-28 12:21:00,ASK_DEPTH,"[(99807, 124)]"
2019-06-28 12:21:00,IMBALANCE,"[252, 124]"
2019-06-28 12:21:00,HOLDINGS_UPDATED,"{'CASH': 13397752, 'JPM': -36}"
2019-06-28 12:22:00,BID_DEPTH,"[(100321, 324)]"
2019-06-28 12:22:00,ASK_DEPTH,"[(100436, 196)]"
2019-06-28 12:22:00,IMBALANCE,"[324, 196]"
2019-06-28 12:22:00,HOLDINGS_UPDATED,"{'CASH': 13196880, 'JPM': -34}"
2019-06-28 12:23:00,BID_DEPTH,"[(100274, 84)]"
2019-06-28 12:23:00,ASK_DEPTH,"[(100435, 212)]"
2019-06-28 12:23:00,IMBALANCE,"[84, 212]"
2019-06-28 12:23:00,HOLDINGS_UPDATED,"{'CASH': 13397428, 'JPM': -36}"
2019-06-28 12:24:00,BID_DEPTH,"[(99807, 284)]"
2019-06-28 12:24:00,ASK_DEPTH,"[(100273, 212)]"
2019-06-28 12:24:00,IMBALANCE,"[284, 212]"
2019-06-28 12:24:00,HOLDINGS_UPDATED,"{'CASH': 13597042, 'JPM': -38}"
2019-06-28 12:25:00,BID_DEPTH,"[(100219, 84)]"
2019-06-28 12:25:00,ASK_DEPTH,"[(100273, 212)]"
2019-06-28 12:25:00,IMBALANCE,"[84, 212]"
2019-06-28 12:25:00,HOLDINGS_UPDATED,"{'CASH': 13797480, 'JPM': -40}"
2019-06-28 12:26:00,BID_DEPTH,"[(100188, 61)]"
2019-06-28 12:26:00,ASK_DEPTH,"[(100273, 189)]"
2019-06-28 12:26:00,IMBALANCE,"[61, 189]"
2019-06-28 12:26:00,HOLDINGS_UPDATED,"{'CASH': 13997856, 'JPM': -42}"
2019-06-28 12:27:00,BID_DEPTH,"[(99807, 231)]"
2019-06-28 12:27:00,ASK_DEPTH,"[(100126, 189)]"
2019-06-28 12:27:00,IMBALANCE,"[231, 189]"
2019-06-28 12:27:00,HOLDINGS_UPDATED,"{'CASH': 14197470, 'JPM': -44}"
2019-06-28 12:28:00,BID_DEPTH,"[(99807, 101)]"
2019-06-28 12:28:00,ASK_DEPTH,"[(100126, 189)]"
2019-06-28 12:28:00,IMBALANCE,"[101, 189]"
2019-06-28 12:28:00,HOLDINGS_UPDATED,"{'CASH': 14397084, 'JPM': -46}"
2019-06-28 12:29:00,BID_DEPTH,"[(99807, 329)]"
2019-06-28 12:29:00,ASK_DEPTH,"[(100126, 547)]"
2019-06-28 12:29:00,IMBALANCE,"[329, 547]"
2019-06-28 12:29:00,HOLDINGS_UPDATED,"{'CASH': 14596698, 'JPM': -48}"
2019-06-28 12:30:00,BID_DEPTH,"[(99762, 124)]"
2019-06-28 12:30:00,ASK_DEPTH,"[(99870, 252)]"
2019-06-28 12:30:00,IMBALANCE,"[124, 252]"
2019-06-28 12:30:00,HOLDINGS_UPDATED,"{'CASH': 14796222, 'JPM': -50}"
2019-06-28 12:31:00,BID_DEPTH,"[(99732, 124)]"
2019-06-28 12:31:00,ASK_DEPTH,"[(99899, 252)]"
2019-06-28 12:31:00,IMBALANCE,"[124, 252]"
2019-06-28 12:31:00,HOLDINGS_UPDATED,"{'CASH': 14995686, 'JPM': -52}"
2019-06-28 12:32:00,BID_DEPTH,"[(99732, 84)]"
2019-06-28 12:32:00,ASK_DEPTH,"[(99980, 212)]"
2019-06-28 12:32:00,IMBALANCE,"[84, 212]"
2019-06-28 12:32:00,HOLDINGS_UPDATED,"{'CASH': 15195150, 'JPM': -54}"
2019-06-28 12:33:00,BID_DEPTH,"[(99732, 419)]"
2019-06-28 12:33:00,ASK_DEPTH,"[(99980, 547)]"
2019-06-28 12:33:00,IMBALANCE,"[419, 547]"
2019-06-28 12:33:00,HOLDINGS_UPDATED,"{'CASH': 15394614, 'JPM': -56}"
2019-06-28 12:34:00,BID_DEPTH,"[(99853, 61)]"
2019-06-28 12:34:00,ASK_DEPTH,"[(99980, 189)]"
2019-06-28 12:34:00,IMBALANCE,"[61, 189]"
2019-06-28 12:34:00,HOLDINGS_UPDATED,"{'CASH': 15594320, 'JPM': -58}"
2019-06-28 12:35:00,BID_DEPTH,"[(99897, 419)]"
2019-06-28 12:35:00,ASK_DEPTH,"[(99980, 547)]"
2019-06-28 12:35:00,IMBALANCE,"[419, 547]"
2019-06-28 12:35:00,HOLDINGS_UPDATED,"{'CASH': 15794114, 'JPM': -60}"
2019-06-28 12:36:00,BID_DEPTH,"[(99917, 61)]"
2019-06-28 12:36:00,ASK_DEPTH,"[(99980, 189)]"
2019-06-28 12:36:00,IMBALANCE,"[61, 189]"
2019-06-28 12:36:00,HOLDINGS_UPDATED,"{'CASH': 15993948, 'JPM': -62}"
2019-06-28 12:37:00,BID_DEPTH,"[(99716, 61)]"
2019-06-28 12:37:00,ASK_DEPTH,"[(99980, 189)]"
2019-06-28 12:37:00,IMBALANCE,"[61, 189]"
2019-06-28 12:37:00,HOLDINGS_UPDATED,"{'CASH': 16193380, 'JPM': -64}"
2019-06-28 12:38:00,BID_DEPTH,"[(99547, 84)]"
2019-06-28 12:38:00,ASK_DEPTH,"[(99980, 212)]"
2019-06-28 12:38:00,IMBALANCE,"[84, 212]"
2019-06-28 12:38:00,HOLDINGS_UPDATED,"{'CASH': 16392474, 'JPM': -66}"
2019-06-28 12:39:00,BID_DEPTH,"[(99515, 196)]"
2019-06-28 12:39:00,ASK_DEPTH,"[(99980, 320)]"
2019-06-28 12:39:00,IMBALANCE,"[196, 320]"
2019-06-28 12:39:00,HOLDINGS_UPDATED,"{'CASH': 16591504, 'JPM': -68}"
2019-06-28 12:40:00,BID_DEPTH,"[(99127, 419)]"
2019-06-28 12:40:00,ASK_DEPTH,"[(99980, 639)]"
2019-06-28 12:40:00,IMBALANCE,"[419, 639]"
2019-06-28 12:40:00,HOLDINGS_UPDATED,"{'CASH': 16789758, 'JPM': -70}"
2019-06-28 12:41:00,BID_DEPTH,"[(98050, 224)]"
2019-06-28 12:41:00,ASK_DEPTH,"[(98090, 252)]"
2019-06-28 12:41:00,IMBALANCE,"[224, 252]"
2019-06-28 12:41:00,HOLDINGS_UPDATED,"{'CASH': 16985858, 'JPM': -72}"
2019-06-28 12:42:00,BID_DEPTH,"[(98050, 154)]"
2019-06-28 12:42:00,ASK_DEPTH,"[(99980, 300)]"
2019-06-28 12:42:00,IMBALANCE,"[154, 300]"
2019-06-28 12:42:00,HOLDINGS_UPDATED,"{'CASH': 17181958, 'JPM': -74}"
2019-06-28 12:43:00,BID_DEPTH,"[(98852, 84)]"
2019-06-28 12:43:00,ASK_DEPTH,"[(98937, 212)]"
2019-06-28 12:43:00,IMBALANCE,"[84, 212]"
2019-06-28 12:43:00,HOLDINGS_UPDATED,"{'CASH': 17379662, 'JPM': -76}"
2019-06-28 12:44:00,BID_DEPTH,"[(98882, 124)]"
2019-06-28 12:44:00,ASK_DEPTH,"[(98937, 248)]"
2019-06-28 12:44:00,IMBALANCE,"[124, 248]"
2019-06-28 12:44:00,HOLDINGS_UPDATED,"{'CASH': 17577426, 'JPM': -78}"
2019-06-28 12:45:00,BID_DEPTH,"[(97896, 61)]"
2019-06-28 12:45:00,ASK_DEPTH,"[(98937, 281)]"
2019-06-28 12:45:00,IMBALANCE,"[61, 281]"
2019-06-28 12:45:00,HOLDINGS_UPDATED,"{'CASH': 17773218, 'JPM': -80}"
2019-06-28 12:46:00,BID_DEPTH,"[(97745, 419)]"
2019-06-28 12:46:00,ASK_DEPTH,"[(97860, 547)]"
2019-06-28 12:46:00,IMBALANCE,"[419, 547]"
2019-06-28 12:46:00,HOLDINGS_UPDATED,"{'CASH': 17968708, 'JPM': -82}"
2019-06-28 12:47:00,BID_DEPTH,"[(97962, 124)]"
2019-06-28 12:47:00,ASK_DEPTH,"[(98043, 252)]"
2019-06-28 12:47:00,IMBALANCE,"[124, 252]"
2019-06-28 12:47:00,HOLDINGS_UPDATED,"{'CASH': 18164632, 'JPM': -84}"
2019-06-28 12:48:00,BID_DEPTH,"[(98104, 124)]"
2019-06-28 12:48:00,ASK_DEPTH,"[(98937, 340)]"
2019-06-28 12:48:00,IMBALANCE,"[124, 340]"
2019-06-28 12:48:00,HOLDINGS_UPDATED,"{'CASH': 18360840, 'JPM': -86}"
2019-06-28 12:49:00,BID_DEPTH,"[(98043, 196)]"
2019-06-28 12:49:00,ASK_DEPTH,"[(98937, 408)]"
2019-06-28 12:49:00,IMBALANCE,"[196, 408]"
2019-06-28 12:49:00,HOLDINGS_UPDATED,"{'CASH': 18556926, 'JPM': -88}"
2019-06-28 12:50:00,BID_DEPTH,"[(97418, 196)]"
2019-06-28 12:50:00,ASK_DEPTH,"[(97622, 324)]"
2019-06-28 12:50:00,IMBALANCE,"[196, 324]"
2019-06-28 12:50:00,HOLDINGS_UPDATED,"{'CASH': 18751762, 'JPM': -90}"
2019-06-28 12:51:00,BID_DEPTH,"[(97141, 419)]"
2019-06-28 12:51:00,ASK_DEPTH,"[(97622, 543)]"
2019-06-28 12:51:00,IMBALANCE,"[419, 543]"
2019-06-28 12:51:00,HOLDINGS_UPDATED,"{'CASH': 18946044, 'JPM': -92}"
2019-06-28 12:52:00,BID_DEPTH,"[(97346, 84)]"
2019-06-28 12:52:00,ASK_DEPTH,"[(97622, 404)]"
2019-06-28 12:52:00,IMBALANCE,"[84, 404]"
2019-06-28 12:52:00,HOLDINGS_UPDATED,"{'CASH': 19140736, 'JPM': -94}"
2019-06-28 12:53:00,BID_DEPTH,"[(97066, 61)]"
2019-06-28 12:53:00,ASK_DEPTH,"[(97550, 189)]"
2019-06-28 12:53:00,IMBALANCE,"[61, 189]"
2019-06-28 12:53:00,HOLDINGS_UPDATED,"{'CASH': 19334868, 'JPM': -96}"
2019-06-28 12:54:00,BID_DEPTH,"[(97264, 419)]"
2019-06-28 12:54:00,ASK_DEPTH,"[(97447, 547)]"
2019-06-28 12:54:00,IMBALANCE,"[419, 547]"
2019-06-28 12:54:00,HOLDINGS_UPDATED,"{'CASH': 19529396, 'JPM': -98}"
2019-06-28 12:55:00,BID_DEPTH,"[(97264, 184)]"
2019-06-28 12:55:00,ASK_DEPTH,"[(97447, 208)]"
2019-06-28 12:55:00,IMBALANCE,"[184, 208]"
2019-06-28 12:55:00,HOLDINGS_UPDATED,"{'CASH': 19723924, 'JPM': -100}"
2019-06-28 12:56:00,BID_DEPTH,"[(97264, 166)]"
2019-06-28 12:56:00,ASK_DEPTH,"[(97447, 316)]"
2019-06-28 12:56:00,IMBALANCE,"[166, 316]"
2019-06-28 12:56:00,HOLDINGS_UPDATED,"{'CASH': 19918452, 'JPM': -102}"
2019-06-28 12:57:00,BID_DEPTH,"[(96971, 419)]"
2019-06-28 12:57:00,ASK_DEPTH,"[(97622, 635)]"
2019-06-28 12:57:00,IMBALANCE,"[419, 635]"
2019-06-28 12:57:00,HOLDINGS_UPDATED,"{'CASH': 20112394, 'JPM': -104}"
2019-06-28 12:58:00,BID_DEPTH,"[(97622, 40)]"
2019-06-28 12:58:00,ASK_DEPTH,"[(97645, 252)]"
2019-06-28 12:58:00,IMBALANCE,"[40, 252]"
2019-06-28 12:58:00,HOLDINGS_UPDATED,"{'CASH': 20307638, 'JPM': -106}"
2019-06-28 12:59:00,BID_DEPTH,[]
2019-06-28 12:59:00,ASK_DEPTH,"[(97761, 100)]"
2019-06-28 12:59:00,IMBALANCE,"[0, 100]"
2019-06-28 13:00:00,BID_DEPTH,[]
2019-06-28 13:00:00,ASK_DEPTH,"[(97785, 100)]"
2019-06-28 13:00:00,IMBALANCE,"[0, 100]"
2019-06-28 13:01:00,BID_DEPTH,"[(97645, 419)]"
2019-06-28 13:01:00,ASK_DEPTH,"[(97785, 547)]"
2019-06-28 13:01:00,IMBALANCE,"[419, 547]"
2019-06-28 13:01:00,HOLDINGS_UPDATED,"{'CASH': 20502928, 'JPM': -108}"
2019-06-28 13:02:00,BID_DEPTH,"[(98221, 330)]"
2019-06-28 13:02:00,ASK_DEPTH,"[(98705, 547)]"
2019-06-28 13:02:00,IMBALANCE,"[330, 547]"
2019-06-28 13:02:00,HOLDINGS_UPDATED,"{'CASH': 20699370, 'JPM': -110}"
2019-06-28 13:03:00,BID_DEPTH,"[(97785, 323)]"
2019-06-28 13:03:00,ASK_DEPTH,"[(98878, 547)]"
2019-06-28 13:03:00,IMBALANCE,"[323, 547]"
2019-06-28 13:03:00,HOLDINGS_UPDATED,"{'CASH': 20894940, 'JPM': -112}"
2019-06-28 13:04:00,BID_DEPTH,"[(98877, 100)]"
2019-06-28 13:04:00,ASK_DEPTH,"[(98937, 292)]"
2019-06-28 13:04:00,IMBALANCE,"[100, 292]"
2019-06-28 13:04:00,HOLDINGS_UPDATED,"{'CASH': 21092694, 'JPM': -114}"
2019-06-28 13:05:00,BID_DEPTH,"[(98877, 419)]"
2019-06-28 13:05:00,ASK_DEPTH,"[(98937, 623)]"
2019-06-28 13:05:00,IMBALANCE,"[419, 623]"
2019-06-28 13:05:00,HOLDINGS_UPDATED,"{'CASH': 21290448, 'JPM': -116}"
2019-06-28 13:06:00,BID_DEPTH,[]
2019-06-28 13:06:00,ASK_DEPTH,"[(98937, 176)]"
2019-06-28 13:06:00,IMBALANCE,"[0, 176]"
2019-06-28 13:07:00,BID_DEPTH,"[(98937, 120)]"
2019-06-28 13:07:00,ASK_DEPTH,"[(98990, 324)]"
2019-06-28 13:07:00,IMBALANCE,"[120, 324]"
2019-06-28 13:07:00,HOLDINGS_UPDATED,"{'CASH': 21488322, 'JPM': -118}"
2019-06-28 13:08:00,BID_DEPTH,"[(98937, 184)]"
2019-06-28 13:08:00,ASK_DEPTH,"[(98990, 212)]"
2019-06-28 13:08:00,IMBALANCE,"[184, 212]"
2019-06-28 13:08:00,HOLDINGS_UPDATED,"{'CASH': 21686196, 'JPM': -120}"
2019-06-28 13:09:00,BID_DEPTH,"[(98937, 94)]"
2019-06-28 13:09:00,ASK_DEPTH,"[(99174, 252)]"
2019-06-28 13:09:00,IMBALANCE,"[94, 252]"
2019-06-28 13:09:00,HOLDINGS_UPDATED,"{'CASH': 21884070, 'JPM': -122}"
2019-06-28 13:10:00,BID_DEPTH,[]
2019-06-28 13:10:00,ASK_DEPTH,"[(100252, 100)]"
2019-06-28 13:10:00,IMBALANCE,"[0, 100]"
2019-06-28 13:11:00,BID_DEPTH,"[(99096, 61)]"
2019-06-28 13:11:00,ASK_DEPTH,"[(99298, 189)]"
2019-06-28 13:11:00,IMBALANCE,"[61, 189]"
2019-06-28 13:11:00,HOLDINGS_UPDATED,"{'CASH': 22082262, 'JPM': -124}"
2019-06-28 13:12:00,BID_DEPTH,"[(99380, 84)]"
2019-06-28 13:12:00,ASK_DEPTH,"[(99442, 212)]"
2019-06-28 13:12:00,IMBALANCE,"[84, 212]"
2019-06-28 13:12:00,HOLDINGS_UPDATED,"{'CASH': 22281022, 'JPM': -126}"
2019-06-28 13:13:00,BID_DEPTH,"[(99373, 124)]"
2019-06-28 13:13:00,ASK_DEPTH,"[(99842, 252)]"
2019-06-28 13:13:00,IMBALANCE,"[124, 252]"
2019-06-28 13:13:00,HOLDINGS_UPDATED,"{'CASH': 22479768, 'JPM': -128}"
2019-06-28 13:14:00,BID_DEPTH,"[(99760, 196)]"
2019-06-28 13:14:00,ASK_DEPTH,"[(99842, 324)]"
2019-06-28 13:14:00,IMBALANCE,"[196, 324]"
2019-06-28 13:14:00,HOLDINGS_UPDATED,"{'CASH': 22679288, 'JPM': -130}"
2019-06-28 13:15:00,BID_DEPTH,"[(99740, 124)]"
2019-06-28 13:15:00,ASK_DEPTH,"[(99842, 252)]"
2019-06-28 13:15:00,IMBALANCE,"[124, 252]"
2019-06-28 13:15:00,HOLDINGS_UPDATED,"{'CASH': 22878768, 'JPM': -132}"
2019-06-28 13:16:00,BID_DEPTH,"[(99598, 84)]"
2019-06-28 13:16:00,ASK_DEPTH,"[(99700, 212)]"
2019-06-28 13:16:00,IMBALANCE,"[84, 212]"
2019-06-28 13:16:00,HOLDINGS_UPDATED,"{'CASH': 23077964, 'JPM': -134}"
2019-06-28 13:17:00,BID_DEPTH,"[(99526, 84)]"
2019-06-28 13:17:00,ASK_DEPTH,"[(99700, 212)]"
2019-06-28 13:17:00,IMBALANCE,"[84, 212]"
2019-06-28 13:17:00,HOLDINGS_UPDATED,"{'CASH': 23277016, 'JPM': -136}"
2019-06-28 13:18:00,BID_DEPTH,"[(99505, 61)]"
2019-06-28 13:18:00,ASK_DEPTH,"[(99843, 189)]"
2019-06-28 13:18:00,IMBALANCE,"[61, 189]"
2019-06-28 13:18:00,HOLDINGS_UPDATED,"{'CASH': 23476026, 'JPM': -138}"
2019-06-28 13:19:00,BID_DEPTH,"[(99505, 124)]"
2019-06-28 13:19:00,ASK_DEPTH,"[(99949, 252)]"
2019-06-28 13:19:00,IMBALANCE,"[124, 252]"
2019-06-28 13:19:00,HOLDINGS_UPDATED,"{'CASH': 23675036, 'JPM': -140}"
2019-06-28 13:20:00,BID_DEPTH,"[(99505, 189)]"
2019-06-28 13:20:00,ASK_DEPTH,"[(100016, 61)]"
2019-06-28 13:20:00,IMBALANCE,"[189, 61]"
2019-06-28 13:20:00,HOLDINGS_UPDATED,"{'CASH': 23475004, 'JPM': -138}"
2019-06-28 13:21:00,BID_DEPTH,"[(99505, 743)]"
2019-06-28 13:21:00,ASK_DEPTH,"[(100036, 419)]"
2019-06-28 13:21:00,IMBALANCE,"[743, 419]"
2019-06-28 13:21:00,HOLDINGS_UPDATED,"{'CASH': 23274932, 'JPM': -136}"
2019-06-28 13:22:00,BID_DEPTH,"[(99505, 739)]"
2019-06-28 13:22:00,ASK_DEPTH,"[(100148, 419)]"
2019-06-28 13:22:00,IMBALANCE,"[739, 419]"
2019-06-28 13:22:00,HOLDINGS_UPDATED,"{'CASH': 23074636, 'JPM': -134}"
2019-06-28 13:23:00,BID_DEPTH,"[(100246, 252)]"
2019-06-28 13:23:00,ASK_DEPTH,"[(100252, 124)]"
2019-06-28 13:23:00,IMBALANCE,"[252, 124]"
2019-06-28 13:23:00,HOLDINGS_UPDATED,"{'CASH': 22874132, 'JPM': -132}"
2019-06-28 13:24:00,BID_DEPTH,"[(99505, 835)]"
2019-06-28 13:24:00,ASK_DEPTH,"[(100252, 419)]"
2019-06-28 13:24:00,IMBALANCE,"[835, 419]"
2019-06-28 13:24:00,HOLDINGS_UPDATED,"{'CASH': 22673628, 'JPM': -130}"
2019-06-28 13:25:00,BID_DEPTH,"[(99823, 252)]"
2019-06-28 13:25:00,ASK_DEPTH,"[(100421, 124)]"
2019-06-28 13:25:00,IMBALANCE,"[252, 124]"
2019-06-28 13:25:00,HOLDINGS_UPDATED,"{'CASH': 22472786, 'JPM': -128}"
2019-06-28 13:26:00,BID_DEPTH,"[(100385, 289)]"
2019-06-28 13:26:00,ASK_DEPTH,"[(100494, 61)]"
2019-06-28 13:26:00,IMBALANCE,"[289, 61]"
2019-06-28 13:26:00,HOLDINGS_UPDATED,"{'CASH': 22271798, 'JPM': -126}"
2019-06-28 13:27:00,BID_DEPTH,"[(100496, 324)]"
2019-06-28 13:27:00,ASK_DEPTH,"[(100520, 196)]"
2019-06-28 13:27:00,IMBALANCE,"[324, 196]"
2019-06-28 13:27:00,HOLDINGS_UPDATED,"{'CASH': 22070758, 'JPM': -124}"
2019-06-28 13:28:00,BID_DEPTH,"[(100520, 330)]"
2019-06-28 13:28:00,ASK_DEPTH,"[(100853, 196)]"
2019-06-28 13:28:00,IMBALANCE,"[330, 196]"
2019-06-28 13:28:00,HOLDINGS_UPDATED,"{'CASH': 21869052, 'JPM': -122}"
2019-06-28 13:29:00,BID_DEPTH,"[(100520, 326)]"
2019-06-28 13:29:00,ASK_DEPTH,"[(100852, 196)]"
2019-06-28 13:29:00,IMBALANCE,"[326, 196]"
2019-06-28 13:29:00,HOLDINGS_UPDATED,"{'CASH': 21667348, 'JPM': -120}"
2019-06-28 13:30:00,BID_DEPTH,"[(100496, 208)]"
2019-06-28 13:30:00,ASK_DEPTH,"[(100578, 84)]"
2019-06-28 13:30:00,IMBALANCE,"[208, 84]"
2019-06-28 13:30:00,HOLDINGS_UPDATED,"{'CASH': 21466192, 'JPM': -118}"
2019-06-28 13:31:00,BID_DEPTH,"[(100494, 193)]"
2019-06-28 13:31:00,ASK_DEPTH,"[(100578, 124)]"
2019-06-28 13:31:00,IMBALANCE,"[193, 124]"
2019-06-28 13:31:00,HOLDINGS_UPDATED,"{'CASH': 21265036, 'JPM': -116}"
2019-06-28 13:32:00,BID_DEPTH,"[(100494, 189)]"
2019-06-28 13:32:00,ASK_DEPTH,"[(100852, 61)]"
2019-06-28 13:32:00,IMBALANCE,"[189, 61]"
2019-06-28 13:32:00,HOLDINGS_UPDATED,"{'CASH': 21063332, 'JPM': -114}"
2019-06-28 13:33:00,BID_DEPTH,"[(100494, 543)]"
2019-06-28 13:33:00,ASK_DEPTH,"[(100852, 419)]"
2019-06-28 13:33:00,IMBALANCE,"[543, 419]"
2019-06-28 13:33:00,HOLDINGS_UPDATED,"{'CASH': 20861628, 'JPM': -112}"
2019-06-28 13:34:00,BID_DEPTH,"[(100721, 547)]"
2019-06-28 13:34:00,ASK_DEPTH,"[(101056, 419)]"
2019-06-28 13:34:00,IMBALANCE,"[547, 419]"
2019-06-28 13:34:00,HOLDINGS_UPDATED,"{'CASH': 20659516, 'JPM': -110}"
2019-06-28 13:35:00,BID_DEPTH,"[(100663, 189)]"
2019-06-28 13:35:00,ASK_DEPTH,"[(101240, 61)]"
2019-06-28 13:35:00,IMBALANCE,"[189, 61]"
2019-06-28 13:35:00,HOLDINGS_UPDATED,"{'CASH': 20457036, 'JPM': -108}"
2019-06-28 13:36:00,BID_DEPTH,"[(101472, 100)]"
2019-06-28 13:36:00,ASK_DEPTH,[]
2019-06-28 13:36:00,IMBALANCE,"[100, 0]"
2019-06-28 13:37:00,BID_DEPTH,"[(101438, 100)]"
2019-06-28 13:37:00,ASK_DEPTH,[]
2019-06-28 13:37:00,IMBALANCE,"[100, 0]"
2019-06-28 13:38:00,BID_DEPTH,"[(101438, 189)]"
2019-06-28 13:38:00,ASK_DEPTH,"[(101526, 161)]"
2019-06-28 13:38:00,IMBALANCE,"[189, 161]"
2019-06-28 13:38:00,HOLDINGS_UPDATED,"{'CASH': 20253984, 'JPM': -106}"
2019-06-28 13:39:00,BID_DEPTH,"[(101438, 96)]"
2019-06-28 13:39:00,ASK_DEPTH,[]
2019-06-28 13:39:00,IMBALANCE,"[96, 0]"
2019-06-28 13:40:00,BID_DEPTH,"[(101438, 208)]"
2019-06-28 13:40:00,ASK_DEPTH,"[(101526, 184)]"
2019-06-28 13:40:00,IMBALANCE,"[208, 184]"
2019-06-28 13:40:00,HOLDINGS_UPDATED,"{'CASH': 20050932, 'JPM': -104}"
2019-06-28 13:41:00,BID_DEPTH,"[(100999, 324)]"
2019-06-28 13:41:00,ASK_DEPTH,"[(101109, 196)]"
2019-06-28 13:41:00,IMBALANCE,"[324, 196]"
2019-06-28 13:41:00,HOLDINGS_UPDATED,"{'CASH': 19848714, 'JPM': -102}"
2019-06-28 13:42:00,BID_DEPTH,"[(100663, 248)]"
2019-06-28 13:42:00,ASK_DEPTH,"[(100725, 124)]"
2019-06-28 13:42:00,IMBALANCE,"[248, 124]"
2019-06-28 13:42:00,HOLDINGS_UPDATED,"{'CASH': 19647264, 'JPM': -100}"
2019-06-28 13:43:00,BID_DEPTH,"[(100640, 252)]"
2019-06-28 13:43:00,ASK_DEPTH,"[(100926, 124)]"
2019-06-28 13:43:00,IMBALANCE,"[252, 124]"
2019-06-28 13:43:00,HOLDINGS_UPDATED,"{'CASH': 19445412, 'JPM': -98}"
2019-06-28 13:44:00,BID_DEPTH,"[(100596, 212)]"
2019-06-28 13:44:00,ASK_DEPTH,"[(101109, 184)]"
2019-06-28 13:44:00,IMBALANCE,"[212, 184]"
2019-06-28 13:44:00,HOLDINGS_UPDATED,"{'CASH': 19243194, 'JPM': -96}"
2019-06-28 13:45:00,BID_DEPTH,"[(100544, 547)]"
2019-06-28 13:45:00,ASK_DEPTH,"[(101109, 489)]"
2019-06-28 13:45:00,IMBALANCE,"[547, 489]"
2019-06-28 13:45:00,HOLDINGS_UPDATED,"{'CASH': 19040976, 'JPM': -94}"
2019-06-28 13:46:00,BID_DEPTH,"[(100414, 547)]"
2019-06-28 13:46:00,ASK_DEPTH,"[(100494, 419)]"
2019-06-28 13:46:00,IMBALANCE,"[547, 419]"
2019-06-28 13:46:00,HOLDINGS_UPDATED,"{'CASH': 18839988, 'JPM': -92}"
2019-06-28 13:47:00,BID_DEPTH,"[(99936, 252)]"
2019-06-28 13:47:00,ASK_DEPTH,"[(100494, 124)]"
2019-06-28 13:47:00,IMBALANCE,"[252, 124]"
2019-06-28 13:47:00,HOLDINGS_UPDATED,"{'CASH': 18639000, 'JPM': -90}"
2019-06-28 13:48:00,BID_DEPTH,"[(99881, 324)]"
2019-06-28 13:48:00,ASK_DEPTH,"[(100494, 196)]"
2019-06-28 13:48:00,IMBALANCE,"[324, 196]"
2019-06-28 13:48:00,HOLDINGS_UPDATED,"{'CASH': 18438012, 'JPM': -88}"
2019-06-28 13:49:00,BID_DEPTH,"[(99789, 212)]"
2019-06-28 13:49:00,ASK_DEPTH,"[(100258, 84)]"
2019-06-28 13:49:00,IMBALANCE,"[212, 84]"
2019-06-28 13:49:00,HOLDINGS_UPDATED,"{'CASH': 18237496, 'JPM': -86}"
2019-06-28 13:50:00,BID_DEPTH,"[(99727, 212)]"
2019-06-28 13:50:00,ASK_DEPTH,"[(100054, 84)]"
2019-06-28 13:50:00,IMBALANCE,"[212, 84]"
2019-06-28 13:50:00,HOLDINGS_UPDATED,"{'CASH': 18037388, 'JPM': -84}"
2019-06-28 13:51:00,BID_DEPTH,"[(99727, 252)]"
2019-06-28 13:51:00,ASK_DEPTH,"[(101109, 64)]"
2019-06-28 13:51:00,IMBALANCE,"[252, 64]"
2019-06-28 13:51:00,HOLDINGS_UPDATED,"{'CASH': 17835170, 'JPM': -82}"
2019-06-28 13:52:00,BID_DEPTH,"[(99690, 547)]"
2019-06-28 13:52:00,ASK_DEPTH,"[(101110, 419)]"
2019-06-28 13:52:00,IMBALANCE,"[547, 419]"
2019-06-28 13:52:00,HOLDINGS_UPDATED,"{'CASH': 17632950, 'JPM': -80}"
2019-06-28 13:53:00,BID_DEPTH,"[(99690, 252)]"
2019-06-28 13:53:00,ASK_DEPTH,"[(99740, 124)]"
2019-06-28 13:53:00,IMBALANCE,"[252, 124]"
2019-06-28 13:53:00,HOLDINGS_UPDATED,"{'CASH': 17433470, 'JPM': -78}"
2019-06-28 13:54:00,BID_DEPTH,"[(99546, 324)]"
2019-06-28 13:54:00,ASK_DEPTH,"[(99690, 196)]"
2019-06-28 13:54:00,IMBALANCE,"[324, 196]"
2019-06-28 13:54:00,HOLDINGS_UPDATED,"{'CASH': 17234090, 'JPM': -76}"
2019-06-28 13:55:00,BID_DEPTH,"[(99382, 547)]"
2019-06-28 13:55:00,ASK_DEPTH,"[(99546, 419)]"
2019-06-28 13:55:00,IMBALANCE,"[547, 419]"
2019-06-28 13:55:00,HOLDINGS_UPDATED,"{'CASH': 17034998, 'JPM': -74}"
2019-06-28 13:56:00,BID_DEPTH,"[(99382, 212)]"
2019-06-28 13:56:00,ASK_DEPTH,"[(99546, 184)]"
2019-06-28 13:56:00,IMBALANCE,"[212, 184]"
2019-06-28 13:56:00,HOLDINGS_UPDATED,"{'CASH': 16835906, 'JPM': -72}"
2019-06-28 13:57:00,BID_DEPTH,"[(99382, 547)]"
2019-06-28 13:57:00,ASK_DEPTH,"[(99546, 385)]"
2019-06-28 13:57:00,IMBALANCE,"[547, 385]"
2019-06-28 13:57:00,HOLDINGS_UPDATED,"{'CASH': 16636814, 'JPM': -70}"
2019-06-28 13:58:00,BID_DEPTH,"[(99433, 189)]"
2019-06-28 13:58:00,ASK_DEPTH,"[(99532, 61)]"
2019-06-28 13:58:00,IMBALANCE,"[189, 61]"
2019-06-28 13:58:00,HOLDINGS_UPDATED,"{'CASH': 16437750, 'JPM': -68}"
2019-06-28 13:59:00,BID_DEPTH,"[(99485, 547)]"
2019-06-28 13:59:00,ASK_DEPTH,"[(99710, 419)]"
2019-06-28 13:59:00,IMBALANCE,"[547, 419]"
2019-06-28 13:59:00,HOLDINGS_UPDATED,"{'CASH': 16238330, 'JPM': -66}"
2019-06-28 14:00:00,BID_DEPTH,"[(99599, 212)]"
2019-06-28 14:00:00,ASK_DEPTH,"[(99903, 84)]"
2019-06-28 14:00:00,IMBALANCE,"[212, 84]"
2019-06-28 14:00:00,HOLDINGS_UPDATED,"{'CASH': 16038524, 'JPM': -64}"
2019-06-28 14:01:00,BID_DEPTH,"[(99599, 84)]"
2019-06-28 14:01:00,ASK_DEPTH,"[(99752, 212)]"
2019-06-28 14:01:00,IMBALANCE,"[84, 212]"
2019-06-28 14:01:00,HOLDINGS_UPDATED,"{'CASH': 16237722, 'JPM': -66}"
2019-06-28 14:02:00,BID_DEPTH,"[(99752, 124)]"
2019-06-28 14:02:00,ASK_DEPTH,"[(99929, 252)]"
2019-06-28 14:02:00,IMBALANCE,"[124, 252]"
2019-06-28 14:02:00,HOLDINGS_UPDATED,"{'CASH': 16437226, 'JPM': -68}"
2019-06-28 14:03:00,BID_DEPTH,"[(99627, 61)]"
2019-06-28 14:03:00,ASK_DEPTH,"[(100139, 189)]"
2019-06-28 14:03:00,IMBALANCE,"[61, 189]"
2019-06-28 14:03:00,HOLDINGS_UPDATED,"{'CASH': 16636480, 'JPM': -70}"
2019-06-28 14:04:00,BID_DEPTH,"[(100557, 84)]"
2019-06-28 14:04:00,ASK_DEPTH,"[(100831, 212)]"
2019-06-28 14:04:00,IMBALANCE,"[84, 212]"
2019-06-28 14:04:00,HOLDINGS_UPDATED,"{'CASH': 16837594, 'JPM': -72}"
2019-06-28 14:05:00,BID_DEPTH,"[(100467, 124)]"
2019-06-28 14:05:00,ASK_DEPTH,"[(100598, 252)]"
2019-06-28 14:05:00,IMBALANCE,"[124, 252]"
2019-06-28 14:05:00,HOLDINGS_UPDATED,"{'CASH': 17038528, 'JPM': -74}"
2019-06-28 14:06:00,BID_DEPTH,"[(100425, 61)]"
2019-06-28 14:06:00,ASK_DEPTH,"[(100467, 189)]"
2019-06-28 14:06:00,IMBALANCE,"[61, 189]"
2019-06-28 14:06:00,HOLDINGS_UPDATED,"{'CASH': 17239378, 'JPM': -76}"
2019-06-28 14:07:00,BID_DEPTH,"[(99951, 61)]"
2019-06-28 14:07:00,ASK_DEPTH,"[(100467, 189)]"
2019-06-28 14:07:00,IMBALANCE,"[61, 189]"
2019-06-28 14:07:00,HOLDINGS_UPDATED,"{'CASH': 17439280, 'JPM': -78}"
2019-06-28 14:08:00,BID_DEPTH,"[(99951, 124)]"
2019-06-28 14:08:00,ASK_DEPTH,"[(100563, 252)]"
2019-06-28 14:08:00,IMBALANCE,"[124, 252]"
2019-06-28 14:08:00,HOLDINGS_UPDATED,"{'CASH': 17639182, 'JPM': -80}"
2019-06-28 14:09:00,BID_DEPTH,"[(99899, 196)]"
2019-06-28 14:09:00,ASK_DEPTH,"[(99951, 324)]"
2019-06-28 14:09:00,IMBALANCE,"[196, 324]"
2019-06-28 14:09:00,HOLDINGS_UPDATED,"{'CASH': 17838980, 'JPM': -82}"
2019-06-28 14:10:00,BID_DEPTH,"[(99818, 419)]"
2019-06-28 14:10:00,ASK_DEPTH,"[(99951, 547)]"
2019-06-28 14:10:00,IMBALANCE,"[419, 547]"
2019-06-28 14:10:00,HOLDINGS_UPDATED,"{'CASH': 18038616, 'JPM': -84}"
2019-06-28 14:11:00,BID_DEPTH,"[(99433, 61)]"
2019-06-28 14:11:00,ASK_DEPTH,"[(99951, 189)]"
2019-06-28 14:11:00,IMBALANCE,"[61, 189]"
2019-06-28 14:11:00,HOLDINGS_UPDATED,"{'CASH': 18237482, 'JPM': -86}"
2019-06-28 14:12:00,BID_DEPTH,"[(99367, 61)]"
2019-06-28 14:12:00,ASK_DEPTH,"[(99951, 189)]"
2019-06-28 14:12:00,IMBALANCE,"[61, 189]"
2019-06-28 14:12:00,HOLDINGS_UPDATED,"{'CASH': 18436216, 'JPM': -88}"
2019-06-28 14:13:00,BID_DEPTH,"[(99336, 419)]"
2019-06-28 14:13:00,ASK_DEPTH,"[(99555, 458)]"
2019-06-28 14:13:00,IMBALANCE,"[419, 458]"
2019-06-28 14:13:00,HOLDINGS_UPDATED,"{'CASH': 18634888, 'JPM': -90}"
2019-06-28 14:14:00,BID_DEPTH,"[(99555, 100)]"
2019-06-28 14:14:00,ASK_DEPTH,"[(99614, 324)]"
2019-06-28 14:14:00,IMBALANCE,"[100, 324]"
2019-06-28 14:14:00,HOLDINGS_UPDATED,"{'CASH': 18833998, 'JPM': -92}"
2019-06-28 14:15:00,BID_DEPTH,"[(99555, 161)]"
2019-06-28 14:15:00,ASK_DEPTH,"[(99614, 185)]"
2019-06-28 14:15:00,IMBALANCE,"[161, 185]"
2019-06-28 14:15:00,HOLDINGS_UPDATED,"{'CASH': 19033108, 'JPM': -94}"
2019-06-28 14:16:00,BID_DEPTH,"[(99614, 303)]"
2019-06-28 14:16:00,ASK_DEPTH,"[(100051, 212)]"
2019-06-28 14:16:00,IMBALANCE,"[303, 212]"
2019-06-28 14:16:00,HOLDINGS_UPDATED,"{'CASH': 19232336, 'JPM': -96}"
2019-06-28 14:17:00,BID_DEPTH,"[(99614, 213)]"
2019-06-28 14:17:00,ASK_DEPTH,"[(100062, 252)]"
2019-06-28 14:17:00,IMBALANCE,"[213, 252]"
2019-06-28 14:17:00,HOLDINGS_UPDATED,"{'CASH': 19431564, 'JPM': -98}"
2019-06-28 14:18:00,BID_DEPTH,"[(99614, 20)]"
2019-06-28 14:18:00,ASK_DEPTH,"[(99775, 189)]"
2019-06-28 14:18:00,IMBALANCE,"[20, 189]"
2019-06-28 14:18:00,HOLDINGS_UPDATED,"{'CASH': 19630792, 'JPM': -100}"
2019-06-28 14:19:00,BID_DEPTH,"[(99775, 184)]"
2019-06-28 14:19:00,ASK_DEPTH,"[(100062, 208)]"
2019-06-28 14:19:00,IMBALANCE,"[184, 208]"
2019-06-28 14:19:00,HOLDINGS_UPDATED,"{'CASH': 19830342, 'JPM': -102}"
2019-06-28 14:20:00,BID_DEPTH,"[(100179, 84)]"
2019-06-28 14:20:00,ASK_DEPTH,"[(100217, 212)]"
2019-06-28 14:20:00,IMBALANCE,"[84, 212]"
2019-06-28 14:20:00,HOLDINGS_UPDATED,"{'CASH': 20030700, 'JPM': -104}"
2019-06-28 14:21:00,BID_DEPTH,"[(99775, 94)]"
2019-06-28 14:21:00,ASK_DEPTH,"[(100217, 252)]"
2019-06-28 14:21:00,IMBALANCE,"[94, 252]"
2019-06-28 14:21:00,HOLDINGS_UPDATED,"{'CASH': 20230250, 'JPM': -106}"
2019-06-28 14:22:00,BID_DEPTH,"[(100059, 196)]"
2019-06-28 14:22:00,ASK_DEPTH,"[(100217, 324)]"
2019-06-28 14:22:00,IMBALANCE,"[196, 324]"
2019-06-28 14:22:00,HOLDINGS_UPDATED,"{'CASH': 20430368, 'JPM': -108}"
2019-06-28 14:23:00,BID_DEPTH,"[(100107, 61)]"
2019-06-28 14:23:00,ASK_DEPTH,"[(100119, 189)]"
2019-06-28 14:23:00,IMBALANCE,"[61, 189]"
2019-06-28 14:23:00,HOLDINGS_UPDATED,"{'CASH': 20630582, 'JPM': -110}"
2019-06-28 14:24:00,BID_DEPTH,"[(100023, 419)]"
2019-06-28 14:24:00,ASK_DEPTH,"[(100106, 547)]"
2019-06-28 14:24:00,IMBALANCE,"[419, 547]"
2019-06-28 14:24:00,HOLDINGS_UPDATED,"{'CASH': 20830628, 'JPM': -112}"
2019-06-28 14:25:00,BID_DEPTH,"[(99934, 419)]"
2019-06-28 14:25:00,ASK_DEPTH,"[(100023, 547)]"
2019-06-28 14:25:00,IMBALANCE,"[419, 547]"
2019-06-28 14:25:00,HOLDINGS_UPDATED,"{'CASH': 21030496, 'JPM': -114}"
2019-06-28 14:26:00,BID_DEPTH,"[(99924, 61)]"
2019-06-28 14:26:00,ASK_DEPTH,"[(100015, 189)]"
2019-06-28 14:26:00,IMBALANCE,"[61, 189]"
2019-06-28 14:26:00,HOLDINGS_UPDATED,"{'CASH': 21230344, 'JPM': -116}"
2019-06-28 14:27:00,BID_DEPTH,"[(99872, 61)]"
2019-06-28 14:27:00,ASK_DEPTH,"[(99877, 189)]"
2019-06-28 14:27:00,IMBALANCE,"[61, 189]"
2019-06-28 14:27:00,HOLDINGS_UPDATED,"{'CASH': 21430088, 'JPM': -118}"
2019-06-28 14:28:00,BID_DEPTH,"[(99831, 61)]"
2019-06-28 14:28:00,ASK_DEPTH,"[(99997, 189)]"
2019-06-28 14:28:00,IMBALANCE,"[61, 189]"
2019-06-28 14:28:00,HOLDINGS_UPDATED,"{'CASH': 21629750, 'JPM': -120}"
2019-06-28 14:29:00,BID_DEPTH,"[(99831, 196)]"
2019-06-28 14:29:00,ASK_DEPTH,"[(99997, 324)]"
2019-06-28 14:29:00,IMBALANCE,"[196, 324]"
2019-06-28 14:29:00,HOLDINGS_UPDATED,"{'CASH': 21829412, 'JPM': -122}"
2019-06-28 14:30:00,BID_DEPTH,"[(99831, 166)]"
2019-06-28 14:30:00,ASK_DEPTH,"[(99961, 5)]"
2019-06-28 14:30:00,IMBALANCE,"[166, 5]"
2019-06-28 14:30:00,HOLDINGS_UPDATED,"{'CASH': 22029074, 'JPM': -124}"
2019-06-28 14:31:00,BID_DEPTH,"[(99832, 212)]"
2019-06-28 14:31:00,ASK_DEPTH,"[(99997, 5)]"
2019-06-28 14:31:00,IMBALANCE,"[212, 5]"
2019-06-28 14:31:00,HOLDINGS_UPDATED,"{'CASH': 22228738, 'JPM': -126}"
2019-06-28 14:32:00,BID_DEPTH,"[(99997, 119)]"
2019-06-28 14:32:00,ASK_DEPTH,"[(100106, 252)]"
2019-06-28 14:32:00,IMBALANCE,"[119, 252]"
2019-06-28 14:32:00,HOLDINGS_UPDATED,"{'CASH': 22428732, 'JPM': -128}"
2019-06-28 14:33:00,BID_DEPTH,"[(99998, 124)]"
2019-06-28 14:33:00,ASK_DEPTH,"[(100305, 252)]"
2019-06-28 14:33:00,IMBALANCE,"[124, 252]"
2019-06-28 14:33:00,HOLDINGS_UPDATED,"{'CASH': 22628728, 'JPM': -130}"
2019-06-28 14:34:00,BID_DEPTH,"[(99998, 212)]"
2019-06-28 14:34:00,ASK_DEPTH,"[(100396, 84)]"
2019-06-28 14:34:00,IMBALANCE,"[212, 84]"
2019-06-28 14:34:00,HOLDINGS_UPDATED,"{'CASH': 22427936, 'JPM': -128}"
2019-06-28 14:35:00,BID_DEPTH,"[(100396, 107)]"
2019-06-28 14:35:00,ASK_DEPTH,"[(100550, 61)]"
2019-06-28 14:35:00,IMBALANCE,"[107, 61]"
2019-06-28 14:35:00,HOLDINGS_UPDATED,"{'CASH': 22226836, 'JPM': -126}"
2019-06-28 14:36:00,BID_DEPTH,"[(100396, 170)]"
2019-06-28 14:36:00,ASK_DEPTH,"[(100892, 124)]"
2019-06-28 14:36:00,IMBALANCE,"[170, 124]"
2019-06-28 14:36:00,HOLDINGS_UPDATED,"{'CASH': 22025052, 'JPM': -124}"
2019-06-28 14:37:00,BID_DEPTH,"[(100396, 18)]"
2019-06-28 14:37:00,ASK_DEPTH,[]
2019-06-28 14:37:00,IMBALANCE,"[18, 0]"
2019-06-28 14:38:00,BID_DEPTH,"[(101010, 424)]"
2019-06-28 14:38:00,ASK_DEPTH,"[(101413, 196)]"
2019-06-28 14:38:00,IMBALANCE,"[424, 196]"
2019-06-28 14:38:00,HOLDINGS_UPDATED,"{'CASH': 21822226, 'JPM': -122}"
2019-06-28 14:39:00,BID_DEPTH,"[(101035, 189)]"
2019-06-28 14:39:00,ASK_DEPTH,"[(101404, 61)]"
2019-06-28 14:39:00,IMBALANCE,"[189, 61]"
2019-06-28 14:39:00,HOLDINGS_UPDATED,"{'CASH': 21619418, 'JPM': -120}"
2019-06-28 14:40:00,BID_DEPTH,"[(101035, 189)]"
2019-06-28 14:40:00,ASK_DEPTH,"[(101404, 61)]"
2019-06-28 14:40:00,IMBALANCE,"[189, 61]"
2019-06-28 14:40:00,HOLDINGS_UPDATED,"{'CASH': 21416610, 'JPM': -118}"
2019-06-28 14:41:00,BID_DEPTH,"[(101331, 547)]"
2019-06-28 14:41:00,ASK_DEPTH,"[(101392, 419)]"
2019-06-28 14:41:00,IMBALANCE,"[547, 419]"
2019-06-28 14:41:00,HOLDINGS_UPDATED,"{'CASH': 21213826, 'JPM': -116}"
2019-06-28 14:42:00,BID_DEPTH,"[(101331, 100)]"
2019-06-28 14:42:00,ASK_DEPTH,[]
2019-06-28 14:42:00,IMBALANCE,"[100, 0]"
2019-06-28 14:43:00,BID_DEPTH,"[(101035, 212)]"
2019-06-28 14:43:00,ASK_DEPTH,"[(101407, 84)]"
2019-06-28 14:43:00,IMBALANCE,"[212, 84]"
2019-06-28 14:43:00,HOLDINGS_UPDATED,"{'CASH': 21011012, 'JPM': -114}"
2019-06-28 14:44:00,BID_DEPTH,"[(101035, 100)]"
2019-06-28 14:44:00,ASK_DEPTH,[]
2019-06-28 14:44:00,IMBALANCE,"[100, 0]"
2019-06-28 14:45:00,BID_DEPTH,"[(101562, 100)]"
2019-06-28 14:45:00,ASK_DEPTH,[]
2019-06-28 14:45:00,IMBALANCE,"[100, 0]"
2019-06-28 14:46:00,BID_DEPTH,"[(101475, 100)]"
2019-06-28 14:46:00,ASK_DEPTH,[]
2019-06-28 14:46:00,IMBALANCE,"[100, 0]"
2019-06-28 14:47:00,BID_DEPTH,"[(101010, 100)]"
2019-06-28 14:47:00,ASK_DEPTH,[]
2019-06-28 14:47:00,IMBALANCE,"[100, 0]"
2019-06-28 14:48:00,BID_DEPTH,"[(100929, 324)]"
2019-06-28 14:48:00,ASK_DEPTH,"[(101035, 196)]"
2019-06-28 14:48:00,IMBALANCE,"[324, 196]"
2019-06-28 14:48:00,HOLDINGS_UPDATED,"{'CASH': 20808942, 'JPM': -112}"
2019-06-28 14:49:00,BID_DEPTH,"[(100848, 324)]"
2019-06-28 14:49:00,ASK_DEPTH,"[(101087, 196)]"
2019-06-28 14:49:00,IMBALANCE,"[324, 196]"
2019-06-28 14:49:00,HOLDINGS_UPDATED,"{'CASH': 20606768, 'JPM': -110}"
2019-06-28 14:50:00,BID_DEPTH,"[(100832, 547)]"
2019-06-28 14:50:00,ASK_DEPTH,"[(100848, 519)]"
2019-06-28 14:50:00,IMBALANCE,"[547, 519]"
2019-06-28 14:50:00,HOLDINGS_UPDATED,"{'CASH': 20405072, 'JPM': -108}"
2019-06-28 14:51:00,BID_DEPTH,"[(100435, 212)]"
2019-06-28 14:51:00,ASK_DEPTH,"[(100848, 54)]"
2019-06-28 14:51:00,IMBALANCE,"[212, 54]"
2019-06-28 14:51:00,HOLDINGS_UPDATED,"{'CASH': 20203376, 'JPM': -106}"
2019-06-28 14:52:00,BID_DEPTH,"[(100208, 212)]"
2019-06-28 14:52:00,ASK_DEPTH,"[(100848, 184)]"
2019-06-28 14:52:00,IMBALANCE,"[212, 184]"
2019-06-28 14:52:00,HOLDINGS_UPDATED,"{'CASH': 20001680, 'JPM': -104}"
2019-06-28 14:53:00,BID_DEPTH,"[(99778, 547)]"
2019-06-28 14:53:00,ASK_DEPTH,"[(100208, 419)]"
2019-06-28 14:53:00,IMBALANCE,"[547, 419]"
2019-06-28 14:53:00,HOLDINGS_UPDATED,"{'CASH': 19801264, 'JPM': -102}"
2019-06-28 14:54:00,BID_DEPTH,"[(99768, 252)]"
2019-06-28 14:54:00,ASK_DEPTH,"[(100207, 124)]"
2019-06-28 14:54:00,IMBALANCE,"[252, 124]"
2019-06-28 14:54:00,HOLDINGS_UPDATED,"{'CASH': 19600850, 'JPM': -100}"
2019-06-28 14:55:00,BID_DEPTH,"[(99700, 547)]"
2019-06-28 14:55:00,ASK_DEPTH,"[(100208, 519)]"
2019-06-28 14:55:00,IMBALANCE,"[547, 519]"
2019-06-28 14:55:00,HOLDINGS_UPDATED,"{'CASH': 19400434, 'JPM': -98}"
2019-06-28 14:56:00,BID_DEPTH,"[(99471, 252)]"
2019-06-28 14:56:00,ASK_DEPTH,"[(100207, 124)]"
2019-06-28 14:56:00,IMBALANCE,"[252, 124]"
2019-06-28 14:56:00,HOLDINGS_UPDATED,"{'CASH': 19200020, 'JPM': -96}"
2019-06-28 14:57:00,BID_DEPTH,"[(99454, 324)]"
2019-06-28 14:57:00,ASK_DEPTH,"[(100207, 196)]"
2019-06-28 14:57:00,IMBALANCE,"[324, 196]"
2019-06-28 14:57:00,HOLDINGS_UPDATED,"{'CASH': 18999606, 'JPM': -94}"
2019-06-28 14:58:00,BID_DEPTH,"[(99305, 189)]"
2019-06-28 14:58:00,ASK_DEPTH,"[(100848, 31)]"
2019-06-28 14:58:00,IMBALANCE,"[189, 31]"
2019-06-28 14:58:00,HOLDINGS_UPDATED,"{'CASH': 18797910, 'JPM': -92}"
2019-06-28 14:59:00,BID_DEPTH,"[(99147, 547)]"
2019-06-28 14:59:00,ASK_DEPTH,"[(100848, 419)]"
2019-06-28 14:59:00,IMBALANCE,"[547, 419]"
2019-06-28 14:59:00,HOLDINGS_UPDATED,"{'CASH': 18596214, 'JPM': -90}"
2019-06-28 15:00:00,BID_DEPTH,"[(99147, 324)]"
2019-06-28 15:00:00,ASK_DEPTH,"[(100848, 196)]"
2019-06-28 15:00:00,IMBALANCE,"[324, 196]"
2019-06-28 15:00:00,HOLDINGS_UPDATED,"{'CASH': 18394518, 'JPM': -88}"
2019-06-28 15:01:00,BID_DEPTH,"[(99112, 547)]"
2019-06-28 15:01:00,ASK_DEPTH,"[(100848, 419)]"
2019-06-28 15:01:00,IMBALANCE,"[547, 419]"
2019-06-28 15:01:00,HOLDINGS_UPDATED,"{'CASH': 18192822, 'JPM': -86}"
2019-06-28 15:02:00,BID_DEPTH,"[(98545, 100)]"
2019-06-28 15:02:00,ASK_DEPTH,[]
2019-06-28 15:02:00,IMBALANCE,"[100, 0]"
2019-06-28 15:03:00,BID_DEPTH,"[(98741, 212)]"
2019-06-28 15:03:00,ASK_DEPTH,"[(99106, 84)]"
2019-06-28 15:03:00,IMBALANCE,"[212, 84]"
2019-06-28 15:03:00,HOLDINGS_UPDATED,"{'CASH': 17994610, 'JPM': -84}"
2019-06-28 15:04:00,BID_DEPTH,"[(98947, 212)]"
2019-06-28 15:04:00,ASK_DEPTH,"[(100848, 184)]"
2019-06-28 15:04:00,IMBALANCE,"[212, 184]"
2019-06-28 15:04:00,HOLDINGS_UPDATED,"{'CASH': 17792914, 'JPM': -82}"
2019-06-28 15:05:00,BID_DEPTH,"[(98545, 189)]"
2019-06-28 15:05:00,ASK_DEPTH,"[(100848, 27)]"
2019-06-28 15:05:00,IMBALANCE,"[189, 27]"
2019-06-28 15:05:00,HOLDINGS_UPDATED,"{'CASH': 17591218, 'JPM': -80}"
2019-06-28 15:06:00,BID_DEPTH,"[(99110, 547)]"
2019-06-28 15:06:00,ASK_DEPTH,"[(100847, 419)]"
2019-06-28 15:06:00,IMBALANCE,"[547, 419]"
2019-06-28 15:06:00,HOLDINGS_UPDATED,"{'CASH': 17389524, 'JPM': -78}"
2019-06-28 15:07:00,BID_DEPTH,"[(98524, 61)]"
2019-06-28 15:07:00,ASK_DEPTH,"[(99522, 189)]"
2019-06-28 15:07:00,IMBALANCE,"[61, 189]"
2019-06-28 15:07:00,HOLDINGS_UPDATED,"{'CASH': 17586572, 'JPM': -80}"
2019-06-28 15:08:00,BID_DEPTH,"[(99055, 419)]"
2019-06-28 15:08:00,ASK_DEPTH,"[(99102, 547)]"
2019-06-28 15:08:00,IMBALANCE,"[419, 547]"
2019-06-28 15:08:00,HOLDINGS_UPDATED,"{'CASH': 17784682, 'JPM': -82}"
2019-06-28 15:09:00,BID_DEPTH,"[(98599, 419)]"
2019-06-28 15:09:00,ASK_DEPTH,"[(99101, 647)]"
2019-06-28 15:09:00,IMBALANCE,"[419, 647]"
2019-06-28 15:09:00,HOLDINGS_UPDATED,"{'CASH': 17981880, 'JPM': -84}"
2019-06-28 15:10:00,BID_DEPTH,"[(98972, 61)]"
2019-06-28 15:10:00,ASK_DEPTH,"[(99101, 285)]"
2019-06-28 15:10:00,IMBALANCE,"[61, 285]"
2019-06-28 15:10:00,HOLDINGS_UPDATED,"{'CASH': 18179824, 'JPM': -86}"
2019-06-28 15:11:00,BID_DEPTH,"[(98519, 84)]"
2019-06-28 15:11:00,ASK_DEPTH,"[(99101, 304)]"
2019-06-28 15:11:00,IMBALANCE,"[84, 304]"
2019-06-28 15:11:00,HOLDINGS_UPDATED,"{'CASH': 18376862, 'JPM': -88}"
2019-06-28 15:12:00,BID_DEPTH,"[(98476, 124)]"
2019-06-28 15:12:00,ASK_DEPTH,"[(99026, 252)]"
2019-06-28 15:12:00,IMBALANCE,"[124, 252]"
2019-06-28 15:12:00,HOLDINGS_UPDATED,"{'CASH': 18573814, 'JPM': -90}"
2019-06-28 15:13:00,BID_DEPTH,"[(98454, 124)]"
2019-06-28 15:13:00,ASK_DEPTH,"[(99072, 252)]"
2019-06-28 15:13:00,IMBALANCE,"[124, 252]"
2019-06-28 15:13:00,HOLDINGS_UPDATED,"{'CASH': 18770722, 'JPM': -92}"
2019-06-28 15:14:00,BID_DEPTH,"[(98539, 419)]"
2019-06-28 15:14:00,ASK_DEPTH,"[(99072, 543)]"
2019-06-28 15:14:00,IMBALANCE,"[419, 543]"
2019-06-28 15:14:00,HOLDINGS_UPDATED,"{'CASH': 18967800, 'JPM': -94}"
2019-06-28 15:15:00,BID_DEPTH,"[(99042, 61)]"
2019-06-28 15:15:00,ASK_DEPTH,"[(99091, 189)]"
2019-06-28 15:15:00,IMBALANCE,"[61, 189]"
2019-06-28 15:15:00,HOLDINGS_UPDATED,"{'CASH': 19165884, 'JPM': -96}"
2019-06-28 15:16:00,BID_DEPTH,"[(99042, 419)]"
2019-06-28 15:16:00,ASK_DEPTH,"[(99091, 543)]"
2019-06-28 15:16:00,IMBALANCE,"[419, 543]"
2019-06-28 15:16:00,HOLDINGS_UPDATED,"{'CASH': 19363968, 'JPM': -98}"
2019-06-28 15:17:00,BID_DEPTH,"[(99027, 166)]"
2019-06-28 15:17:00,ASK_DEPTH,"[(99091, 5)]"
2019-06-28 15:17:00,IMBALANCE,"[166, 5]"
2019-06-28 15:17:00,HOLDINGS_UPDATED,"{'CASH': 19562022, 'JPM': -100}"
2019-06-28 15:18:00,BID_DEPTH,"[(99027, 159)]"
2019-06-28 15:18:00,ASK_DEPTH,"[(99091, 113)]"
2019-06-28 15:18:00,IMBALANCE,"[159, 113]"
2019-06-28 15:18:00,HOLDINGS_UPDATED,"{'CASH': 19760076, 'JPM': -102}"
2019-06-28 15:19:00,BID_DEPTH,"[(99027, 69)]"
2019-06-28 15:19:00,ASK_DEPTH,"[(99370, 252)]"
2019-06-28 15:19:00,IMBALANCE,"[69, 252]"
2019-06-28 15:19:00,HOLDINGS_UPDATED,"{'CASH': 19958130, 'JPM': -104}"
2019-06-28 15:20:00,BID_DEPTH,"[(99370, 61)]"
2019-06-28 15:20:00,ASK_DEPTH,"[(99522, 185)]"
2019-06-28 15:20:00,IMBALANCE,"[61, 185]"
2019-06-28 15:20:00,HOLDINGS_UPDATED,"{'CASH': 20156870, 'JPM': -106}"
2019-06-28 15:21:00,BID_DEPTH,"[(99173, 84)]"
2019-06-28 15:21:00,ASK_DEPTH,"[(99522, 204)]"
2019-06-28 15:21:00,IMBALANCE,"[84, 204]"
2019-06-28 15:21:00,HOLDINGS_UPDATED,"{'CASH': 20355216, 'JPM': -108}"
2019-06-28 15:22:00,BID_DEPTH,"[(98984, 84)]"
2019-06-28 15:22:00,ASK_DEPTH,"[(99320, 212)]"
2019-06-28 15:22:00,IMBALANCE,"[84, 212]"
2019-06-28 15:22:00,HOLDINGS_UPDATED,"{'CASH': 20553184, 'JPM': -110}"
2019-06-28 15:23:00,BID_DEPTH,"[(98951, 84)]"
2019-06-28 15:23:00,ASK_DEPTH,"[(99320, 212)]"
2019-06-28 15:23:00,IMBALANCE,"[84, 212]"
2019-06-28 15:23:00,HOLDINGS_UPDATED,"{'CASH': 20751086, 'JPM': -112}"
2019-06-28 15:24:00,BID_DEPTH,"[(98797, 61)]"
2019-06-28 15:24:00,ASK_DEPTH,"[(99522, 177)]"
2019-06-28 15:24:00,IMBALANCE,"[61, 177]"
2019-06-28 15:24:00,HOLDINGS_UPDATED,"{'CASH': 20948680, 'JPM': -114}"
2019-06-28 15:25:00,BID_DEPTH,"[(99038, 84)]"
2019-06-28 15:25:00,ASK_DEPTH,"[(99113, 212)]"
2019-06-28 15:25:00,IMBALANCE,"[84, 212]"
2019-06-28 15:25:00,HOLDINGS_UPDATED,"{'CASH': 21146756, 'JPM': -116}"
2019-06-28 15:26:00,BID_DEPTH,"[(99038, 296)]"
2019-06-28 15:26:00,ASK_DEPTH,"[(99113, 324)]"
2019-06-28 15:26:00,IMBALANCE,"[296, 324]"
2019-06-28 15:26:00,HOLDINGS_UPDATED,"{'CASH': 21344832, 'JPM': -118}"
2019-06-28 15:27:00,BID_DEPTH,"[(99038, 154)]"
2019-06-28 15:27:00,ASK_DEPTH,"[(99113, 212)]"
2019-06-28 15:27:00,IMBALANCE,"[154, 212]"
2019-06-28 15:27:00,HOLDINGS_UPDATED,"{'CASH': 21542908, 'JPM': -120}"
2019-06-28 15:28:00,BID_DEPTH,"[(99038, 124)]"
2019-06-28 15:28:00,ASK_DEPTH,"[(99113, 212)]"
2019-06-28 15:28:00,IMBALANCE,"[124, 212]"
2019-06-28 15:28:00,HOLDINGS_UPDATED,"{'CASH': 21740984, 'JPM': -122}"
2019-06-28 15:29:00,BID_DEPTH,"[(98919, 212)]"
2019-06-28 15:29:00,ASK_DEPTH,"[(99038, 6)]"
2019-06-28 15:29:00,IMBALANCE,"[212, 6]"
2019-06-28 15:29:00,HOLDINGS_UPDATED,"{'CASH': 21938822, 'JPM': -124}"
2019-06-28 15:30:00,BID_DEPTH,"[(98919, 617)]"
2019-06-28 15:30:00,ASK_DEPTH,"[(99038, 453)]"
2019-06-28 15:30:00,IMBALANCE,"[617, 453]"
2019-06-28 15:30:00,HOLDINGS_UPDATED,"{'CASH': 22136660, 'JPM': -126}"
2019-06-28 15:31:00,BID_DEPTH,"[(99161, 124)]"
2019-06-28 15:31:00,ASK_DEPTH,"[(99522, 240)]"
2019-06-28 15:31:00,IMBALANCE,"[124, 240]"
2019-06-28 15:31:00,HOLDINGS_UPDATED,"{'CASH': 22334982, 'JPM': -128}"
2019-06-28 15:32:00,BID_DEPTH,"[(98919, 487)]"
2019-06-28 15:32:00,ASK_DEPTH,"[(99710, 547)]"
2019-06-28 15:32:00,IMBALANCE,"[487, 547]"
2019-06-28 15:32:00,HOLDINGS_UPDATED,"{'CASH': 22532820, 'JPM': -130}"
2019-06-28 15:33:00,BID_DEPTH,"[(98919, 262)]"
2019-06-28 15:33:00,ASK_DEPTH,"[(99710, 252)]"
2019-06-28 15:33:00,IMBALANCE,"[262, 252]"
2019-06-28 15:33:00,HOLDINGS_UPDATED,"{'CASH': 22730658, 'JPM': -132}"
2019-06-28 15:34:00,BID_DEPTH,"[(98919, 69)]"
2019-06-28 15:34:00,ASK_DEPTH,"[(99898, 189)]"
2019-06-28 15:34:00,IMBALANCE,"[69, 189]"
2019-06-28 15:34:00,HOLDINGS_UPDATED,"{'CASH': 22928496, 'JPM': -134}"
2019-06-28 15:35:00,BID_DEPTH,"[(100236, 107)]"
2019-06-28 15:35:00,ASK_DEPTH,"[(100652, 324)]"
2019-06-28 15:35:00,IMBALANCE,"[107, 324]"
2019-06-28 15:35:00,HOLDINGS_UPDATED,"{'CASH': 23128968, 'JPM': -136}"
2019-06-28 15:36:00,BID_DEPTH,"[(98454, 196)]"
2019-06-28 15:36:00,ASK_DEPTH,"[(101371, 324)]"
2019-06-28 15:36:00,IMBALANCE,"[196, 324]"
2019-06-28 15:36:00,HOLDINGS_UPDATED,"{'CASH': 23325876, 'JPM': -138}"
2019-06-28 15:37:00,BID_DEPTH,"[(100274, 196)]"
2019-06-28 15:37:00,ASK_DEPTH,"[(100710, 324)]"
2019-06-28 15:37:00,IMBALANCE,"[196, 324]"
2019-06-28 15:37:00,HOLDINGS_UPDATED,"{'CASH': 23526424, 'JPM': -140}"
2019-06-28 15:38:00,BID_DEPTH,"[(98454, 419)]"
2019-06-28 15:38:00,ASK_DEPTH,"[(100710, 547)]"
2019-06-28 15:38:00,IMBALANCE,"[419, 547]"
2019-06-28 15:38:00,HOLDINGS_UPDATED,"{'CASH': 23723332, 'JPM': -142}"
2019-06-28 15:39:00,BID_DEPTH,"[(100390, 196)]"
2019-06-28 15:39:00,ASK_DEPTH,"[(100710, 324)]"
2019-06-28 15:39:00,IMBALANCE,"[196, 324]"
2019-06-28 15:39:00,HOLDINGS_UPDATED,"{'CASH': 23924112, 'JPM': -144}"
2019-06-28 15:40:00,BID_DEPTH,"[(100271, 84)]"
2019-06-28 15:40:00,ASK_DEPTH,"[(100440, 212)]"
2019-06-28 15:40:00,IMBALANCE,"[84, 212]"
2019-06-28 15:40:00,HOLDINGS_UPDATED,"{'CASH': 24124654, 'JPM': -146}"
2019-06-28 15:41:00,BID_DEPTH,"[(100437, 324)]"
2019-06-28 15:41:00,ASK_DEPTH,"[(100440, 196)]"
2019-06-28 15:41:00,IMBALANCE,"[324, 196]"
2019-06-28 15:41:00,HOLDINGS_UPDATED,"{'CASH': 23923774, 'JPM': -144}"
2019-06-28 15:42:00,BID_DEPTH,"[(100437, 420)]"
2019-06-28 15:42:00,ASK_DEPTH,"[(100498, 196)]"
2019-06-28 15:42:00,IMBALANCE,"[420, 196]"
2019-06-28 15:42:00,HOLDINGS_UPDATED,"{'CASH': 23722778, 'JPM': -142}"
2019-06-28 15:43:00,BID_DEPTH,"[(100272, 212)]"
2019-06-28 15:43:00,ASK_DEPTH,"[(100438, 84)]"
2019-06-28 15:43:00,IMBALANCE,"[212, 84]"
2019-06-28 15:43:00,HOLDINGS_UPDATED,"{'CASH': 23521902, 'JPM': -140}"
2019-06-28 15:44:00,BID_DEPTH,"[(100272, 543)]"
2019-06-28 15:44:00,ASK_DEPTH,"[(100539, 419)]"
2019-06-28 15:44:00,IMBALANCE,"[543, 419]"
2019-06-28 15:44:00,HOLDINGS_UPDATED,"{'CASH': 23320824, 'JPM': -138}"
2019-06-28 15:45:00,BID_DEPTH,"[(100272, 416)]"
2019-06-28 15:45:00,ASK_DEPTH,"[(100652, 196)]"
2019-06-28 15:45:00,IMBALANCE,"[416, 196]"
2019-06-28 15:45:00,HOLDINGS_UPDATED,"{'CASH': 23119520, 'JPM': -136}"
2019-06-28 15:46:00,BID_DEPTH,"[(100273, 212)]"
2019-06-28 15:46:00,ASK_DEPTH,"[(100723, 84)]"
2019-06-28 15:46:00,IMBALANCE,"[212, 84]"
2019-06-28 15:46:00,HOLDINGS_UPDATED,"{'CASH': 22918074, 'JPM': -134}"
2019-06-28 15:47:00,BID_DEPTH,"[(100167, 252)]"
2019-06-28 15:47:00,ASK_DEPTH,"[(100723, 124)]"
2019-06-28 15:47:00,IMBALANCE,"[252, 124]"
2019-06-28 15:47:00,HOLDINGS_UPDATED,"{'CASH': 22716628, 'JPM': -132}"
2019-06-28 15:48:00,BID_DEPTH,"[(100046, 324)]"
2019-06-28 15:48:00,ASK_DEPTH,"[(100723, 296)]"
2019-06-28 15:48:00,IMBALANCE,"[324, 296]"
2019-06-28 15:48:00,HOLDINGS_UPDATED,"{'CASH': 22515182, 'JPM': -130}"
2019-06-28 15:49:00,BID_DEPTH,"[(100026, 324)]"
2019-06-28 15:49:00,ASK_DEPTH,"[(100211, 196)]"
2019-06-28 15:49:00,IMBALANCE,"[324, 196]"
2019-06-28 15:49:00,HOLDINGS_UPDATED,"{'CASH': 22314760, 'JPM': -128}"
2019-06-28 15:50:00,BID_DEPTH,"[(100026, 543)]"
2019-06-28 15:50:00,ASK_DEPTH,"[(100723, 389)]"
2019-06-28 15:50:00,IMBALANCE,"[543, 389]"
2019-06-28 15:50:00,HOLDINGS_UPDATED,"{'CASH': 22113314, 'JPM': -126}"
2019-06-28 15:51:00,BID_DEPTH,"[(100759, 212)]"
2019-06-28 15:51:00,ASK_DEPTH,"[(101075, 84)]"
2019-06-28 15:51:00,IMBALANCE,"[212, 84]"
2019-06-28 15:51:00,HOLDINGS_UPDATED,"{'CASH': 21911164, 'JPM': -124}"
2019-06-28 15:52:00,BID_DEPTH,"[(100966, 547)]"
2019-06-28 15:52:00,ASK_DEPTH,"[(101075, 519)]"
2019-06-28 15:52:00,IMBALANCE,"[547, 519]"
2019-06-28 15:52:00,HOLDINGS_UPDATED,"{'CASH': 21709014, 'JPM': -122}"
2019-06-28 15:53:00,BID_DEPTH,"[(100986, 189)]"
2019-06-28 15:53:00,ASK_DEPTH,"[(101075, 131)]"
2019-06-28 15:53:00,IMBALANCE,"[189, 131]"
2019-06-28 15:53:00,HOLDINGS_UPDATED,"{'CASH': 21506864, 'JPM': -120}"
2019-06-28 15:54:00,BID_DEPTH,"[(100759, 185)]"
2019-06-28 15:54:00,ASK_DEPTH,"[(101075, 1)]"
2019-06-28 15:54:00,IMBALANCE,"[185, 1]"
2019-06-28 15:54:00,HOLDINGS_UPDATED,"{'CASH': 21405789, 'JPM': -119}"
2019-06-28 15:54:00,HOLDINGS_UPDATED,"{'CASH': 21304714, 'JPM': -118}"
2019-06-28 15:55:00,BID_DEPTH,"[(100565, 189)]"
2019-06-28 15:55:00,ASK_DEPTH,"[(101371, 153)]"
2019-06-28 15:55:00,IMBALANCE,"[189, 153]"
2019-06-28 15:55:00,HOLDINGS_UPDATED,"{'CASH': 21101972, 'JPM': -116}"
2019-06-28 15:56:00,BID_DEPTH,"[(100266, 212)]"
2019-06-28 15:56:00,ASK_DEPTH,"[(100565, 84)]"
2019-06-28 15:56:00,IMBALANCE,"[212, 84]"
2019-06-28 15:56:00,HOLDINGS_UPDATED,"{'CASH': 20900842, 'JPM': -114}"
2019-06-28 15:57:00,BID_DEPTH,"[(100026, 252)]"
2019-06-28 15:57:00,ASK_DEPTH,"[(100060, 124)]"
2019-06-28 15:57:00,IMBALANCE,"[252, 124]"
2019-06-28 15:57:00,HOLDINGS_UPDATED,"{'CASH': 20700722, 'JPM': -112}"
2019-06-28 15:58:00,BID_DEPTH,"[(99975, 189)]"
2019-06-28 15:58:00,ASK_DEPTH,"[(100060, 61)]"
2019-06-28 15:58:00,IMBALANCE,"[189, 61]"
2019-06-28 15:58:00,HOLDINGS_UPDATED,"{'CASH': 20500602, 'JPM': -110}"
2019-06-28 15:59:00,BID_DEPTH,"[(99975, 248)]"
2019-06-28 15:59:00,ASK_DEPTH,"[(100266, 224)]"
2019-06-28 15:59:00,IMBALANCE,"[248, 224]"
2019-06-28 15:59:00,HOLDINGS_UPDATED,"{'CASH': 20300070, 'JPM': -108}"
2019-06-28 16:00:00,BID_DEPTH,"[(99897, 547)]"
2019-06-28 16:00:00,ASK_DEPTH,"[(99975, 419)]"
2019-06-28 16:00:00,IMBALANCE,"[547, 419]"
2019-06-28 16:00:00,HOLDINGS_UPDATED,"{'CASH': 20100120, 'JPM': -106}"
2019-06-28 16:01:00,BID_DEPTH,"[(99897, 547)]"
2019-06-28 16:01:00,ASK_DEPTH,"[(99975, 417)]"
2019-06-28 16:01:00,IMBALANCE,"[547, 417]"
2019-06-28 16:01:00,MKT_CLOSED,
2019-06-28 16:01:00,FINAL_HOLDINGS,"{ JPM: -106, CASH: 20100120 }"
2019-06-28 16:01:00,FINAL_CASH_POSITION,20100120
2019-06-28 16:01:00,MARK_TO_MARKET,-106 JPM @ 99975 == -10597350
2019-06-28 16:01:00,MARKED_TO_MARKET,9502770
2019-06-28 16:01:00,ENDING_CASH,9502770
