EventTime,EventType,Event
,AGENT_TYPE,MomentumAgent
,STARTING_CASH,10000000
2019-06-28 09:30:00,HOLDINGS_UPDATED,{'CASH': 10000000}
2019-06-28 09:31:00,BID_DEPTH,"[(99975, 313)]"
2019-06-28 09:31:00,ASK_DEPTH,"[(99979, 313)]"
2019-06-28 09:31:00,IMBALANCE,"[313, 313]"
2019-06-28 09:32:00,BID_DEPTH,"[(99975, 413)]"
2019-06-28 09:32:00,ASK_DEPTH,"[(99980, 313)]"
2019-06-28 09:32:00,IMBALANCE,"[413, 313]"
2019-06-28 09:33:00,BID_DEPTH,"[(99976, 206)]"
2019-06-28 09:33:00,ASK_DEPTH,"[(99980, 206)]"
2019-06-28 09:33:00,IMBALANCE,"[206, 206]"
2019-06-28 09:34:00,BID_DEPTH,"[(99976, 726)]"
2019-06-28 09:34:00,ASK_DEPTH,"[(100006, 526)]"
2019-06-28 09:34:00,IMBALANCE,"[726, 526]"
2019-06-28 09:35:00,BID_DEPTH,"[(99976, 345)]"
2019-06-28 09:35:00,ASK_DEPTH,"[(100038, 245)]"
2019-06-28 09:35:00,IMBALANCE,"[345, 245]"
2019-06-28 09:36:00,BID_DEPTH,"[(99977, 413)]"
2019-06-28 09:36:00,ASK_DEPTH,"[(100038, 313)]"
2019-06-28 09:36:00,IMBALANCE,"[413, 313]"
2019-06-28 09:37:00,BID_DEPTH,"[(99977, 726)]"
2019-06-28 09:37:00,ASK_DEPTH,"[(100038, 526)]"
2019-06-28 09:37:00,IMBALANCE,"[726, 526]"
2019-06-28 09:38:00,BID_DEPTH,"[(99977, 626)]"
2019-06-28 09:38:00,ASK_DEPTH,"[(99979, 626)]"
2019-06-28 09:38:00,IMBALANCE,"[626, 626]"
2019-06-28 09:39:00,BID_DEPTH,"[(99978, 245)]"
2019-06-28 09:39:00,ASK_DEPTH,"[(100038, 245)]"
2019-06-28 09:39:00,IMBALANCE,"[245, 245]"
2019-06-28 09:40:00,BID_DEPTH,"[(99978, 245)]"
2019-06-28 09:40:00,ASK_DEPTH,"[(100046, 245)]"
2019-06-28 09:40:00,IMBALANCE,"[245, 245]"
2019-06-28 09:41:00,BID_DEPTH,"[(99978, 245)]"
2019-06-28 09:41:00,ASK_DEPTH,"[(100049, 245)]"
2019-06-28 09:41:00,IMBALANCE,"[245, 245]"
2019-06-28 09:42:00,BID_DEPTH,"[(99978, 526)]"
2019-06-28 09:42:00,ASK_DEPTH,"[(100065, 526)]"
2019-06-28 09:42:00,IMBALANCE,"[526, 526]"
2019-06-28 09:43:00,BID_DEPTH,"[(99978, 245)]"
2019-06-28 09:43:00,ASK_DEPTH,"[(100065, 245)]"
2019-06-28 09:43:00,IMBALANCE,"[245, 245]"
2019-06-28 09:44:00,BID_DEPTH,"[(99978, 245)]"
2019-06-28 09:44:00,ASK_DEPTH,"[(100076, 245)]"
2019-06-28 09:44:00,IMBALANCE,"[245, 245]"
2019-06-28 09:45:00,BID_DEPTH,"[(100065, 245)]"
2019-06-28 09:45:00,ASK_DEPTH,"[(100084, 245)]"
2019-06-28 09:45:00,IMBALANCE,"[245, 245]"
2019-06-28 09:46:00,BID_DEPTH,"[(100065, 313)]"
2019-06-28 09:46:00,ASK_DEPTH,"[(100084, 313)]"
2019-06-28 09:46:00,IMBALANCE,"[313, 313]"
2019-06-28 09:47:00,BID_DEPTH,"[(100063, 245)]"
2019-06-28 09:47:00,ASK_DEPTH,"[(100086, 245)]"
2019-06-28 09:47:00,IMBALANCE,"[245, 245]"
2019-06-28 09:48:00,BID_DEPTH,"[(99977, 185)]"
2019-06-28 09:48:00,ASK_DEPTH,"[(100087, 185)]"
2019-06-28 09:48:00,IMBALANCE,"[185, 185]"
2019-06-28 09:49:00,BID_DEPTH,"[(99977, 206)]"
2019-06-28 09:49:00,ASK_DEPTH,"[(100087, 206)]"
2019-06-28 09:49:00,IMBALANCE,"[206, 206]"
2019-06-28 09:50:00,BID_DEPTH,"[(99977, 313)]"
2019-06-28 09:50:00,ASK_DEPTH,"[(100099, 313)]"
2019-06-28 09:50:00,IMBALANCE,"[313, 313]"
2019-06-28 09:51:00,BID_DEPTH,"[(100087, 313)]"
2019-06-28 09:51:00,ASK_DEPTH,"[(100154, 313)]"
2019-06-28 09:51:00,IMBALANCE,"[313, 313]"
2019-06-28 09:52:00,BID_DEPTH,"[(100087, 313)]"
2019-06-28 09:52:00,ASK_DEPTH,"[(100211, 313)]"
2019-06-28 09:52:00,IMBALANCE,"[313, 313]"
2019-06-28 09:53:00,BID_DEPTH,"[(100087, 206)]"
2019-06-28 09:53:00,ASK_DEPTH,"[(100211, 206)]"
2019-06-28 09:53:00,IMBALANCE,"[206, 206]"
2019-06-28 09:54:00,BID_DEPTH,"[(100072, 245)]"
2019-06-28 09:54:00,ASK_DEPTH,"[(100219, 245)]"
2019-06-28 09:54:00,IMBALANCE,"[245, 245]"
2019-06-28 09:55:00,BID_DEPTH,"[(99977, 185)]"
2019-06-28 09:55:00,ASK_DEPTH,"[(100072, 100)]"
2019-06-28 09:55:00,IMBALANCE,"[185, 100]"
2019-06-28 09:56:00,BID_DEPTH,"[(99965, 313)]"
2019-06-28 09:56:00,ASK_DEPTH,"[(100210, 413)]"
2019-06-28 09:56:00,IMBALANCE,"[313, 413]"
2019-06-28 09:57:00,BID_DEPTH,"[(99952, 185)]"
2019-06-28 09:57:00,ASK_DEPTH,"[(100210, 185)]"
2019-06-28 09:57:00,IMBALANCE,"[185, 185]"
2019-06-28 09:58:00,BID_DEPTH,"[(99966, 245)]"
2019-06-28 09:58:00,ASK_DEPTH,"[(100209, 345)]"
2019-06-28 09:58:00,IMBALANCE,"[245, 345]"
2019-06-28 09:59:00,BID_DEPTH,"[(99966, 513)]"
2019-06-28 09:59:00,ASK_DEPTH,"[(100209, 313)]"
2019-06-28 09:59:00,IMBALANCE,"[513, 313]"
2019-06-28 10:00:00,BID_DEPTH,"[(99966, 506)]"
2019-06-28 10:00:00,ASK_DEPTH,"[(100209, 206)]"
2019-06-28 10:00:00,IMBALANCE,"[506, 206]"
2019-06-28 10:01:00,BID_DEPTH,"[(99966, 545)]"
2019-06-28 10:01:00,ASK_DEPTH,"[(100209, 245)]"
2019-06-28 10:01:00,IMBALANCE,"[545, 245]"
2019-06-28 10:02:00,BID_DEPTH,"[(99966, 745)]"
2019-06-28 10:02:00,ASK_DEPTH,"[(100209, 345)]"
2019-06-28 10:02:00,IMBALANCE,"[745, 345]"
2019-06-28 10:03:00,BID_DEPTH,"[(99966, 685)]"
2019-06-28 10:03:00,ASK_DEPTH,"[(100203, 185)]"
2019-06-28 10:03:00,IMBALANCE,"[685, 185]"
2019-06-28 10:04:00,BID_DEPTH,"[(99966, 706)]"
2019-06-28 10:04:00,ASK_DEPTH,"[(100232, 206)]"
2019-06-28 10:04:00,IMBALANCE,"[706, 206]"
2019-06-28 10:05:00,BID_DEPTH,"[(100210, 206)]"
2019-06-28 10:05:00,ASK_DEPTH,"[(100242, 206)]"
2019-06-28 10:05:00,IMBALANCE,"[206, 206]"
2019-06-28 10:06:00,BID_DEPTH,"[(100232, 313)]"
2019-06-28 10:06:00,ASK_DEPTH,"[(100274, 313)]"
2019-06-28 10:06:00,IMBALANCE,"[313, 313]"
2019-06-28 10:07:00,BID_DEPTH,"[(100274, 121)]"
2019-06-28 10:07:00,ASK_DEPTH,"[(100429, 206)]"
2019-06-28 10:07:00,IMBALANCE,"[121, 206]"
2019-06-28 10:08:00,BID_DEPTH,"[(100274, 228)]"
2019-06-28 10:08:00,ASK_DEPTH,"[(100594, 313)]"
2019-06-28 10:08:00,IMBALANCE,"[228, 313]"
2019-06-28 10:09:00,BID_DEPTH,"[(100232, 245)]"
2019-06-28 10:09:00,ASK_DEPTH,"[(100649, 245)]"
2019-06-28 10:09:00,IMBALANCE,"[245, 245]"
2019-06-28 10:10:00,BID_DEPTH,"[(100232, 185)]"
2019-06-28 10:10:00,ASK_DEPTH,"[(100669, 185)]"
2019-06-28 10:10:00,IMBALANCE,"[185, 185]"
2019-06-28 10:11:00,BID_DEPTH,"[(100635, 313)]"
2019-06-28 10:11:00,ASK_DEPTH,"[(100669, 313)]"
2019-06-28 10:11:00,IMBALANCE,"[313, 313]"
2019-06-28 10:12:00,BID_DEPTH,"[(100635, 526)]"
2019-06-28 10:12:00,ASK_DEPTH,"[(100668, 526)]"
2019-06-28 10:12:00,IMBALANCE,"[526, 526]"
2019-06-28 10:13:00,BID_DEPTH,"[(100668, 206)]"
2019-06-28 10:13:00,ASK_DEPTH,"[(100812, 206)]"
2019-06-28 10:13:00,IMBALANCE,"[206, 206]"
2019-06-28 10:14:00,BID_DEPTH,"[(100669, 626)]"
2019-06-28 10:14:00,ASK_DEPTH,"[(100812, 526)]"
2019-06-28 10:14:00,IMBALANCE,"[626, 526]"
2019-06-28 10:15:00,BID_DEPTH,"[(100669, 345)]"
2019-06-28 10:15:00,ASK_DEPTH,"[(101081, 245)]"
2019-06-28 10:15:00,IMBALANCE,"[345, 245]"
2019-06-28 10:16:00,BID_DEPTH,"[(100925, 313)]"
2019-06-28 10:16:00,ASK_DEPTH,"[(101208, 313)]"
2019-06-28 10:16:00,IMBALANCE,"[313, 313]"
2019-06-28 10:17:00,BID_DEPTH,"[(101084, 313)]"
2019-06-28 10:17:00,ASK_DEPTH,"[(101086, 313)]"
2019-06-28 10:17:00,IMBALANCE,"[313, 313]"
2019-06-28 10:18:00,BID_DEPTH,"[(100951, 526)]"
2019-06-28 10:18:00,ASK_DEPTH,"[(101086, 526)]"
2019-06-28 10:18:00,IMBALANCE,"[526, 526]"
2019-06-28 10:19:00,BID_DEPTH,"[(100951, 206)]"
2019-06-28 10:19:00,ASK_DEPTH,"[(101085, 206)]"
2019-06-28 10:19:00,IMBALANCE,"[206, 206]"
2019-06-28 10:20:00,BID_DEPTH,"[(100933, 526)]"
2019-06-28 10:20:00,ASK_DEPTH,"[(101085, 526)]"
2019-06-28 10:20:00,IMBALANCE,"[526, 526]"
2019-06-28 10:21:00,BID_DEPTH,"[(100933, 245)]"
2019-06-28 10:21:00,ASK_DEPTH,"[(101085, 154)]"
2019-06-28 10:21:00,IMBALANCE,"[245, 154]"
2019-06-28 10:21:00,HOLDINGS_UPDATED,"{'CASH': 9595660, 'JPM': 4}"
2019-06-28 10:22:00,BID_DEPTH,"[(100823, 245)]"
2019-06-28 10:22:00,ASK_DEPTH,"[(101084, 154)]"
2019-06-28 10:22:00,IMBALANCE,"[245, 154]"
2019-06-28 10:22:00,HOLDINGS_UPDATED,"{'CASH': 9191324, 'JPM': 8}"
2019-06-28 10:23:00,BID_DEPTH,"[(100669, 245)]"
2019-06-28 10:23:00,ASK_DEPTH,"[(101084, 56)]"
2019-06-28 10:23:00,IMBALANCE,"[245, 56]"
2019-06-28 10:23:00,HOLDINGS_UPDATED,"{'CASH': 8786988, 'JPM': 12}"
2019-06-28 10:24:00,BID_DEPTH,"[(100669, 313)]"
2019-06-28 10:24:00,ASK_DEPTH,"[(101084, 124)]"
2019-06-28 10:24:00,IMBALANCE,"[313, 124]"
2019-06-28 10:24:00,HOLDINGS_UPDATED,"{'CASH': 8382652, 'JPM': 16}"
2019-06-28 10:25:00,BID_DEPTH,"[(100232, 206)]"
2019-06-28 10:25:00,ASK_DEPTH,"[(100669, 230)]"
2019-06-28 10:25:00,IMBALANCE,"[206, 230]"
2019-06-28 10:25:00,HOLDINGS_UPDATED,"{'CASH': 7979976, 'JPM': 20}"
2019-06-28 10:26:00,BID_DEPTH,"[(99966, 245)]"
2019-06-28 10:26:00,ASK_DEPTH,"[(100232, 154)]"
2019-06-28 10:26:00,IMBALANCE,"[245, 154]"
2019-06-28 10:26:00,HOLDINGS_UPDATED,"{'CASH': 7579048, 'JPM': 24}"
2019-06-28 10:27:00,BID_DEPTH,"[(99966, 185)]"
2019-06-28 10:27:00,ASK_DEPTH,"[(100232, 94)]"
2019-06-28 10:27:00,IMBALANCE,"[185, 94]"
2019-06-28 10:27:00,HOLDINGS_UPDATED,"{'CASH': 7178120, 'JPM': 28}"
2019-06-28 10:28:00,BID_DEPTH,"[(99884, 526)]"
2019-06-28 10:28:00,ASK_DEPTH,"[(99913, 350)]"
2019-06-28 10:28:00,IMBALANCE,"[526, 350]"
2019-06-28 10:28:00,HOLDINGS_UPDATED,"{'CASH': 6778468, 'JPM': 32}"
2019-06-28 10:29:00,BID_DEPTH,"[(99578, 206)]"
2019-06-28 10:29:00,ASK_DEPTH,"[(100669, 125)]"
2019-06-28 10:29:00,IMBALANCE,"[206, 125]"
2019-06-28 10:29:00,HOLDINGS_UPDATED,"{'CASH': 6375792, 'JPM': 36}"
2019-06-28 10:30:00,BID_DEPTH,"[(99403, 526)]"
2019-06-28 10:30:00,ASK_DEPTH,"[(100669, 340)]"
2019-06-28 10:30:00,IMBALANCE,"[526, 340]"
2019-06-28 10:30:00,HOLDINGS_UPDATED,"{'CASH': 5973116, 'JPM': 40}"
2019-06-28 10:31:00,BID_DEPTH,"[(99403, 526)]"
2019-06-28 10:31:00,ASK_DEPTH,"[(101084, 435)]"
2019-06-28 10:31:00,IMBALANCE,"[526, 435]"
2019-06-28 10:31:00,HOLDINGS_UPDATED,"{'CASH': 5568780, 'JPM': 44}"
2019-06-28 10:32:00,BID_DEPTH,"[(99377, 245)]"
2019-06-28 10:32:00,ASK_DEPTH,"[(101085, 156)]"
2019-06-28 10:32:00,IMBALANCE,"[245, 156]"
2019-06-28 10:32:00,HOLDINGS_UPDATED,"{'CASH': 5164440, 'JPM': 48}"
2019-06-28 10:33:00,BID_DEPTH,"[(99377, 245)]"
2019-06-28 10:33:00,ASK_DEPTH,"[(101085, 254)]"
2019-06-28 10:33:00,IMBALANCE,"[245, 254]"
2019-06-28 10:33:00,HOLDINGS_UPDATED,"{'CASH': 4760100, 'JPM': 52}"
2019-06-28 10:34:00,BID_DEPTH,"[(99438, 245)]"
2019-06-28 10:34:00,ASK_DEPTH,"[(99643, 154)]"
2019-06-28 10:34:00,IMBALANCE,"[245, 154]"
2019-06-28 10:34:00,HOLDINGS_UPDATED,"{'CASH': 4361528, 'JPM': 56}"
2019-06-28 10:35:00,BID_DEPTH,"[(99377, 245)]"
2019-06-28 10:35:00,ASK_DEPTH,"[(101085, 149)]"
2019-06-28 10:35:00,IMBALANCE,"[245, 149]"
2019-06-28 10:35:00,HOLDINGS_UPDATED,"{'CASH': 3957188, 'JPM': 60}"
2019-06-28 10:36:00,BID_DEPTH,"[(99254, 313)]"
2019-06-28 10:36:00,ASK_DEPTH,"[(101243, 222)]"
2019-06-28 10:36:00,IMBALANCE,"[313, 222]"
2019-06-28 10:36:00,HOLDINGS_UPDATED,"{'CASH': 3552216, 'JPM': 64}"
2019-06-28 10:37:00,BID_DEPTH,"[(99254, 526)]"
2019-06-28 10:37:00,ASK_DEPTH,"[(99281, 435)]"
2019-06-28 10:37:00,IMBALANCE,"[526, 435]"
2019-06-28 10:37:00,HOLDINGS_UPDATED,"{'CASH': 3155092, 'JPM': 68}"
2019-06-28 10:38:00,BID_DEPTH,"[(99188, 222)]"
2019-06-28 10:38:00,ASK_DEPTH,"[(99281, 313)]"
2019-06-28 10:38:00,IMBALANCE,"[222, 313]"
2019-06-28 10:38:00,HOLDINGS_UPDATED,"{'CASH': 3551844, 'JPM': 64}"
2019-06-28 10:39:00,BID_DEPTH,"[(99108, 94)]"
2019-06-28 10:39:00,ASK_DEPTH,"[(99344, 185)]"
2019-06-28 10:39:00,IMBALANCE,"[94, 185]"
2019-06-28 10:39:00,HOLDINGS_UPDATED,"{'CASH': 3948276, 'JPM': 60}"
2019-06-28 10:40:00,BID_DEPTH,"[(99144, 94)]"
2019-06-28 10:40:00,ASK_DEPTH,"[(99344, 185)]"
2019-06-28 10:40:00,IMBALANCE,"[94, 185]"
2019-06-28 10:40:00,HOLDINGS_UPDATED,"{'CASH': 4344852, 'JPM': 56}"
2019-06-28 10:41:00,BID_DEPTH,"[(99145, 435)]"
2019-06-28 10:41:00,ASK_DEPTH,"[(99373, 526)]"
2019-06-28 10:41:00,IMBALANCE,"[435, 526]"
2019-06-28 10:41:00,HOLDINGS_UPDATED,"{'CASH': 4741432, 'JPM': 52}"
2019-06-28 10:42:00,BID_DEPTH,"[(99144, 337)]"
2019-06-28 10:42:00,ASK_DEPTH,"[(99373, 526)]"
2019-06-28 10:42:00,IMBALANCE,"[337, 526]"
2019-06-28 10:42:00,HOLDINGS_UPDATED,"{'CASH': 5138008, 'JPM': 48}"
2019-06-28 10:43:00,BID_DEPTH,"[(99322, 222)]"
2019-06-28 10:43:00,ASK_DEPTH,"[(99373, 313)]"
2019-06-28 10:43:00,IMBALANCE,"[222, 313]"
2019-06-28 10:43:00,HOLDINGS_UPDATED,"{'CASH': 5535296, 'JPM': 44}"
2019-06-28 10:44:00,BID_DEPTH,"[(99323, 222)]"
2019-06-28 10:44:00,ASK_DEPTH,"[(99461, 313)]"
2019-06-28 10:44:00,IMBALANCE,"[222, 313]"
2019-06-28 10:44:00,HOLDINGS_UPDATED,"{'CASH': 5932588, 'JPM': 40}"
2019-06-28 10:45:00,BID_DEPTH,"[(99323, 324)]"
2019-06-28 10:45:00,ASK_DEPTH,"[(99483, 313)]"
2019-06-28 10:45:00,IMBALANCE,"[324, 313]"
2019-06-28 10:45:00,HOLDINGS_UPDATED,"{'CASH': 6329880, 'JPM': 36}"
2019-06-28 10:46:00,BID_DEPTH,"[(99323, 151)]"
2019-06-28 10:46:00,ASK_DEPTH,"[(99556, 245)]"
2019-06-28 10:46:00,IMBALANCE,"[151, 245]"
2019-06-28 10:46:00,HOLDINGS_UPDATED,"{'CASH': 6727172, 'JPM': 32}"
2019-06-28 10:47:00,BID_DEPTH,"[(99322, 17)]"
2019-06-28 10:47:00,ASK_DEPTH,"[(100666, 206)]"
2019-06-28 10:47:00,IMBALANCE,"[17, 206]"
2019-06-28 10:47:00,HOLDINGS_UPDATED,"{'CASH': 7124460, 'JPM': 28}"
2019-06-28 10:48:00,BID_DEPTH,"[(99322, 215)]"
2019-06-28 10:48:00,ASK_DEPTH,"[(100666, 206)]"
2019-06-28 10:48:00,IMBALANCE,"[215, 206]"
2019-06-28 10:48:00,HOLDINGS_UPDATED,"{'CASH': 7521748, 'JPM': 24}"
2019-06-28 10:49:00,BID_DEPTH,"[(99322, 89)]"
2019-06-28 10:49:00,ASK_DEPTH,"[(100391, 185)]"
2019-06-28 10:49:00,IMBALANCE,"[89, 185]"
2019-06-28 10:49:00,HOLDINGS_UPDATED,"{'CASH': 7919036, 'JPM': 20}"
2019-06-28 10:50:00,BID_DEPTH,"[(100115, 115)]"
2019-06-28 10:50:00,ASK_DEPTH,"[(100120, 206)]"
2019-06-28 10:50:00,IMBALANCE,"[115, 206]"
2019-06-28 10:50:00,HOLDINGS_UPDATED,"{'CASH': 8319496, 'JPM': 16}"
2019-06-28 10:51:00,BID_DEPTH,"[(99758, 222)]"
2019-06-28 10:51:00,ASK_DEPTH,"[(99836, 313)]"
2019-06-28 10:51:00,IMBALANCE,"[222, 313]"
2019-06-28 10:51:00,HOLDINGS_UPDATED,"{'CASH': 8718528, 'JPM': 12}"
2019-06-28 10:52:00,BID_DEPTH,"[(99648, 115)]"
2019-06-28 10:52:00,ASK_DEPTH,"[(99756, 206)]"
2019-06-28 10:52:00,IMBALANCE,"[115, 206]"
2019-06-28 10:52:00,HOLDINGS_UPDATED,"{'CASH': 9117120, 'JPM': 8}"
2019-06-28 10:53:00,BID_DEPTH,"[(99531, 94)]"
2019-06-28 10:53:00,ASK_DEPTH,"[(100008, 185)]"
2019-06-28 10:53:00,IMBALANCE,"[94, 185]"
2019-06-28 10:53:00,HOLDINGS_UPDATED,"{'CASH': 9515244, 'JPM': 4}"
2019-06-28 10:54:00,BID_DEPTH,"[(99823, 94)]"
2019-06-28 10:54:00,ASK_DEPTH,"[(100022, 185)]"
2019-06-28 10:54:00,IMBALANCE,"[94, 185]"
2019-06-28 10:54:00,HOLDINGS_UPDATED,{'CASH': 9914536}
2019-06-28 10:55:00,BID_DEPTH,"[(99744, 115)]"
2019-06-28 10:55:00,ASK_DEPTH,"[(100022, 206)]"
2019-06-28 10:55:00,IMBALANCE,"[115, 206]"
2019-06-28 10:55:00,HOLDINGS_UPDATED,"{'CASH': 10313512, 'JPM': -4}"
2019-06-28 10:56:00,BID_DEPTH,"[(99651, 94)]"
2019-06-28 10:56:00,ASK_DEPTH,"[(99952, 185)]"
2019-06-28 10:56:00,IMBALANCE,"[94, 185]"
2019-06-28 10:56:00,HOLDINGS_UPDATED,"{'CASH': 10712116, 'JPM': -8}"
2019-06-28 10:57:00,BID_DEPTH,"[(99612, 115)]"
2019-06-28 10:57:00,ASK_DEPTH,"[(99991, 206)]"
2019-06-28 10:57:00,IMBALANCE,"[115, 206]"
2019-06-28 10:57:00,HOLDINGS_UPDATED,"{'CASH': 11110564, 'JPM': -12}"
2019-06-28 10:58:00,BID_DEPTH,"[(99765, 154)]"
2019-06-28 10:58:00,ASK_DEPTH,"[(99991, 245)]"
2019-06-28 10:58:00,IMBALANCE,"[154, 245]"
2019-06-28 10:58:00,HOLDINGS_UPDATED,"{'CASH': 11509624, 'JPM': -16}"
2019-06-28 10:59:00,BID_DEPTH,"[(99820, 222)]"
2019-06-28 10:59:00,ASK_DEPTH,"[(99991, 313)]"
2019-06-28 10:59:00,IMBALANCE,"[222, 313]"
2019-06-28 10:59:00,HOLDINGS_UPDATED,"{'CASH': 11908904, 'JPM': -20}"
2019-06-28 11:00:00,BID_DEPTH,"[(99765, 115)]"
2019-06-28 11:00:00,ASK_DEPTH,"[(99991, 206)]"
2019-06-28 11:00:00,IMBALANCE,"[115, 206]"
2019-06-28 11:00:00,HOLDINGS_UPDATED,"{'CASH': 12307964, 'JPM': -24}"
2019-06-28 11:01:00,BID_DEPTH,"[(99622, 94)]"
2019-06-28 11:01:00,ASK_DEPTH,"[(99991, 185)]"
2019-06-28 11:01:00,IMBALANCE,"[94, 185]"
2019-06-28 11:01:00,HOLDINGS_UPDATED,"{'CASH': 12706452, 'JPM': -28}"
2019-06-28 11:02:00,BID_DEPTH,"[(99557, 435)]"
2019-06-28 11:02:00,ASK_DEPTH,"[(99622, 526)]"
2019-06-28 11:02:00,IMBALANCE,"[435, 526]"
2019-06-28 11:02:00,HOLDINGS_UPDATED,"{'CASH': 13104680, 'JPM': -32}"
2019-06-28 11:03:00,BID_DEPTH,"[(99322, 94)]"
2019-06-28 11:03:00,ASK_DEPTH,"[(99622, 185)]"
2019-06-28 11:03:00,IMBALANCE,"[94, 185]"
2019-06-28 11:03:00,HOLDINGS_UPDATED,"{'CASH': 13501968, 'JPM': -36}"
2019-06-28 11:04:00,BID_DEPTH,"[(99238, 222)]"
2019-06-28 11:04:00,ASK_DEPTH,"[(99322, 413)]"
2019-06-28 11:04:00,IMBALANCE,"[222, 413]"
2019-06-28 11:04:00,HOLDINGS_UPDATED,"{'CASH': 13898920, 'JPM': -40}"
2019-06-28 11:05:00,BID_DEPTH,"[(99108, 56)]"
2019-06-28 11:05:00,ASK_DEPTH,"[(99322, 245)]"
2019-06-28 11:05:00,IMBALANCE,"[56, 245]"
2019-06-28 11:05:00,HOLDINGS_UPDATED,"{'CASH': 14295352, 'JPM': -44}"
2019-06-28 11:06:00,BID_DEPTH,"[(98993, 115)]"
2019-06-28 11:06:00,ASK_DEPTH,"[(99208, 206)]"
2019-06-28 11:06:00,IMBALANCE,"[115, 206]"
2019-06-28 11:06:00,HOLDINGS_UPDATED,"{'CASH': 14691324, 'JPM': -48}"
2019-06-28 11:07:00,BID_DEPTH,"[(98993, 94)]"
2019-06-28 11:07:00,ASK_DEPTH,"[(99208, 185)]"
2019-06-28 11:07:00,IMBALANCE,"[94, 185]"
2019-06-28 11:07:00,HOLDINGS_UPDATED,"{'CASH': 15087296, 'JPM': -52}"
2019-06-28 11:08:00,BID_DEPTH,"[(99188, 94)]"
2019-06-28 11:08:00,ASK_DEPTH,"[(99208, 185)]"
2019-06-28 11:08:00,IMBALANCE,"[94, 185]"
2019-06-28 11:08:00,HOLDINGS_UPDATED,"{'CASH': 15484048, 'JPM': -56}"
2019-06-28 11:09:00,BID_DEPTH,"[(99118, 222)]"
2019-06-28 11:09:00,ASK_DEPTH,"[(99208, 313)]"
2019-06-28 11:09:00,IMBALANCE,"[222, 313]"
2019-06-28 11:09:00,HOLDINGS_UPDATED,"{'CASH': 15880520, 'JPM': -60}"
2019-06-28 11:10:00,BID_DEPTH,"[(98993, 115)]"
2019-06-28 11:10:00,ASK_DEPTH,"[(99250, 206)]"
2019-06-28 11:10:00,IMBALANCE,"[115, 206]"
2019-06-28 11:10:00,HOLDINGS_UPDATED,"{'CASH': 16276492, 'JPM': -64}"
2019-06-28 11:11:00,BID_DEPTH,"[(98886, 154)]"
2019-06-28 11:11:00,ASK_DEPTH,"[(99250, 245)]"
2019-06-28 11:11:00,IMBALANCE,"[154, 245]"
2019-06-28 11:11:00,HOLDINGS_UPDATED,"{'CASH': 16672036, 'JPM': -68}"
2019-06-28 11:12:00,BID_DEPTH,"[(98656, 94)]"
2019-06-28 11:12:00,ASK_DEPTH,"[(98886, 185)]"
2019-06-28 11:12:00,IMBALANCE,"[94, 185]"
2019-06-28 11:12:00,HOLDINGS_UPDATED,"{'CASH': 17066660, 'JPM': -72}"
2019-06-28 11:13:00,BID_DEPTH,"[(98124, 222)]"
2019-06-28 11:13:00,ASK_DEPTH,"[(98656, 331)]"
2019-06-28 11:13:00,IMBALANCE,"[222, 331]"
2019-06-28 11:13:00,HOLDINGS_UPDATED,"{'CASH': 17459156, 'JPM': -76}"
2019-06-28 11:14:00,BID_DEPTH,"[(98124, 437)]"
2019-06-28 11:14:00,ASK_DEPTH,"[(98656, 544)]"
2019-06-28 11:14:00,IMBALANCE,"[437, 544]"
2019-06-28 11:14:00,HOLDINGS_UPDATED,"{'CASH': 17851652, 'JPM': -80}"
2019-06-28 11:15:00,BID_DEPTH,"[(98124, 56)]"
2019-06-28 11:15:00,ASK_DEPTH,"[(98669, 245)]"
2019-06-28 11:15:00,IMBALANCE,"[56, 245]"
2019-06-28 11:15:00,HOLDINGS_UPDATED,"{'CASH': 18244148, 'JPM': -84}"
2019-06-28 11:16:00,BID_DEPTH,"[(98392, 154)]"
2019-06-28 11:16:00,ASK_DEPTH,"[(98669, 245)]"
2019-06-28 11:16:00,IMBALANCE,"[154, 245]"
2019-06-28 11:16:00,HOLDINGS_UPDATED,"{'CASH': 18637716, 'JPM': -88}"
2019-06-28 11:17:00,BID_DEPTH,"[(98392, 96)]"
2019-06-28 11:17:00,ASK_DEPTH,"[(98669, 185)]"
2019-06-28 11:17:00,IMBALANCE,"[96, 185]"
2019-06-28 11:17:00,HOLDINGS_UPDATED,"{'CASH': 19031284, 'JPM': -92}"
2019-06-28 11:18:00,BID_DEPTH,"[(98124, 87)]"
2019-06-28 11:18:00,ASK_DEPTH,"[(98392, 4)]"
2019-06-28 11:18:00,IMBALANCE,"[87, 4]"
2019-06-28 11:18:00,HOLDINGS_UPDATED,"{'CASH': 19227532, 'JPM': -94}"
2019-06-28 11:18:00,HOLDINGS_UPDATED,"{'CASH': 19423780, 'JPM': -96}"
2019-06-28 11:19:00,BID_DEPTH,"[(98124, 124)]"
2019-06-28 11:19:00,ASK_DEPTH,"[(98792, 313)]"
2019-06-28 11:19:00,IMBALANCE,"[124, 313]"
2019-06-28 11:19:00,HOLDINGS_UPDATED,"{'CASH': 19816276, 'JPM': -100}"
2019-06-28 11:20:00,BID_DEPTH,"[(98124, 96)]"
2019-06-28 11:20:00,ASK_DEPTH,"[(98476, 185)]"
2019-06-28 11:20:00,IMBALANCE,"[96, 185]"
2019-06-28 11:20:00,HOLDINGS_UPDATED,"{'CASH': 20208772, 'JPM': -104}"
2019-06-28 11:21:00,BID_DEPTH,"[(98476, 222)]"
2019-06-28 11:21:00,ASK_DEPTH,"[(98792, 313)]"
2019-06-28 11:21:00,IMBALANCE,"[222, 313]"
2019-06-28 11:21:00,HOLDINGS_UPDATED,"{'CASH': 20602676, 'JPM': -108}"
2019-06-28 11:22:00,BID_DEPTH,"[(98124, 56)]"
2019-06-28 11:22:00,ASK_DEPTH,"[(98886, 245)]"
2019-06-28 11:22:00,IMBALANCE,"[56, 245]"
2019-06-28 11:22:00,HOLDINGS_UPDATED,"{'CASH': 20995172, 'JPM': -112}"
2019-06-28 11:23:00,BID_DEPTH,"[(98124, 435)]"
2019-06-28 11:23:00,ASK_DEPTH,"[(99044, 526)]"
2019-06-28 11:23:00,IMBALANCE,"[435, 526]"
2019-06-28 11:23:00,HOLDINGS_UPDATED,"{'CASH': 21387668, 'JPM': -116}"
2019-06-28 11:24:00,BID_DEPTH,[]
2019-06-28 11:24:00,ASK_DEPTH,"[(99622, 100)]"
2019-06-28 11:24:00,IMBALANCE,"[0, 100]"
2019-06-28 11:25:00,BID_DEPTH,[]
2019-06-28 11:25:00,ASK_DEPTH,"[(99839, 100)]"
2019-06-28 11:25:00,IMBALANCE,"[0, 100]"
2019-06-28 11:26:00,BID_DEPTH,"[(99783, 222)]"
2019-06-28 11:26:00,ASK_DEPTH,"[(99796, 313)]"
2019-06-28 11:26:00,IMBALANCE,"[222, 313]"
2019-06-28 11:26:00,HOLDINGS_UPDATED,"{'CASH': 21786800, 'JPM': -120}"
2019-06-28 11:27:00,BID_DEPTH,"[(99785, 222)]"
2019-06-28 11:27:00,ASK_DEPTH,"[(99931, 313)]"
2019-06-28 11:27:00,IMBALANCE,"[222, 313]"
2019-06-28 11:27:00,HOLDINGS_UPDATED,"{'CASH': 22185940, 'JPM': -124}"
2019-06-28 11:28:00,BID_DEPTH,"[(99785, 535)]"
2019-06-28 11:28:00,ASK_DEPTH,"[(100071, 526)]"
2019-06-28 11:28:00,IMBALANCE,"[535, 526]"
2019-06-28 11:28:00,HOLDINGS_UPDATED,"{'CASH': 22585080, 'JPM': -128}"
2019-06-28 11:29:00,BID_DEPTH,"[(99785, 89)]"
2019-06-28 11:29:00,ASK_DEPTH,"[(100018, 185)]"
2019-06-28 11:29:00,IMBALANCE,"[89, 185]"
2019-06-28 11:29:00,HOLDINGS_UPDATED,"{'CASH': 22984220, 'JPM': -132}"
2019-06-28 11:30:00,BID_DEPTH,"[(99883, 94)]"
2019-06-28 11:30:00,ASK_DEPTH,"[(100147, 185)]"
2019-06-28 11:30:00,IMBALANCE,"[94, 185]"
2019-06-28 11:30:00,HOLDINGS_UPDATED,"{'CASH': 23383752, 'JPM': -136}"
2019-06-28 11:31:00,BID_DEPTH,"[(99725, 94)]"
2019-06-28 11:31:00,ASK_DEPTH,"[(99883, 105)]"
2019-06-28 11:31:00,IMBALANCE,"[94, 105]"
2019-06-28 11:31:00,HOLDINGS_UPDATED,"{'CASH': 23782652, 'JPM': -140}"
2019-06-28 11:32:00,BID_DEPTH,"[(99535, 115)]"
2019-06-28 11:32:00,ASK_DEPTH,"[(99663, 206)]"
2019-06-28 11:32:00,IMBALANCE,"[115, 206]"
2019-06-28 11:32:00,HOLDINGS_UPDATED,"{'CASH': 24180792, 'JPM': -144}"
2019-06-28 11:33:00,BID_DEPTH,"[(99535, 154)]"
2019-06-28 11:33:00,ASK_DEPTH,"[(99741, 245)]"
2019-06-28 11:33:00,IMBALANCE,"[154, 245]"
2019-06-28 11:33:00,HOLDINGS_UPDATED,"{'CASH': 24578932, 'JPM': -148}"
2019-06-28 11:34:00,BID_DEPTH,"[(99580, 222)]"
2019-06-28 11:34:00,ASK_DEPTH,"[(99741, 313)]"
2019-06-28 11:34:00,IMBALANCE,"[222, 313]"
2019-06-28 11:34:00,HOLDINGS_UPDATED,"{'CASH': 24977252, 'JPM': -152}"
2019-06-28 11:35:00,BID_DEPTH,"[(99381, 222)]"
2019-06-28 11:35:00,ASK_DEPTH,"[(99580, 413)]"
2019-06-28 11:35:00,IMBALANCE,"[222, 413]"
2019-06-28 11:35:00,HOLDINGS_UPDATED,"{'CASH': 25374776, 'JPM': -156}"
2019-06-28 11:36:00,BID_DEPTH,"[(99373, 435)]"
2019-06-28 11:36:00,ASK_DEPTH,"[(99381, 618)]"
2019-06-28 11:36:00,IMBALANCE,"[435, 618]"
2019-06-28 11:36:00,HOLDINGS_UPDATED,"{'CASH': 25772268, 'JPM': -160}"
2019-06-28 11:37:00,BID_DEPTH,"[(99289, 222)]"
2019-06-28 11:37:00,ASK_DEPTH,"[(99309, 313)]"
2019-06-28 11:37:00,IMBALANCE,"[222, 313]"
2019-06-28 11:37:00,HOLDINGS_UPDATED,"{'CASH': 26169424, 'JPM': -164}"
2019-06-28 11:38:00,BID_DEPTH,"[(99216, 154)]"
2019-06-28 11:38:00,ASK_DEPTH,"[(99363, 245)]"
2019-06-28 11:38:00,IMBALANCE,"[154, 245]"
2019-06-28 11:38:00,HOLDINGS_UPDATED,"{'CASH': 26566288, 'JPM': -168}"
2019-06-28 11:39:00,BID_DEPTH,"[(99216, 535)]"
2019-06-28 11:39:00,ASK_DEPTH,"[(99580, 626)]"
2019-06-28 11:39:00,IMBALANCE,"[535, 626]"
2019-06-28 11:39:00,HOLDINGS_UPDATED,"{'CASH': 26963152, 'JPM': -172}"
2019-06-28 11:40:00,BID_DEPTH,"[(99216, 301)]"
2019-06-28 11:40:00,ASK_DEPTH,"[(99580, 215)]"
2019-06-28 11:40:00,IMBALANCE,"[301, 215]"
2019-06-28 11:40:00,HOLDINGS_UPDATED,"{'CASH': 26564832, 'JPM': -168}"
2019-06-28 11:41:00,BID_DEPTH,"[(99216, 408)]"
2019-06-28 11:41:00,ASK_DEPTH,"[(99284, 222)]"
2019-06-28 11:41:00,IMBALANCE,"[408, 222]"
2019-06-28 11:41:00,HOLDINGS_UPDATED,"{'CASH': 26167696, 'JPM': -164}"
2019-06-28 11:42:00,BID_DEPTH,"[(99339, 245)]"
2019-06-28 11:42:00,ASK_DEPTH,"[(99374, 154)]"
2019-06-28 11:42:00,IMBALANCE,"[245, 154]"
2019-06-28 11:42:00,HOLDINGS_UPDATED,"{'CASH': 25770200, 'JPM': -160}"
2019-06-28 11:43:00,BID_DEPTH,"[(99295, 526)]"
2019-06-28 11:43:00,ASK_DEPTH,"[(99374, 435)]"
2019-06-28 11:43:00,IMBALANCE,"[526, 435]"
2019-06-28 11:43:00,HOLDINGS_UPDATED,"{'CASH': 25372704, 'JPM': -156}"
2019-06-28 11:44:00,BID_DEPTH,"[(99216, 240)]"
2019-06-28 11:44:00,ASK_DEPTH,"[(99629, 154)]"
2019-06-28 11:44:00,IMBALANCE,"[240, 154]"
2019-06-28 11:44:00,HOLDINGS_UPDATED,"{'CASH': 24974188, 'JPM': -152}"
2019-06-28 11:45:00,BID_DEPTH,"[(99177, 185)]"
2019-06-28 11:45:00,ASK_DEPTH,"[(99650, 94)]"
2019-06-28 11:45:00,IMBALANCE,"[185, 94]"
2019-06-28 11:45:00,HOLDINGS_UPDATED,"{'CASH': 24575588, 'JPM': -148}"
2019-06-28 11:46:00,BID_DEPTH,"[(99106, 185)]"
2019-06-28 11:46:00,ASK_DEPTH,"[(99653, 94)]"
2019-06-28 11:46:00,IMBALANCE,"[185, 94]"
2019-06-28 11:46:00,HOLDINGS_UPDATED,"{'CASH': 24176976, 'JPM': -144}"
2019-06-28 11:47:00,BID_DEPTH,"[(99506, 526)]"
2019-06-28 11:47:00,ASK_DEPTH,"[(99653, 535)]"
2019-06-28 11:47:00,IMBALANCE,"[526, 535]"
2019-06-28 11:47:00,HOLDINGS_UPDATED,"{'CASH': 23778364, 'JPM': -140}"
2019-06-28 11:48:00,BID_DEPTH,"[(99343, 185)]"
2019-06-28 11:48:00,ASK_DEPTH,"[(99379, 94)]"
2019-06-28 11:48:00,IMBALANCE,"[185, 94]"
2019-06-28 11:48:00,HOLDINGS_UPDATED,"{'CASH': 23380848, 'JPM': -136}"
2019-06-28 11:49:00,BID_DEPTH,"[(99379, 206)]"
2019-06-28 11:49:00,ASK_DEPTH,"[(99653, 210)]"
2019-06-28 11:49:00,IMBALANCE,"[206, 210]"
2019-06-28 11:49:00,HOLDINGS_UPDATED,"{'CASH': 22982236, 'JPM': -132}"
2019-06-28 11:50:00,BID_DEPTH,"[(99379, 526)]"
2019-06-28 11:50:00,ASK_DEPTH,"[(99675, 435)]"
2019-06-28 11:50:00,IMBALANCE,"[526, 435]"
2019-06-28 11:50:00,HOLDINGS_UPDATED,"{'CASH': 22583536, 'JPM': -128}"
2019-06-28 11:51:00,BID_DEPTH,"[(99379, 526)]"
2019-06-28 11:51:00,ASK_DEPTH,"[(99792, 435)]"
2019-06-28 11:51:00,IMBALANCE,"[526, 435]"
2019-06-28 11:51:00,HOLDINGS_UPDATED,"{'CASH': 22184368, 'JPM': -124}"
2019-06-28 11:52:00,BID_DEPTH,"[(99379, 185)]"
2019-06-28 11:52:00,ASK_DEPTH,"[(99758, 94)]"
2019-06-28 11:52:00,IMBALANCE,"[185, 94]"
2019-06-28 11:52:00,HOLDINGS_UPDATED,"{'CASH': 21785336, 'JPM': -120}"
2019-06-28 11:53:00,BID_DEPTH,"[(99758, 233)]"
2019-06-28 11:53:00,ASK_DEPTH,"[(99802, 222)]"
2019-06-28 11:53:00,IMBALANCE,"[233, 222]"
2019-06-28 11:53:00,HOLDINGS_UPDATED,"{'CASH': 21386128, 'JPM': -116}"
2019-06-28 11:54:00,BID_DEPTH,"[(99758, 446)]"
2019-06-28 11:54:00,ASK_DEPTH,"[(99880, 435)]"
2019-06-28 11:54:00,IMBALANCE,"[446, 435]"
2019-06-28 11:54:00,HOLDINGS_UPDATED,"{'CASH': 20986608, 'JPM': -112}"
2019-06-28 11:55:00,BID_DEPTH,"[(99880, 245)]"
2019-06-28 11:55:00,ASK_DEPTH,"[(100096, 154)]"
2019-06-28 11:55:00,IMBALANCE,"[245, 154]"
2019-06-28 11:55:00,HOLDINGS_UPDATED,"{'CASH': 20586224, 'JPM': -108}"
2019-06-28 11:56:00,BID_DEPTH,"[(100060, 245)]"
2019-06-28 11:56:00,ASK_DEPTH,"[(100172, 154)]"
2019-06-28 11:56:00,IMBALANCE,"[245, 154]"
2019-06-28 11:56:00,HOLDINGS_UPDATED,"{'CASH': 20185536, 'JPM': -104}"
2019-06-28 11:57:00,BID_DEPTH,"[(100060, 313)]"
2019-06-28 11:57:00,ASK_DEPTH,"[(100227, 222)]"
2019-06-28 11:57:00,IMBALANCE,"[313, 222]"
2019-06-28 11:57:00,HOLDINGS_UPDATED,"{'CASH': 19784628, 'JPM': -100}"
2019-06-28 11:58:00,BID_DEPTH,"[(100060, 526)]"
2019-06-28 11:58:00,ASK_DEPTH,"[(100227, 437)]"
2019-06-28 11:58:00,IMBALANCE,"[526, 437]"
2019-06-28 11:58:00,HOLDINGS_UPDATED,"{'CASH': 19383720, 'JPM': -96}"
2019-06-28 11:59:00,BID_DEPTH,"[(99916, 313)]"
2019-06-28 11:59:00,ASK_DEPTH,"[(100227, 124)]"
2019-06-28 11:59:00,IMBALANCE,"[313, 124]"
2019-06-28 11:59:00,HOLDINGS_UPDATED,"{'CASH': 18982812, 'JPM': -92}"
2019-06-28 12:00:00,BID_DEPTH,"[(99979, 526)]"
2019-06-28 12:00:00,ASK_DEPTH,"[(100235, 435)]"
2019-06-28 12:00:00,IMBALANCE,"[526, 435]"
2019-06-28 12:00:00,HOLDINGS_UPDATED,"{'CASH': 18581872, 'JPM': -88}"
2019-06-28 12:01:00,BID_DEPTH,"[(99979, 245)]"
2019-06-28 12:01:00,ASK_DEPTH,"[(99981, 154)]"
2019-06-28 12:01:00,IMBALANCE,"[245, 154]"
2019-06-28 12:01:00,HOLDINGS_UPDATED,"{'CASH': 18181948, 'JPM': -84}"
2019-06-28 12:02:00,BID_DEPTH,"[(99981, 206)]"
2019-06-28 12:02:00,ASK_DEPTH,"[(100316, 115)]"
2019-06-28 12:02:00,IMBALANCE,"[206, 115]"
2019-06-28 12:02:00,HOLDINGS_UPDATED,"{'CASH': 17780684, 'JPM': -80}"
2019-06-28 12:03:00,BID_DEPTH,"[(100364, 206)]"
2019-06-28 12:03:00,ASK_DEPTH,"[(100447, 115)]"
2019-06-28 12:03:00,IMBALANCE,"[206, 115]"
2019-06-28 12:03:00,HOLDINGS_UPDATED,"{'CASH': 17378896, 'JPM': -76}"
2019-06-28 12:04:00,BID_DEPTH,"[(100314, 185)]"
2019-06-28 12:04:00,ASK_DEPTH,"[(100364, 94)]"
2019-06-28 12:04:00,IMBALANCE,"[185, 94]"
2019-06-28 12:04:00,HOLDINGS_UPDATED,"{'CASH': 16977440, 'JPM': -72}"
2019-06-28 12:05:00,BID_DEPTH,"[(100260, 313)]"
2019-06-28 12:05:00,ASK_DEPTH,"[(100364, 124)]"
2019-06-28 12:05:00,IMBALANCE,"[313, 124]"
2019-06-28 12:05:00,HOLDINGS_UPDATED,"{'CASH': 16575984, 'JPM': -68}"
2019-06-28 12:06:00,BID_DEPTH,"[(100086, 185)]"
2019-06-28 12:06:00,ASK_DEPTH,"[(100364, 94)]"
2019-06-28 12:06:00,IMBALANCE,"[185, 94]"
2019-06-28 12:06:00,HOLDINGS_UPDATED,"{'CASH': 16174528, 'JPM': -64}"
2019-06-28 12:07:00,BID_DEPTH,"[(99981, 526)]"
2019-06-28 12:07:00,ASK_DEPTH,"[(100364, 535)]"
2019-06-28 12:07:00,IMBALANCE,"[526, 535]"
2019-06-28 12:07:00,HOLDINGS_UPDATED,"{'CASH': 15773072, 'JPM': -60}"
2019-06-28 12:08:00,BID_DEPTH,"[(99883, 313)]"
2019-06-28 12:08:00,ASK_DEPTH,"[(100364, 217)]"
2019-06-28 12:08:00,IMBALANCE,"[313, 217]"
2019-06-28 12:08:00,HOLDINGS_UPDATED,"{'CASH': 15371616, 'JPM': -56}"
2019-06-28 12:09:00,BID_DEPTH,"[(100447, 4)]"
2019-06-28 12:09:00,ASK_DEPTH,"[(100495, 185)]"
2019-06-28 12:09:00,IMBALANCE,"[4, 185]"
2019-06-28 12:09:00,HOLDINGS_UPDATED,"{'CASH': 14969636, 'JPM': -52}"
2019-06-28 12:10:00,BID_DEPTH,"[(100495, 219)]"
2019-06-28 12:10:00,ASK_DEPTH,"[(100586, 222)]"
2019-06-28 12:10:00,IMBALANCE,"[219, 222]"
2019-06-28 12:10:00,HOLDINGS_UPDATED,"{'CASH': 14567292, 'JPM': -48}"
2019-06-28 12:11:00,BID_DEPTH,"[(100495, 6)]"
2019-06-28 12:11:00,ASK_DEPTH,[]
2019-06-28 12:11:00,IMBALANCE,"[6, 0]"
2019-06-28 12:12:00,BID_DEPTH,"[(100775, 313)]"
2019-06-28 12:12:00,ASK_DEPTH,"[(101042, 222)]"
2019-06-28 12:12:00,IMBALANCE,"[313, 222]"
2019-06-28 12:12:00,HOLDINGS_UPDATED,"{'CASH': 14163124, 'JPM': -44}"
2019-06-28 12:13:00,BID_DEPTH,"[(100775, 313)]"
2019-06-28 12:13:00,ASK_DEPTH,"[(101042, 124)]"
2019-06-28 12:13:00,IMBALANCE,"[313, 124]"
2019-06-28 12:13:00,HOLDINGS_UPDATED,"{'CASH': 13758956, 'JPM': -40}"
2019-06-28 12:14:00,BID_DEPTH,"[(100775, 245)]"
2019-06-28 12:14:00,ASK_DEPTH,"[(100822, 154)]"
2019-06-28 12:14:00,IMBALANCE,"[245, 154]"
2019-06-28 12:14:00,HOLDINGS_UPDATED,"{'CASH': 13355668, 'JPM': -36}"
2019-06-28 12:15:00,BID_DEPTH,"[(100991, 206)]"
2019-06-28 12:15:00,ASK_DEPTH,"[(101018, 115)]"
2019-06-28 12:15:00,IMBALANCE,"[206, 115]"
2019-06-28 12:15:00,HOLDINGS_UPDATED,"{'CASH': 12951596, 'JPM': -32}"
2019-06-28 12:16:00,BID_DEPTH,"[(100991, 313)]"
2019-06-28 12:16:00,ASK_DEPTH,"[(101018, 124)]"
2019-06-28 12:16:00,IMBALANCE,"[313, 124]"
2019-06-28 12:16:00,HOLDINGS_UPDATED,"{'CASH': 12547524, 'JPM': -28}"
2019-06-28 12:17:00,BID_DEPTH,"[(100991, 206)]"
2019-06-28 12:17:00,ASK_DEPTH,"[(100998, 115)]"
2019-06-28 12:17:00,IMBALANCE,"[206, 115]"
2019-06-28 12:17:00,HOLDINGS_UPDATED,"{'CASH': 12143532, 'JPM': -24}"
2019-06-28 12:18:00,BID_DEPTH,"[(100977, 206)]"
2019-06-28 12:18:00,ASK_DEPTH,"[(100998, 17)]"
2019-06-28 12:18:00,IMBALANCE,"[206, 17]"
2019-06-28 12:18:00,HOLDINGS_UPDATED,"{'CASH': 11739540, 'JPM': -20}"
2019-06-28 12:19:00,BID_DEPTH,"[(100851, 206)]"
2019-06-28 12:19:00,ASK_DEPTH,"[(100977, 115)]"
2019-06-28 12:19:00,IMBALANCE,"[206, 115]"
2019-06-28 12:19:00,HOLDINGS_UPDATED,"{'CASH': 11335632, 'JPM': -16}"
2019-06-28 12:20:00,BID_DEPTH,"[(100822, 206)]"
2019-06-28 12:20:00,ASK_DEPTH,"[(100977, 17)]"
2019-06-28 12:20:00,IMBALANCE,"[206, 17]"
2019-06-28 12:20:00,HOLDINGS_UPDATED,"{'CASH': 10931724, 'JPM': -12}"
2019-06-28 12:21:00,BID_DEPTH,"[(100822, 526)]"
2019-06-28 12:21:00,ASK_DEPTH,"[(100977, 437)]"
2019-06-28 12:21:00,IMBALANCE,"[526, 437]"
2019-06-28 12:21:00,HOLDINGS_UPDATED,"{'CASH': 10527816, 'JPM': -8}"
2019-06-28 12:22:00,BID_DEPTH,"[(100775, 526)]"
2019-06-28 12:22:00,ASK_DEPTH,"[(100977, 337)]"
2019-06-28 12:22:00,IMBALANCE,"[526, 337]"
2019-06-28 12:22:00,HOLDINGS_UPDATED,"{'CASH': 10123908, 'JPM': -4}"
2019-06-28 12:23:00,BID_DEPTH,"[(100495, 91)]"
2019-06-28 12:23:00,ASK_DEPTH,"[(100775, 94)]"
2019-06-28 12:23:00,IMBALANCE,"[91, 94]"
2019-06-28 12:23:00,HOLDINGS_UPDATED,{'CASH': 9720808}
2019-06-28 12:24:00,BID_DEPTH,"[(99772, 185)]"
2019-06-28 12:24:00,ASK_DEPTH,"[(100447, 94)]"
2019-06-28 12:24:00,IMBALANCE,"[185, 94]"
2019-06-28 12:24:00,HOLDINGS_UPDATED,"{'CASH': 9319020, 'JPM': 4}"
2019-06-28 12:25:00,BID_DEPTH,"[(99411, 245)]"
2019-06-28 12:25:00,ASK_DEPTH,"[(100495, 154)]"
2019-06-28 12:25:00,IMBALANCE,"[245, 154]"
2019-06-28 12:25:00,HOLDINGS_UPDATED,"{'CASH': 8917040, 'JPM': 8}"
2019-06-28 12:26:00,BID_DEPTH,"[(99411, 185)]"
2019-06-28 12:26:00,ASK_DEPTH,"[(100998, 96)]"
2019-06-28 12:26:00,IMBALANCE,"[185, 96]"
2019-06-28 12:26:00,HOLDINGS_UPDATED,"{'CASH': 8513048, 'JPM': 12}"
2019-06-28 12:27:00,BID_DEPTH,"[(99411, 206)]"
2019-06-28 12:27:00,ASK_DEPTH,"[(99706, 115)]"
2019-06-28 12:27:00,IMBALANCE,"[206, 115]"
2019-06-28 12:27:00,HOLDINGS_UPDATED,"{'CASH': 8114224, 'JPM': 16}"
2019-06-28 12:28:00,BID_DEPTH,"[(99295, 526)]"
2019-06-28 12:28:00,ASK_DEPTH,"[(99411, 435)]"
2019-06-28 12:28:00,IMBALANCE,"[526, 435]"
2019-06-28 12:28:00,HOLDINGS_UPDATED,"{'CASH': 7716580, 'JPM': 20}"
2019-06-28 12:29:00,BID_DEPTH,"[(99295, 245)]"
2019-06-28 12:29:00,ASK_DEPTH,"[(100998, 154)]"
2019-06-28 12:29:00,IMBALANCE,"[245, 154]"
2019-06-28 12:29:00,HOLDINGS_UPDATED,"{'CASH': 7312588, 'JPM': 24}"
2019-06-28 12:30:00,BID_DEPTH,"[(99061, 526)]"
2019-06-28 12:30:00,ASK_DEPTH,"[(99295, 435)]"
2019-06-28 12:30:00,IMBALANCE,"[526, 435]"
2019-06-28 12:30:00,HOLDINGS_UPDATED,"{'CASH': 6915408, 'JPM': 28}"
2019-06-28 12:31:00,BID_DEPTH,"[(99061, 185)]"
2019-06-28 12:31:00,ASK_DEPTH,"[(99449, 94)]"
2019-06-28 12:31:00,IMBALANCE,"[185, 94]"
2019-06-28 12:31:00,HOLDINGS_UPDATED,"{'CASH': 6517612, 'JPM': 32}"
2019-06-28 12:32:00,BID_DEPTH,"[(99267, 245)]"
2019-06-28 12:32:00,ASK_DEPTH,"[(99393, 154)]"
2019-06-28 12:32:00,IMBALANCE,"[245, 154]"
2019-06-28 12:32:00,HOLDINGS_UPDATED,"{'CASH': 6120040, 'JPM': 36}"
2019-06-28 12:33:00,BID_DEPTH,"[(99393, 526)]"
2019-06-28 12:33:00,ASK_DEPTH,"[(101018, 337)]"
2019-06-28 12:33:00,IMBALANCE,"[526, 337]"
2019-06-28 12:33:00,HOLDINGS_UPDATED,"{'CASH': 5715968, 'JPM': 40}"
2019-06-28 12:34:00,BID_DEPTH,"[(99061, 185)]"
2019-06-28 12:34:00,ASK_DEPTH,"[(101017, 94)]"
2019-06-28 12:34:00,IMBALANCE,"[185, 94]"
2019-06-28 12:34:00,HOLDINGS_UPDATED,"{'CASH': 5311900, 'JPM': 44}"
2019-06-28 12:35:00,BID_DEPTH,"[(99496, 313)]"
2019-06-28 12:35:00,ASK_DEPTH,"[(101017, 322)]"
2019-06-28 12:35:00,IMBALANCE,"[313, 322]"
2019-06-28 12:35:00,HOLDINGS_UPDATED,"{'CASH': 4907832, 'JPM': 48}"
2019-06-28 12:36:00,BID_DEPTH,"[(99607, 526)]"
2019-06-28 12:36:00,ASK_DEPTH,"[(101017, 430)]"
2019-06-28 12:36:00,IMBALANCE,"[526, 430]"
2019-06-28 12:36:00,HOLDINGS_UPDATED,"{'CASH': 4503764, 'JPM': 52}"
2019-06-28 12:37:00,BID_DEPTH,"[(99383, 115)]"
2019-06-28 12:37:00,ASK_DEPTH,"[(99607, 406)]"
2019-06-28 12:37:00,IMBALANCE,"[115, 406]"
2019-06-28 12:37:00,HOLDINGS_UPDATED,"{'CASH': 4901296, 'JPM': 48}"
2019-06-28 12:38:00,BID_DEPTH,"[(99366, 115)]"
2019-06-28 12:38:00,ASK_DEPTH,"[(99607, 406)]"
2019-06-28 12:38:00,IMBALANCE,"[115, 406]"
2019-06-28 12:38:00,HOLDINGS_UPDATED,"{'CASH': 5298760, 'JPM': 44}"
2019-06-28 12:39:00,BID_DEPTH,"[(99366, 115)]"
2019-06-28 12:39:00,ASK_DEPTH,"[(99607, 306)]"
2019-06-28 12:39:00,IMBALANCE,"[115, 306]"
2019-06-28 12:39:00,HOLDINGS_UPDATED,"{'CASH': 5696224, 'JPM': 40}"
2019-06-28 12:40:00,BID_DEPTH,"[(99335, 435)]"
2019-06-28 12:40:00,ASK_DEPTH,"[(100208, 526)]"
2019-06-28 12:40:00,IMBALANCE,"[435, 526]"
2019-06-28 12:40:00,HOLDINGS_UPDATED,"{'CASH': 6093564, 'JPM': 36}"
2019-06-28 12:41:00,BID_DEPTH,"[(100155, 435)]"
2019-06-28 12:41:00,ASK_DEPTH,"[(100366, 526)]"
2019-06-28 12:41:00,IMBALANCE,"[435, 526]"
2019-06-28 12:41:00,HOLDINGS_UPDATED,"{'CASH': 6494184, 'JPM': 32}"
2019-06-28 12:42:00,BID_DEPTH,"[(100155, 222)]"
2019-06-28 12:42:00,ASK_DEPTH,"[(100366, 313)]"
2019-06-28 12:42:00,IMBALANCE,"[222, 313]"
2019-06-28 12:42:00,HOLDINGS_UPDATED,"{'CASH': 6894804, 'JPM': 28}"
2019-06-28 12:43:00,BID_DEPTH,"[(100328, 115)]"
2019-06-28 12:43:00,ASK_DEPTH,"[(100650, 206)]"
2019-06-28 12:43:00,IMBALANCE,"[115, 206]"
2019-06-28 12:43:00,HOLDINGS_UPDATED,"{'CASH': 7296116, 'JPM': 24}"
2019-06-28 12:44:00,BID_DEPTH,"[(100237, 94)]"
2019-06-28 12:44:00,ASK_DEPTH,"[(100443, 185)]"
2019-06-28 12:44:00,IMBALANCE,"[94, 185]"
2019-06-28 12:44:00,HOLDINGS_UPDATED,"{'CASH': 7697064, 'JPM': 20}"
2019-06-28 12:45:00,BID_DEPTH,"[(100358, 222)]"
2019-06-28 12:45:00,ASK_DEPTH,"[(100443, 313)]"
2019-06-28 12:45:00,IMBALANCE,"[222, 313]"
2019-06-28 12:45:00,HOLDINGS_UPDATED,"{'CASH': 8098496, 'JPM': 16}"
2019-06-28 12:46:00,BID_DEPTH,"[(100281, 435)]"
2019-06-28 12:46:00,ASK_DEPTH,"[(100443, 526)]"
2019-06-28 12:46:00,IMBALANCE,"[435, 526]"
2019-06-28 12:46:00,HOLDINGS_UPDATED,"{'CASH': 8499620, 'JPM': 12}"
2019-06-28 12:47:00,BID_DEPTH,"[(100281, 115)]"
2019-06-28 12:47:00,ASK_DEPTH,"[(100533, 206)]"
2019-06-28 12:47:00,IMBALANCE,"[115, 206]"
2019-06-28 12:47:00,HOLDINGS_UPDATED,"{'CASH': 8900744, 'JPM': 8}"
2019-06-28 12:48:00,BID_DEPTH,"[(100472, 115)]"
2019-06-28 12:48:00,ASK_DEPTH,"[(100634, 206)]"
2019-06-28 12:48:00,IMBALANCE,"[115, 206]"
2019-06-28 12:48:00,HOLDINGS_UPDATED,"{'CASH': 9302632, 'JPM': 4}"
2019-06-28 12:49:00,BID_DEPTH,"[(100517, 115)]"
2019-06-28 12:49:00,ASK_DEPTH,"[(100634, 206)]"
2019-06-28 12:49:00,IMBALANCE,"[115, 206]"
2019-06-28 12:49:00,HOLDINGS_UPDATED,{'CASH': 9704700}
2019-06-28 12:50:00,BID_DEPTH,"[(100634, 450)]"
2019-06-28 12:50:00,ASK_DEPTH,"[(100650, 526)]"
2019-06-28 12:50:00,IMBALANCE,"[450, 526]"
2019-06-28 12:50:00,HOLDINGS_UPDATED,"{'CASH': 10107236, 'JPM': -4}"
2019-06-28 12:51:00,BID_DEPTH,"[(100681, 94)]"
2019-06-28 12:51:00,ASK_DEPTH,"[(100810, 185)]"
2019-06-28 12:51:00,IMBALANCE,"[94, 185]"
2019-06-28 12:51:00,HOLDINGS_UPDATED,"{'CASH': 10509960, 'JPM': -8}"
2019-06-28 12:52:00,BID_DEPTH,"[(100650, 9)]"
2019-06-28 12:52:00,ASK_DEPTH,"[(100864, 185)]"
2019-06-28 12:52:00,IMBALANCE,"[9, 185]"
2019-06-28 12:52:00,HOLDINGS_UPDATED,"{'CASH': 10912560, 'JPM': -12}"
2019-06-28 12:53:00,BID_DEPTH,"[(100634, 64)]"
2019-06-28 12:53:00,ASK_DEPTH,"[(100864, 245)]"
2019-06-28 12:53:00,IMBALANCE,"[64, 245]"
2019-06-28 12:53:00,HOLDINGS_UPDATED,"{'CASH': 11315096, 'JPM': -16}"
2019-06-28 12:54:00,BID_DEPTH,"[(100408, 94)]"
2019-06-28 12:54:00,ASK_DEPTH,"[(100634, 185)]"
2019-06-28 12:54:00,IMBALANCE,"[94, 185]"
2019-06-28 12:54:00,HOLDINGS_UPDATED,"{'CASH': 11716728, 'JPM': -20}"
2019-06-28 12:55:00,BID_DEPTH,"[(100289, 115)]"
2019-06-28 12:55:00,ASK_DEPTH,"[(100408, 206)]"
2019-06-28 12:55:00,IMBALANCE,"[115, 206]"
2019-06-28 12:55:00,HOLDINGS_UPDATED,"{'CASH': 12117884, 'JPM': -24}"
2019-06-28 12:56:00,BID_DEPTH,"[(100237, 134)]"
2019-06-28 12:56:00,ASK_DEPTH,"[(100408, 245)]"
2019-06-28 12:56:00,IMBALANCE,"[134, 245]"
2019-06-28 12:56:00,HOLDINGS_UPDATED,"{'CASH': 12518832, 'JPM': -28}"
2019-06-28 12:57:00,BID_DEPTH,"[(100104, 313)]"
2019-06-28 12:57:00,ASK_DEPTH,"[(100408, 222)]"
2019-06-28 12:57:00,IMBALANCE,"[313, 222]"
2019-06-28 12:57:00,HOLDINGS_UPDATED,"{'CASH': 12117200, 'JPM': -24}"
2019-06-28 12:58:00,BID_DEPTH,"[(100104, 245)]"
2019-06-28 12:58:00,ASK_DEPTH,"[(100408, 154)]"
2019-06-28 12:58:00,IMBALANCE,"[245, 154]"
2019-06-28 12:58:00,HOLDINGS_UPDATED,"{'CASH': 11715568, 'JPM': -20}"
2019-06-28 12:59:00,BID_DEPTH,"[(100294, 245)]"
2019-06-28 12:59:00,ASK_DEPTH,"[(100399, 154)]"
2019-06-28 12:59:00,IMBALANCE,"[245, 154]"
2019-06-28 12:59:00,HOLDINGS_UPDATED,"{'CASH': 11313972, 'JPM': -16}"
2019-06-28 13:00:00,BID_DEPTH,"[(100273, 313)]"
2019-06-28 13:00:00,ASK_DEPTH,"[(100634, 222)]"
2019-06-28 13:00:00,IMBALANCE,"[313, 222]"
2019-06-28 13:00:00,HOLDINGS_UPDATED,"{'CASH': 10911436, 'JPM': -12}"
2019-06-28 13:01:00,BID_DEPTH,"[(100104, 206)]"
2019-06-28 13:01:00,ASK_DEPTH,"[(100634, 115)]"
2019-06-28 13:01:00,IMBALANCE,"[206, 115]"
2019-06-28 13:01:00,HOLDINGS_UPDATED,"{'CASH': 10508900, 'JPM': -8}"
2019-06-28 13:02:00,BID_DEPTH,"[(100104, 245)]"
2019-06-28 13:02:00,ASK_DEPTH,"[(100708, 154)]"
2019-06-28 13:02:00,IMBALANCE,"[245, 154]"
2019-06-28 13:02:00,HOLDINGS_UPDATED,"{'CASH': 10106068, 'JPM': -4}"
2019-06-28 13:03:00,BID_DEPTH,"[(99843, 185)]"
2019-06-28 13:03:00,ASK_DEPTH,"[(100707, 94)]"
2019-06-28 13:03:00,IMBALANCE,"[185, 94]"
2019-06-28 13:03:00,HOLDINGS_UPDATED,{'CASH': 9703240}
2019-06-28 13:04:00,BID_DEPTH,"[(100237, 245)]"
2019-06-28 13:04:00,ASK_DEPTH,"[(100707, 154)]"
2019-06-28 13:04:00,IMBALANCE,"[245, 154]"
2019-06-28 13:04:00,HOLDINGS_UPDATED,"{'CASH': 9300412, 'JPM': 4}"
2019-06-28 13:05:00,BID_DEPTH,"[(100237, 185)]"
2019-06-28 13:05:00,ASK_DEPTH,"[(100728, 94)]"
2019-06-28 13:05:00,IMBALANCE,"[185, 94]"
2019-06-28 13:05:00,HOLDINGS_UPDATED,"{'CASH': 8897500, 'JPM': 8}"
2019-06-28 13:06:00,BID_DEPTH,"[(100237, 526)]"
2019-06-28 13:06:00,ASK_DEPTH,"[(100888, 435)]"
2019-06-28 13:06:00,IMBALANCE,"[526, 435]"
2019-06-28 13:06:00,HOLDINGS_UPDATED,"{'CASH': 8493948, 'JPM': 12}"
2019-06-28 13:07:00,BID_DEPTH,"[(100515, 313)]"
2019-06-28 13:07:00,ASK_DEPTH,"[(100929, 222)]"
2019-06-28 13:07:00,IMBALANCE,"[313, 222]"
2019-06-28 13:07:00,HOLDINGS_UPDATED,"{'CASH': 8090232, 'JPM': 16}"
2019-06-28 13:08:00,BID_DEPTH,"[(100929, 185)]"
2019-06-28 13:08:00,ASK_DEPTH,"[(101018, 94)]"
2019-06-28 13:08:00,IMBALANCE,"[185, 94]"
2019-06-28 13:08:00,HOLDINGS_UPDATED,"{'CASH': 7686160, 'JPM': 20}"
2019-06-28 13:09:00,BID_DEPTH,"[(100929, 206)]"
2019-06-28 13:09:00,ASK_DEPTH,"[(101018, 17)]"
2019-06-28 13:09:00,IMBALANCE,"[206, 17]"
2019-06-28 13:09:00,HOLDINGS_UPDATED,"{'CASH': 7282088, 'JPM': 24}"
2019-06-28 13:10:00,BID_DEPTH,"[(100515, 526)]"
2019-06-28 13:10:00,ASK_DEPTH,"[(100835, 435)]"
2019-06-28 13:10:00,IMBALANCE,"[526, 435]"
2019-06-28 13:10:00,HOLDINGS_UPDATED,"{'CASH': 6878748, 'JPM': 28}"
2019-06-28 13:11:00,BID_DEPTH,"[(100293, 185)]"
2019-06-28 13:11:00,ASK_DEPTH,"[(101042, 96)]"
2019-06-28 13:11:00,IMBALANCE,"[185, 96]"
2019-06-28 13:11:00,HOLDINGS_UPDATED,"{'CASH': 6474580, 'JPM': 32}"
2019-06-28 13:12:00,BID_DEPTH,"[(101042, 313)]"
2019-06-28 13:12:00,ASK_DEPTH,"[(101496, 222)]"
2019-06-28 13:12:00,IMBALANCE,"[313, 222]"
2019-06-28 13:12:00,HOLDINGS_UPDATED,"{'CASH': 6068596, 'JPM': 36}"
2019-06-28 13:13:00,BID_DEPTH,"[(101323, 245)]"
2019-06-28 13:13:00,ASK_DEPTH,"[(101422, 154)]"
2019-06-28 13:13:00,IMBALANCE,"[245, 154]"
2019-06-28 13:13:00,HOLDINGS_UPDATED,"{'CASH': 5662908, 'JPM': 40}"
2019-06-28 13:14:00,BID_DEPTH,"[(101042, 245)]"
2019-06-28 13:14:00,ASK_DEPTH,"[(101422, 156)]"
2019-06-28 13:14:00,IMBALANCE,"[245, 156]"
2019-06-28 13:14:00,HOLDINGS_UPDATED,"{'CASH': 5257220, 'JPM': 44}"
2019-06-28 13:15:00,BID_DEPTH,"[(101042, 526)]"
2019-06-28 13:15:00,ASK_DEPTH,"[(101248, 435)]"
2019-06-28 13:15:00,IMBALANCE,"[526, 435]"
2019-06-28 13:15:00,HOLDINGS_UPDATED,"{'CASH': 4852228, 'JPM': 48}"
2019-06-28 13:16:00,BID_DEPTH,"[(101162, 206)]"
2019-06-28 13:16:00,ASK_DEPTH,"[(101248, 17)]"
2019-06-28 13:16:00,IMBALANCE,"[206, 17]"
2019-06-28 13:16:00,HOLDINGS_UPDATED,"{'CASH': 4447236, 'JPM': 52}"
2019-06-28 13:17:00,BID_DEPTH,"[(100961, 206)]"
2019-06-28 13:17:00,ASK_DEPTH,"[(101248, 17)]"
2019-06-28 13:17:00,IMBALANCE,"[206, 17]"
2019-06-28 13:17:00,HOLDINGS_UPDATED,"{'CASH': 4042244, 'JPM': 56}"
2019-06-28 13:18:00,BID_DEPTH,"[(100797, 526)]"
2019-06-28 13:18:00,ASK_DEPTH,"[(101422, 337)]"
2019-06-28 13:18:00,IMBALANCE,"[526, 337]"
2019-06-28 13:18:00,HOLDINGS_UPDATED,"{'CASH': 3636556, 'JPM': 60}"
2019-06-28 13:19:00,BID_DEPTH,"[(100797, 245)]"
2019-06-28 13:19:00,ASK_DEPTH,"[(101422, 154)]"
2019-06-28 13:19:00,IMBALANCE,"[245, 154]"
2019-06-28 13:19:00,HOLDINGS_UPDATED,"{'CASH': 3230868, 'JPM': 64}"
2019-06-28 13:20:00,BID_DEPTH,"[(100870, 313)]"
2019-06-28 13:20:00,ASK_DEPTH,"[(101422, 322)]"
2019-06-28 13:20:00,IMBALANCE,"[313, 322]"
2019-06-28 13:20:00,HOLDINGS_UPDATED,"{'CASH': 2825180, 'JPM': 68}"
2019-06-28 13:21:00,BID_DEPTH,"[(101012, 206)]"
2019-06-28 13:21:00,ASK_DEPTH,"[(101422, 210)]"
2019-06-28 13:21:00,IMBALANCE,"[206, 210]"
2019-06-28 13:21:00,HOLDINGS_UPDATED,"{'CASH': 2419492, 'JPM': 72}"
2019-06-28 13:22:00,BID_DEPTH,"[(100949, 206)]"
2019-06-28 13:22:00,ASK_DEPTH,"[(101421, 115)]"
2019-06-28 13:22:00,IMBALANCE,"[206, 115]"
2019-06-28 13:22:00,HOLDINGS_UPDATED,"{'CASH': 2013808, 'JPM': 76}"
2019-06-28 13:23:00,BID_DEPTH,"[(101044, 206)]"
2019-06-28 13:23:00,ASK_DEPTH,"[(101421, 115)]"
2019-06-28 13:23:00,IMBALANCE,"[206, 115]"
2019-06-28 13:23:00,HOLDINGS_UPDATED,"{'CASH': 1608124, 'JPM': 80}"
2019-06-28 13:24:00,BID_DEPTH,"[(100949, 206)]"
2019-06-28 13:24:00,ASK_DEPTH,"[(101246, 115)]"
2019-06-28 13:24:00,IMBALANCE,"[206, 115]"
2019-06-28 13:24:00,HOLDINGS_UPDATED,"{'CASH': 1203140, 'JPM': 84}"
2019-06-28 13:25:00,BID_DEPTH,"[(101473, 526)]"
2019-06-28 13:25:00,ASK_DEPTH,"[(101496, 337)]"
2019-06-28 13:25:00,IMBALANCE,"[526, 337]"
2019-06-28 13:25:00,HOLDINGS_UPDATED,"{'CASH': 797156, 'JPM': 88}"
2019-06-28 13:26:00,BID_DEPTH,"[(101473, 245)]"
2019-06-28 13:26:00,ASK_DEPTH,"[(101496, 56)]"
2019-06-28 13:26:00,IMBALANCE,"[245, 56]"
2019-06-28 13:26:00,HOLDINGS_UPDATED,"{'CASH': 391172, 'JPM': 92}"
2019-06-28 13:27:00,BID_DEPTH,"[(101496, 230)]"
2019-06-28 13:27:00,ASK_DEPTH,"[(101658, 154)]"
2019-06-28 13:27:00,IMBALANCE,"[230, 154]"
2019-06-28 13:27:00,HOLDINGS_UPDATED,"{'CASH': -15460, 'JPM': 96}"
2019-06-28 13:28:00,BID_DEPTH,"[(101285, 526)]"
2019-06-28 13:28:00,ASK_DEPTH,"[(101496, 435)]"
2019-06-28 13:28:00,IMBALANCE,"[526, 435]"
2019-06-28 13:28:00,HOLDINGS_UPDATED,"{'CASH': -421444, 'JPM': 100}"
2019-06-28 13:29:00,BID_DEPTH,"[(101285, 206)]"
2019-06-28 13:29:00,ASK_DEPTH,"[(101340, 115)]"
2019-06-28 13:29:00,IMBALANCE,"[206, 115]"
2019-06-28 13:29:00,HOLDINGS_UPDATED,"{'CASH': -826804, 'JPM': 104}"
2019-06-28 13:30:00,BID_DEPTH,"[(101052, 245)]"
2019-06-28 13:30:00,ASK_DEPTH,"[(101658, 56)]"
2019-06-28 13:30:00,IMBALANCE,"[245, 56]"
2019-06-28 13:30:00,HOLDINGS_UPDATED,"{'CASH': -1233436, 'JPM': 108}"
2019-06-28 13:31:00,BID_DEPTH,"[(101283, 526)]"
2019-06-28 13:31:00,ASK_DEPTH,"[(101573, 435)]"
2019-06-28 13:31:00,IMBALANCE,"[526, 435]"
2019-06-28 13:31:00,HOLDINGS_UPDATED,"{'CASH': -1639728, 'JPM': 112}"
2019-06-28 13:32:00,BID_DEPTH,"[(101052, 526)]"
2019-06-28 13:32:00,ASK_DEPTH,"[(101573, 435)]"
2019-06-28 13:32:00,IMBALANCE,"[526, 435]"
2019-06-28 13:32:00,HOLDINGS_UPDATED,"{'CASH': -2046020, 'JPM': 116}"
2019-06-28 13:33:00,BID_DEPTH,"[(100943, 526)]"
2019-06-28 13:33:00,ASK_DEPTH,"[(101052, 435)]"
2019-06-28 13:33:00,IMBALANCE,"[526, 435]"
2019-06-28 13:33:00,HOLDINGS_UPDATED,"{'CASH': -2450228, 'JPM': 120}"
2019-06-28 13:34:00,BID_DEPTH,"[(100959, 313)]"
2019-06-28 13:34:00,ASK_DEPTH,"[(101057, 222)]"
2019-06-28 13:34:00,IMBALANCE,"[313, 222]"
2019-06-28 13:34:00,HOLDINGS_UPDATED,"{'CASH': -2854456, 'JPM': 124}"
2019-06-28 13:35:00,BID_DEPTH,"[(101294, 185)]"
2019-06-28 13:35:00,ASK_DEPTH,"[(101403, 94)]"
2019-06-28 13:35:00,IMBALANCE,"[185, 94]"
2019-06-28 13:35:00,HOLDINGS_UPDATED,"{'CASH': -3260068, 'JPM': 128}"
2019-06-28 13:36:00,BID_DEPTH,"[(100959, 526)]"
2019-06-28 13:36:00,ASK_DEPTH,"[(101403, 435)]"
2019-06-28 13:36:00,IMBALANCE,"[526, 435]"
2019-06-28 13:36:00,HOLDINGS_UPDATED,"{'CASH': -3665680, 'JPM': 132}"
2019-06-28 13:37:00,BID_DEPTH,"[(100959, 245)]"
2019-06-28 13:37:00,ASK_DEPTH,"[(101026, 154)]"
2019-06-28 13:37:00,IMBALANCE,"[245, 154]"
2019-06-28 13:37:00,HOLDINGS_UPDATED,"{'CASH': -4069784, 'JPM': 136}"
2019-06-28 13:38:00,BID_DEPTH,"[(100928, 185)]"
2019-06-28 13:38:00,ASK_DEPTH,"[(101127, 94)]"
2019-06-28 13:38:00,IMBALANCE,"[185, 94]"
2019-06-28 13:38:00,HOLDINGS_UPDATED,"{'CASH': -4474292, 'JPM': 140}"
2019-06-28 13:39:00,BID_DEPTH,"[(100924, 185)]"
2019-06-28 13:39:00,ASK_DEPTH,"[(101403, 194)]"
2019-06-28 13:39:00,IMBALANCE,"[185, 194]"
2019-06-28 13:39:00,HOLDINGS_UPDATED,"{'CASH': -4879904, 'JPM': 144}"
2019-06-28 13:40:00,BID_DEPTH,"[(100910, 313)]"
2019-06-28 13:40:00,ASK_DEPTH,"[(101403, 217)]"
2019-06-28 13:40:00,IMBALANCE,"[313, 217]"
2019-06-28 13:40:00,HOLDINGS_UPDATED,"{'CASH': -5285516, 'JPM': 148}"
2019-06-28 13:41:00,BID_DEPTH,"[(100873, 245)]"
2019-06-28 13:41:00,ASK_DEPTH,"[(101403, 254)]"
2019-06-28 13:41:00,IMBALANCE,"[245, 254]"
2019-06-28 13:41:00,HOLDINGS_UPDATED,"{'CASH': -5691128, 'JPM': 152}"
2019-06-28 13:42:00,BID_DEPTH,"[(100873, 526)]"
2019-06-28 13:42:00,ASK_DEPTH,"[(101403, 530)]"
2019-06-28 13:42:00,IMBALANCE,"[526, 530]"
2019-06-28 13:42:00,HOLDINGS_UPDATED,"{'CASH': -6096740, 'JPM': 156}"
2019-06-28 13:43:00,BID_DEPTH,"[(100682, 526)]"
2019-06-28 13:43:00,ASK_DEPTH,"[(100873, 635)]"
2019-06-28 13:43:00,IMBALANCE,"[526, 635]"
2019-06-28 13:43:00,HOLDINGS_UPDATED,"{'CASH': -6500232, 'JPM': 160}"
2019-06-28 13:44:00,BID_DEPTH,"[(99591, 313)]"
2019-06-28 13:44:00,ASK_DEPTH,"[(100873, 417)]"
2019-06-28 13:44:00,IMBALANCE,"[313, 417]"
2019-06-28 13:44:00,HOLDINGS_UPDATED,"{'CASH': -6903724, 'JPM': 164}"
2019-06-28 13:45:00,BID_DEPTH,"[(99591, 245)]"
2019-06-28 13:45:00,ASK_DEPTH,"[(100873, 242)]"
2019-06-28 13:45:00,IMBALANCE,"[245, 242]"
2019-06-28 13:45:00,HOLDINGS_UPDATED,"{'CASH': -7307216, 'JPM': 168}"
2019-06-28 13:46:00,BID_DEPTH,"[(99591, 185)]"
2019-06-28 13:46:00,ASK_DEPTH,"[(99740, 94)]"
2019-06-28 13:46:00,IMBALANCE,"[185, 94]"
2019-06-28 13:46:00,HOLDINGS_UPDATED,"{'CASH': -7706176, 'JPM': 172}"
2019-06-28 13:47:00,BID_DEPTH,"[(99591, 245)]"
2019-06-28 13:47:00,ASK_DEPTH,"[(99655, 154)]"
2019-06-28 13:47:00,IMBALANCE,"[245, 154]"
2019-06-28 13:47:00,HOLDINGS_UPDATED,"{'CASH': -8104796, 'JPM': 176}"
2019-06-28 13:48:00,BID_DEPTH,"[(99655, 316)]"
2019-06-28 13:48:00,ASK_DEPTH,"[(99755, 245)]"
2019-06-28 13:48:00,IMBALANCE,"[316, 245]"
2019-06-28 13:48:00,HOLDINGS_UPDATED,"{'CASH': -7706176, 'JPM': 172}"
2019-06-28 13:49:00,BID_DEPTH,"[(99656, 154)]"
2019-06-28 13:49:00,ASK_DEPTH,"[(100396, 245)]"
2019-06-28 13:49:00,IMBALANCE,"[154, 245]"
2019-06-28 13:49:00,HOLDINGS_UPDATED,"{'CASH': -7307552, 'JPM': 168}"
2019-06-28 13:50:00,BID_DEPTH,"[(99656, 17)]"
2019-06-28 13:50:00,ASK_DEPTH,"[(100396, 206)]"
2019-06-28 13:50:00,IMBALANCE,"[17, 206]"
2019-06-28 13:50:00,HOLDINGS_UPDATED,"{'CASH': -6908928, 'JPM': 164}"
2019-06-28 13:51:00,BID_DEPTH,"[(99656, 424)]"
2019-06-28 13:51:00,ASK_DEPTH,"[(100347, 313)]"
2019-06-28 13:51:00,IMBALANCE,"[424, 313]"
2019-06-28 13:51:00,HOLDINGS_UPDATED,"{'CASH': -6510304, 'JPM': 160}"
2019-06-28 13:52:00,BID_DEPTH,"[(99741, 115)]"
2019-06-28 13:52:00,ASK_DEPTH,"[(99804, 206)]"
2019-06-28 13:52:00,IMBALANCE,"[115, 206]"
2019-06-28 13:52:00,HOLDINGS_UPDATED,"{'CASH': -6111340, 'JPM': 156}"
2019-06-28 13:53:00,BID_DEPTH,"[(99741, 17)]"
2019-06-28 13:53:00,ASK_DEPTH,"[(99804, 206)]"
2019-06-28 13:53:00,IMBALANCE,"[17, 206]"
2019-06-28 13:53:00,HOLDINGS_UPDATED,"{'CASH': -5712376, 'JPM': 152}"
2019-06-28 13:54:00,BID_DEPTH,"[(99741, 17)]"
2019-06-28 13:54:00,ASK_DEPTH,"[(99982, 206)]"
2019-06-28 13:54:00,IMBALANCE,"[17, 206]"
2019-06-28 13:54:00,HOLDINGS_UPDATED,"{'CASH': -5313412, 'JPM': 148}"
2019-06-28 13:55:00,BID_DEPTH,"[(99741, 17)]"
2019-06-28 13:55:00,ASK_DEPTH,"[(99982, 206)]"
2019-06-28 13:55:00,IMBALANCE,"[17, 206]"
2019-06-28 13:55:00,HOLDINGS_UPDATED,"{'CASH': -4914448, 'JPM': 144}"
2019-06-28 13:56:00,BID_DEPTH,"[(99657, 285)]"
2019-06-28 13:56:00,ASK_DEPTH,"[(99741, 4)]"
2019-06-28 13:56:00,IMBALANCE,"[285, 4]"
2019-06-28 13:56:00,HOLDINGS_UPDATED,"{'CASH': -4515820, 'JPM': 140}"
2019-06-28 13:57:00,BID_DEPTH,"[(99657, 142)]"
2019-06-28 13:57:00,ASK_DEPTH,"[(99741, 149)]"
2019-06-28 13:57:00,IMBALANCE,"[142, 149]"
2019-06-28 13:57:00,HOLDINGS_UPDATED,"{'CASH': -4117192, 'JPM': 136}"
2019-06-28 13:58:00,BID_DEPTH,"[(99657, 124)]"
2019-06-28 13:58:00,ASK_DEPTH,"[(99741, 217)]"
2019-06-28 13:58:00,IMBALANCE,"[124, 217]"
2019-06-28 13:58:00,HOLDINGS_UPDATED,"{'CASH': -3718564, 'JPM': 132}"
2019-06-28 13:59:00,BID_DEPTH,"[(99657, 56)]"
2019-06-28 13:59:00,ASK_DEPTH,"[(99735, 245)]"
2019-06-28 13:59:00,IMBALANCE,"[56, 245]"
2019-06-28 13:59:00,HOLDINGS_UPDATED,"{'CASH': -3319936, 'JPM': 128}"
2019-06-28 14:00:00,BID_DEPTH,"[(99657, 117)]"
2019-06-28 14:00:00,ASK_DEPTH,"[(99735, 206)]"
2019-06-28 14:00:00,IMBALANCE,"[117, 206]"
2019-06-28 14:00:00,HOLDINGS_UPDATED,"{'CASH': -2921308, 'JPM': 124}"
2019-06-28 14:01:00,BID_DEPTH,"[(99657, 96)]"
2019-06-28 14:01:00,ASK_DEPTH,"[(99735, 185)]"
2019-06-28 14:01:00,IMBALANCE,"[96, 185]"
2019-06-28 14:01:00,HOLDINGS_UPDATED,"{'CASH': -2522680, 'JPM': 120}"
2019-06-28 14:02:00,BID_DEPTH,"[(99656, 193)]"
2019-06-28 14:02:00,ASK_DEPTH,"[(99735, 185)]"
2019-06-28 14:02:00,IMBALANCE,"[193, 185]"
2019-06-28 14:02:00,HOLDINGS_UPDATED,"{'CASH': -2124056, 'JPM': 116}"
2019-06-28 14:03:00,BID_DEPTH,"[(99656, 88)]"
2019-06-28 14:03:00,ASK_DEPTH,"[(99741, 89)]"
2019-06-28 14:03:00,IMBALANCE,"[88, 89]"
2019-06-28 14:03:00,HOLDINGS_UPDATED,"{'CASH': -2024400, 'JPM': 115}"
2019-06-28 14:03:00,HOLDINGS_UPDATED,"{'CASH': -1825088, 'JPM': 113}"
2019-06-28 14:03:00,HOLDINGS_UPDATED,"{'CASH': -1725432, 'JPM': 112}"
2019-06-28 14:04:00,BID_DEPTH,"[(99741, 184)]"
2019-06-28 14:04:00,ASK_DEPTH,"[(99982, 185)]"
2019-06-28 14:04:00,IMBALANCE,"[184, 185]"
2019-06-28 14:04:00,HOLDINGS_UPDATED,"{'CASH': -1326468, 'JPM': 108}"
2019-06-28 14:05:00,BID_DEPTH,"[(99655, 174)]"
2019-06-28 14:05:00,ASK_DEPTH,"[(100030, 206)]"
2019-06-28 14:05:00,IMBALANCE,"[174, 206]"
2019-06-28 14:05:00,HOLDINGS_UPDATED,"{'CASH': -927848, 'JPM': 104}"
2019-06-28 14:06:00,BID_DEPTH,"[(99766, 154)]"
2019-06-28 14:06:00,ASK_DEPTH,"[(100030, 245)]"
2019-06-28 14:06:00,IMBALANCE,"[154, 245]"
2019-06-28 14:06:00,HOLDINGS_UPDATED,"{'CASH': -528784, 'JPM': 100}"
2019-06-28 14:07:00,BID_DEPTH,"[(99766, 222)]"
2019-06-28 14:07:00,ASK_DEPTH,"[(100122, 313)]"
2019-06-28 14:07:00,IMBALANCE,"[222, 313]"
2019-06-28 14:07:00,HOLDINGS_UPDATED,"{'CASH': -129720, 'JPM': 96}"
2019-06-28 14:08:00,BID_DEPTH,"[(99655, 69)]"
2019-06-28 14:08:00,ASK_DEPTH,"[(100582, 206)]"
2019-06-28 14:08:00,IMBALANCE,"[69, 206]"
2019-06-28 14:08:00,HOLDINGS_UPDATED,"{'CASH': 268900, 'JPM': 92}"
2019-06-28 14:09:00,BID_DEPTH,"[(99525, 94)]"
2019-06-28 14:09:00,ASK_DEPTH,"[(100782, 185)]"
2019-06-28 14:09:00,IMBALANCE,"[94, 185]"
2019-06-28 14:09:00,HOLDINGS_UPDATED,"{'CASH': 667000, 'JPM': 88}"
2019-06-28 14:10:00,BID_DEPTH,"[(99522, 435)]"
2019-06-28 14:10:00,ASK_DEPTH,"[(100782, 526)]"
2019-06-28 14:10:00,IMBALANCE,"[435, 526]"
2019-06-28 14:10:00,HOLDINGS_UPDATED,"{'CASH': 1065088, 'JPM': 84}"
2019-06-28 14:11:00,BID_DEPTH,"[(100717, 435)]"
2019-06-28 14:11:00,ASK_DEPTH,"[(100873, 526)]"
2019-06-28 14:11:00,IMBALANCE,"[435, 526]"
2019-06-28 14:11:00,HOLDINGS_UPDATED,"{'CASH': 1467956, 'JPM': 80}"
2019-06-28 14:12:00,BID_DEPTH,"[(99399, 222)]"
2019-06-28 14:12:00,ASK_DEPTH,"[(100873, 313)]"
2019-06-28 14:12:00,IMBALANCE,"[222, 313]"
2019-06-28 14:12:00,HOLDINGS_UPDATED,"{'CASH': 1865552, 'JPM': 76}"
2019-06-28 14:13:00,BID_DEPTH,[]
2019-06-28 14:13:00,ASK_DEPTH,"[(100873, 100)]"
2019-06-28 14:13:00,IMBALANCE,"[0, 100]"
2019-06-28 14:14:00,BID_DEPTH,"[(100199, 154)]"
2019-06-28 14:14:00,ASK_DEPTH,"[(100873, 245)]"
2019-06-28 14:14:00,IMBALANCE,"[154, 245]"
2019-06-28 14:14:00,HOLDINGS_UPDATED,"{'CASH': 2266348, 'JPM': 72}"
2019-06-28 14:15:00,BID_DEPTH,[]
2019-06-28 14:15:00,ASK_DEPTH,"[(100199, 200)]"
2019-06-28 14:15:00,IMBALANCE,"[0, 200]"
2019-06-28 14:16:00,BID_DEPTH,[]
2019-06-28 14:16:00,ASK_DEPTH,"[(99666, 100)]"
2019-06-28 14:16:00,IMBALANCE,"[0, 100]"
2019-06-28 14:17:00,BID_DEPTH,"[(99666, 115)]"
2019-06-28 14:17:00,ASK_DEPTH,"[(99963, 206)]"
2019-06-28 14:17:00,IMBALANCE,"[115, 206]"
2019-06-28 14:17:00,HOLDINGS_UPDATED,"{'CASH': 2665012, 'JPM': 68}"
2019-06-28 14:18:00,BID_DEPTH,[]
2019-06-28 14:18:00,ASK_DEPTH,"[(99963, 100)]"
2019-06-28 14:18:00,IMBALANCE,"[0, 100]"
2019-06-28 14:19:00,BID_DEPTH,"[(99469, 154)]"
2019-06-28 14:19:00,ASK_DEPTH,"[(99558, 245)]"
2019-06-28 14:19:00,IMBALANCE,"[154, 245]"
2019-06-28 14:19:00,HOLDINGS_UPDATED,"{'CASH': 3062888, 'JPM': 64}"
2019-06-28 14:20:00,BID_DEPTH,[]
2019-06-28 14:20:00,ASK_DEPTH,"[(99665, 100)]"
2019-06-28 14:20:00,IMBALANCE,"[0, 100]"
2019-06-28 14:21:00,BID_DEPTH,"[(99495, 154)]"
2019-06-28 14:21:00,ASK_DEPTH,"[(99665, 245)]"
2019-06-28 14:21:00,IMBALANCE,"[154, 245]"
2019-06-28 14:21:00,HOLDINGS_UPDATED,"{'CASH': 3460868, 'JPM': 60}"
2019-06-28 14:22:00,BID_DEPTH,"[(99495, 222)]"
2019-06-28 14:22:00,ASK_DEPTH,"[(99799, 313)]"
2019-06-28 14:22:00,IMBALANCE,"[222, 313]"
2019-06-28 14:22:00,HOLDINGS_UPDATED,"{'CASH': 3858848, 'JPM': 56}"
2019-06-28 14:23:00,BID_DEPTH,"[(99823, 154)]"
2019-06-28 14:23:00,ASK_DEPTH,"[(99919, 245)]"
2019-06-28 14:23:00,IMBALANCE,"[154, 245]"
2019-06-28 14:23:00,HOLDINGS_UPDATED,"{'CASH': 4258140, 'JPM': 52}"
2019-06-28 14:24:00,BID_DEPTH,"[(99824, 222)]"
2019-06-28 14:24:00,ASK_DEPTH,"[(99859, 313)]"
2019-06-28 14:24:00,IMBALANCE,"[222, 313]"
2019-06-28 14:24:00,HOLDINGS_UPDATED,"{'CASH': 4657436, 'JPM': 48}"
2019-06-28 14:25:00,BID_DEPTH,"[(99823, 435)]"
2019-06-28 14:25:00,ASK_DEPTH,"[(99859, 526)]"
2019-06-28 14:25:00,IMBALANCE,"[435, 526]"
2019-06-28 14:25:00,HOLDINGS_UPDATED,"{'CASH': 5056728, 'JPM': 44}"
2019-06-28 14:26:00,BID_DEPTH,"[(99823, 222)]"
2019-06-28 14:26:00,ASK_DEPTH,"[(99859, 313)]"
2019-06-28 14:26:00,IMBALANCE,"[222, 313]"
2019-06-28 14:26:00,HOLDINGS_UPDATED,"{'CASH': 5456020, 'JPM': 40}"
2019-06-28 14:27:00,BID_DEPTH,"[(99653, 115)]"
2019-06-28 14:27:00,ASK_DEPTH,"[(99963, 306)]"
2019-06-28 14:27:00,IMBALANCE,"[115, 306]"
2019-06-28 14:27:00,HOLDINGS_UPDATED,"{'CASH': 5854632, 'JPM': 36}"
2019-06-28 14:28:00,BID_DEPTH,"[(99653, 254)]"
2019-06-28 14:28:00,ASK_DEPTH,"[(100127, 245)]"
2019-06-28 14:28:00,IMBALANCE,"[254, 245]"
2019-06-28 14:28:00,HOLDINGS_UPDATED,"{'CASH': 6253244, 'JPM': 32}"
2019-06-28 14:29:00,BID_DEPTH,"[(99653, 430)]"
2019-06-28 14:29:00,ASK_DEPTH,"[(100199, 526)]"
2019-06-28 14:29:00,IMBALANCE,"[430, 526]"
2019-06-28 14:29:00,HOLDINGS_UPDATED,"{'CASH': 6651856, 'JPM': 28}"
2019-06-28 14:30:00,BID_DEPTH,"[(99497, 435)]"
2019-06-28 14:30:00,ASK_DEPTH,"[(100280, 526)]"
2019-06-28 14:30:00,IMBALANCE,"[435, 526]"
2019-06-28 14:30:00,HOLDINGS_UPDATED,"{'CASH': 7049844, 'JPM': 24}"
2019-06-28 14:31:00,BID_DEPTH,[]
2019-06-28 14:31:00,ASK_DEPTH,"[(100280, 100)]"
2019-06-28 14:31:00,IMBALANCE,"[0, 100]"
2019-06-28 14:32:00,BID_DEPTH,"[(100280, 222)]"
2019-06-28 14:32:00,ASK_DEPTH,"[(100464, 313)]"
2019-06-28 14:32:00,IMBALANCE,"[222, 313]"
2019-06-28 14:32:00,HOLDINGS_UPDATED,"{'CASH': 7450964, 'JPM': 20}"
2019-06-28 14:33:00,BID_DEPTH,"[(100280, 215)]"
2019-06-28 14:33:00,ASK_DEPTH,"[(100859, 206)]"
2019-06-28 14:33:00,IMBALANCE,"[215, 206]"
2019-06-28 14:33:00,HOLDINGS_UPDATED,"{'CASH': 7852084, 'JPM': 16}"
2019-06-28 14:34:00,BID_DEPTH,"[(100788, 154)]"
2019-06-28 14:34:00,ASK_DEPTH,"[(100848, 245)]"
2019-06-28 14:34:00,IMBALANCE,"[154, 245]"
2019-06-28 14:34:00,HOLDINGS_UPDATED,"{'CASH': 7448692, 'JPM': 20}"
2019-06-28 14:35:00,BID_DEPTH,"[(100788, 94)]"
2019-06-28 14:35:00,ASK_DEPTH,"[(100848, 82)]"
2019-06-28 14:35:00,IMBALANCE,"[94, 82]"
2019-06-28 14:35:00,HOLDINGS_UPDATED,"{'CASH': 7045300, 'JPM': 24}"
2019-06-28 14:36:00,BID_DEPTH,"[(100788, 154)]"
2019-06-28 14:36:00,ASK_DEPTH,"[(100936, 154)]"
2019-06-28 14:36:00,IMBALANCE,"[154, 154]"
2019-06-28 14:36:00,HOLDINGS_UPDATED,"{'CASH': 6641556, 'JPM': 28}"
2019-06-28 14:37:00,BID_DEPTH,"[(100788, 94)]"
2019-06-28 14:37:00,ASK_DEPTH,"[(100980, 94)]"
2019-06-28 14:37:00,IMBALANCE,"[94, 94]"
2019-06-28 14:37:00,HOLDINGS_UPDATED,"{'CASH': 6237636, 'JPM': 32}"
2019-06-28 14:38:00,BID_DEPTH,"[(100788, 435)]"
2019-06-28 14:38:00,ASK_DEPTH,"[(100995, 435)]"
2019-06-28 14:38:00,IMBALANCE,"[435, 435]"
2019-06-28 14:38:00,HOLDINGS_UPDATED,"{'CASH': 5833656, 'JPM': 36}"
2019-06-28 14:39:00,BID_DEPTH,"[(100995, 226)]"
2019-06-28 14:39:00,ASK_DEPTH,"[(101831, 222)]"
2019-06-28 14:39:00,IMBALANCE,"[226, 222]"
2019-06-28 14:39:00,HOLDINGS_UPDATED,"{'CASH': 5426332, 'JPM': 40}"
2019-06-28 14:40:00,BID_DEPTH,"[(100995, 439)]"
2019-06-28 14:40:00,ASK_DEPTH,"[(101949, 435)]"
2019-06-28 14:40:00,IMBALANCE,"[439, 435]"
2019-06-28 14:40:00,HOLDINGS_UPDATED,"{'CASH': 5018536, 'JPM': 44}"
2019-06-28 14:41:00,BID_DEPTH,"[(100995, 119)]"
2019-06-28 14:41:00,ASK_DEPTH,"[(101032, 115)]"
2019-06-28 14:41:00,IMBALANCE,"[119, 115]"
2019-06-28 14:41:00,HOLDINGS_UPDATED,"{'CASH': 4614408, 'JPM': 48}"
2019-06-28 14:42:00,BID_DEPTH,"[(100995, 119)]"
2019-06-28 14:42:00,ASK_DEPTH,"[(101033, 115)]"
2019-06-28 14:42:00,IMBALANCE,"[119, 115]"
2019-06-28 14:42:00,HOLDINGS_UPDATED,"{'CASH': 4210276, 'JPM': 52}"
2019-06-28 14:43:00,BID_DEPTH,"[(101033, 226)]"
2019-06-28 14:43:00,ASK_DEPTH,"[(101036, 222)]"
2019-06-28 14:43:00,IMBALANCE,"[226, 222]"
2019-06-28 14:43:00,HOLDINGS_UPDATED,"{'CASH': 3806132, 'JPM': 56}"
2019-06-28 14:44:00,BID_DEPTH,"[(101036, 158)]"
2019-06-28 14:44:00,ASK_DEPTH,"[(101130, 154)]"
2019-06-28 14:44:00,IMBALANCE,"[158, 154]"
2019-06-28 14:44:00,HOLDINGS_UPDATED,"{'CASH': 3401612, 'JPM': 60}"
2019-06-28 14:45:00,BID_DEPTH,"[(101036, 439)]"
2019-06-28 14:45:00,ASK_DEPTH,"[(101130, 337)]"
2019-06-28 14:45:00,IMBALANCE,"[439, 337]"
2019-06-28 14:45:00,HOLDINGS_UPDATED,"{'CASH': 2997092, 'JPM': 64}"
2019-06-28 14:46:00,BID_DEPTH,"[(101036, 439)]"
2019-06-28 14:46:00,ASK_DEPTH,"[(101128, 435)]"
2019-06-28 14:46:00,IMBALANCE,"[439, 435]"
2019-06-28 14:46:00,HOLDINGS_UPDATED,"{'CASH': 2592580, 'JPM': 68}"
2019-06-28 14:47:00,BID_DEPTH,"[(101036, 226)]"
2019-06-28 14:47:00,ASK_DEPTH,"[(101128, 224)]"
2019-06-28 14:47:00,IMBALANCE,"[226, 224]"
2019-06-28 14:47:00,HOLDINGS_UPDATED,"{'CASH': 2188068, 'JPM': 72}"
2019-06-28 14:48:00,BID_DEPTH,"[(101036, 98)]"
2019-06-28 14:48:00,ASK_DEPTH,"[(101039, 94)]"
2019-06-28 14:48:00,IMBALANCE,"[98, 94]"
2019-06-28 14:48:00,HOLDINGS_UPDATED,"{'CASH': 1783912, 'JPM': 76}"
2019-06-28 14:49:00,BID_DEPTH,"[(101036, 98)]"
2019-06-28 14:49:00,ASK_DEPTH,"[(101042, 94)]"
2019-06-28 14:49:00,IMBALANCE,"[98, 94]"
2019-06-28 14:49:00,HOLDINGS_UPDATED,"{'CASH': 1379744, 'JPM': 80}"
2019-06-28 14:50:00,BID_DEPTH,"[(101036, 439)]"
2019-06-28 14:50:00,ASK_DEPTH,"[(101114, 435)]"
2019-06-28 14:50:00,IMBALANCE,"[439, 435]"
2019-06-28 14:50:00,HOLDINGS_UPDATED,"{'CASH': 975288, 'JPM': 84}"
2019-06-28 14:51:00,BID_DEPTH,"[(101016, 313)]"
2019-06-28 14:51:00,ASK_DEPTH,"[(101130, 124)]"
2019-06-28 14:51:00,IMBALANCE,"[313, 124]"
2019-06-28 14:51:00,HOLDINGS_UPDATED,"{'CASH': 570768, 'JPM': 88}"
2019-06-28 14:52:00,BID_DEPTH,"[(101116, 526)]"
2019-06-28 14:52:00,ASK_DEPTH,"[(101130, 435)]"
2019-06-28 14:52:00,IMBALANCE,"[526, 435]"
2019-06-28 14:52:00,HOLDINGS_UPDATED,"{'CASH': 166248, 'JPM': 92}"
2019-06-28 14:53:00,BID_DEPTH,"[(101016, 245)]"
2019-06-28 14:53:00,ASK_DEPTH,"[(101147, 154)]"
2019-06-28 14:53:00,IMBALANCE,"[245, 154]"
2019-06-28 14:53:00,HOLDINGS_UPDATED,"{'CASH': -238340, 'JPM': 96}"
2019-06-28 14:54:00,BID_DEPTH,"[(100921, 245)]"
2019-06-28 14:54:00,ASK_DEPTH,"[(101147, 154)]"
2019-06-28 14:54:00,IMBALANCE,"[245, 154]"
2019-06-28 14:54:00,HOLDINGS_UPDATED,"{'CASH': -642928, 'JPM': 100}"
2019-06-28 14:55:00,BID_DEPTH,"[(100856, 185)]"
2019-06-28 14:55:00,ASK_DEPTH,"[(101183, 94)]"
2019-06-28 14:55:00,IMBALANCE,"[185, 94]"
2019-06-28 14:55:00,HOLDINGS_UPDATED,"{'CASH': -1047660, 'JPM': 104}"
2019-06-28 14:56:00,BID_DEPTH,"[(100838, 185)]"
2019-06-28 14:56:00,ASK_DEPTH,"[(101183, 94)]"
2019-06-28 14:56:00,IMBALANCE,"[185, 94]"
2019-06-28 14:56:00,HOLDINGS_UPDATED,"{'CASH': -1452392, 'JPM': 108}"
2019-06-28 14:57:00,BID_DEPTH,"[(100788, 435)]"
2019-06-28 14:57:00,ASK_DEPTH,"[(101183, 435)]"
2019-06-28 14:57:00,IMBALANCE,"[435, 435]"
2019-06-28 14:57:00,HOLDINGS_UPDATED,"{'CASH': -1857124, 'JPM': 112}"
2019-06-28 14:58:00,BID_DEPTH,"[(100486, 245)]"
2019-06-28 14:58:00,ASK_DEPTH,"[(100788, 60)]"
2019-06-28 14:58:00,IMBALANCE,"[245, 60]"
2019-06-28 14:58:00,HOLDINGS_UPDATED,"{'CASH': -2260276, 'JPM': 116}"
2019-06-28 14:59:00,BID_DEPTH,"[(99966, 313)]"
2019-06-28 14:59:00,ASK_DEPTH,"[(101183, 322)]"
2019-06-28 14:59:00,IMBALANCE,"[313, 322]"
2019-06-28 14:59:00,HOLDINGS_UPDATED,"{'CASH': -2665008, 'JPM': 120}"
2019-06-28 15:00:00,BID_DEPTH,"[(99778, 245)]"
2019-06-28 15:00:00,ASK_DEPTH,"[(101183, 149)]"
2019-06-28 15:00:00,IMBALANCE,"[245, 149]"
2019-06-28 15:00:00,HOLDINGS_UPDATED,"{'CASH': -3069740, 'JPM': 124}"
2019-06-28 15:01:00,BID_DEPTH,"[(99681, 206)]"
2019-06-28 15:01:00,ASK_DEPTH,"[(101195, 115)]"
2019-06-28 15:01:00,IMBALANCE,"[206, 115]"
2019-06-28 15:01:00,HOLDINGS_UPDATED,"{'CASH': -3474520, 'JPM': 128}"
2019-06-28 15:02:00,BID_DEPTH,"[(99808, 206)]"
2019-06-28 15:02:00,ASK_DEPTH,"[(100145, 115)]"
2019-06-28 15:02:00,IMBALANCE,"[206, 115]"
2019-06-28 15:02:00,HOLDINGS_UPDATED,"{'CASH': -3875100, 'JPM': 132}"
2019-06-28 15:03:00,BID_DEPTH,"[(99808, 206)]"
2019-06-28 15:03:00,ASK_DEPTH,"[(100445, 115)]"
2019-06-28 15:03:00,IMBALANCE,"[206, 115]"
2019-06-28 15:03:00,HOLDINGS_UPDATED,"{'CASH': -4276880, 'JPM': 136}"
2019-06-28 15:04:00,BID_DEPTH,"[(99808, 185)]"
2019-06-28 15:04:00,ASK_DEPTH,"[(100096, 94)]"
2019-06-28 15:04:00,IMBALANCE,"[185, 94]"
2019-06-28 15:04:00,HOLDINGS_UPDATED,"{'CASH': -4677264, 'JPM': 140}"
2019-06-28 15:05:00,BID_DEPTH,"[(99808, 313)]"
2019-06-28 15:05:00,ASK_DEPTH,"[(100196, 222)]"
2019-06-28 15:05:00,IMBALANCE,"[313, 222]"
2019-06-28 15:05:00,HOLDINGS_UPDATED,"{'CASH': -5078048, 'JPM': 144}"
2019-06-28 15:06:00,BID_DEPTH,"[(100196, 345)]"
2019-06-28 15:06:00,ASK_DEPTH,"[(100445, 154)]"
2019-06-28 15:06:00,IMBALANCE,"[345, 154]"
2019-06-28 15:06:00,HOLDINGS_UPDATED,"{'CASH': -5479828, 'JPM': 148}"
2019-06-28 15:07:00,BID_DEPTH,"[(100196, 306)]"
2019-06-28 15:07:00,ASK_DEPTH,"[(100474, 115)]"
2019-06-28 15:07:00,IMBALANCE,"[306, 115]"
2019-06-28 15:07:00,HOLDINGS_UPDATED,"{'CASH': -5881724, 'JPM': 152}"
2019-06-28 15:08:00,BID_DEPTH,"[(99852, 185)]"
2019-06-28 15:08:00,ASK_DEPTH,"[(100474, 94)]"
2019-06-28 15:08:00,IMBALANCE,"[185, 94]"
2019-06-28 15:08:00,HOLDINGS_UPDATED,"{'CASH': -6283620, 'JPM': 156}"
2019-06-28 15:09:00,BID_DEPTH,"[(99852, 245)]"
2019-06-28 15:09:00,ASK_DEPTH,"[(100474, 154)]"
2019-06-28 15:09:00,IMBALANCE,"[245, 154]"
2019-06-28 15:09:00,HOLDINGS_UPDATED,"{'CASH': -6685516, 'JPM': 160}"
2019-06-28 15:10:00,BID_DEPTH,"[(99808, 154)]"
2019-06-28 15:10:00,ASK_DEPTH,"[(99809, 245)]"
2019-06-28 15:10:00,IMBALANCE,"[154, 245]"
2019-06-28 15:10:00,HOLDINGS_UPDATED,"{'CASH': -6286284, 'JPM': 156}"
2019-06-28 15:11:00,BID_DEPTH,"[(99803, 94)]"
2019-06-28 15:11:00,ASK_DEPTH,"[(99880, 185)]"
2019-06-28 15:11:00,IMBALANCE,"[94, 185]"
2019-06-28 15:11:00,HOLDINGS_UPDATED,"{'CASH': -5887072, 'JPM': 152}"
2019-06-28 15:12:00,BID_DEPTH,"[(100495, 222)]"
2019-06-28 15:12:00,ASK_DEPTH,"[(100589, 313)]"
2019-06-28 15:12:00,IMBALANCE,"[222, 313]"
2019-06-28 15:12:00,HOLDINGS_UPDATED,"{'CASH': -5485092, 'JPM': 148}"
2019-06-28 15:13:00,BID_DEPTH,"[(100260, 435)]"
2019-06-28 15:13:00,ASK_DEPTH,"[(100495, 526)]"
2019-06-28 15:13:00,IMBALANCE,"[435, 526]"
2019-06-28 15:13:00,HOLDINGS_UPDATED,"{'CASH': -5084052, 'JPM': 144}"
2019-06-28 15:14:00,BID_DEPTH,"[(99989, 435)]"
2019-06-28 15:14:00,ASK_DEPTH,"[(100006, 526)]"
2019-06-28 15:14:00,IMBALANCE,"[435, 526]"
2019-06-28 15:14:00,HOLDINGS_UPDATED,"{'CASH': -4684096, 'JPM': 140}"
2019-06-28 15:15:00,BID_DEPTH,"[(99880, 94)]"
2019-06-28 15:15:00,ASK_DEPTH,"[(100006, 185)]"
2019-06-28 15:15:00,IMBALANCE,"[94, 185]"
2019-06-28 15:15:00,HOLDINGS_UPDATED,"{'CASH': -4284576, 'JPM': 136}"
2019-06-28 15:16:00,BID_DEPTH,"[(99803, 322)]"
2019-06-28 15:16:00,ASK_DEPTH,"[(100006, 313)]"
2019-06-28 15:16:00,IMBALANCE,"[322, 313]"
2019-06-28 15:16:00,HOLDINGS_UPDATED,"{'CASH': -3885364, 'JPM': 132}"
2019-06-28 15:17:00,BID_DEPTH,"[(99803, 149)]"
2019-06-28 15:17:00,ASK_DEPTH,"[(100006, 245)]"
2019-06-28 15:17:00,IMBALANCE,"[149, 245]"
2019-06-28 15:17:00,HOLDINGS_UPDATED,"{'CASH': -3486152, 'JPM': 128}"
2019-06-28 15:18:00,BID_DEPTH,"[(99713, 94)]"
2019-06-28 15:18:00,ASK_DEPTH,"[(99735, 185)]"
2019-06-28 15:18:00,IMBALANCE,"[94, 185]"
2019-06-28 15:18:00,HOLDINGS_UPDATED,"{'CASH': -3087300, 'JPM': 124}"
2019-06-28 15:19:00,BID_DEPTH,"[(99681, 115)]"
2019-06-28 15:19:00,ASK_DEPTH,"[(99714, 206)]"
2019-06-28 15:19:00,IMBALANCE,"[115, 206]"
2019-06-28 15:19:00,HOLDINGS_UPDATED,"{'CASH': -2688576, 'JPM': 120}"
2019-06-28 15:20:00,BID_DEPTH,"[(99624, 154)]"
2019-06-28 15:20:00,ASK_DEPTH,"[(99714, 245)]"
2019-06-28 15:20:00,IMBALANCE,"[154, 245]"
2019-06-28 15:20:00,HOLDINGS_UPDATED,"{'CASH': -2290080, 'JPM': 116}"
2019-06-28 15:21:00,BID_DEPTH,"[(99624, 337)]"
2019-06-28 15:21:00,ASK_DEPTH,"[(99714, 526)]"
2019-06-28 15:21:00,IMBALANCE,"[337, 526]"
2019-06-28 15:21:00,HOLDINGS_UPDATED,"{'CASH': -1891584, 'JPM': 112}"
2019-06-28 15:22:00,BID_DEPTH,"[(99556, 222)]"
2019-06-28 15:22:00,ASK_DEPTH,"[(99624, 566)]"
2019-06-28 15:22:00,IMBALANCE,"[222, 566]"
2019-06-28 15:22:00,HOLDINGS_UPDATED,"{'CASH': -1493360, 'JPM': 108}"
2019-06-28 15:23:00,BID_DEPTH,"[(99556, 124)]"
2019-06-28 15:23:00,ASK_DEPTH,"[(99624, 466)]"
2019-06-28 15:23:00,IMBALANCE,"[124, 466]"
2019-06-28 15:23:00,HOLDINGS_UPDATED,"{'CASH': -1095136, 'JPM': 104}"
2019-06-28 15:24:00,BID_DEPTH,"[(99367, 154)]"
2019-06-28 15:24:00,ASK_DEPTH,"[(99624, 398)]"
2019-06-28 15:24:00,IMBALANCE,"[154, 398]"
2019-06-28 15:24:00,HOLDINGS_UPDATED,"{'CASH': -697668, 'JPM': 100}"
2019-06-28 15:25:00,BID_DEPTH,"[(99367, 117)]"
2019-06-28 15:25:00,ASK_DEPTH,"[(99407, 206)]"
2019-06-28 15:25:00,IMBALANCE,"[117, 206]"
2019-06-28 15:25:00,HOLDINGS_UPDATED,"{'CASH': -300200, 'JPM': 96}"
2019-06-28 15:26:00,BID_DEPTH,"[(99327, 185)]"
2019-06-28 15:26:00,ASK_DEPTH,"[(99367, 4)]"
2019-06-28 15:26:00,IMBALANCE,"[185, 4]"
2019-06-28 15:26:00,HOLDINGS_UPDATED,"{'CASH': 97108, 'JPM': 92}"
2019-06-28 15:27:00,BID_DEPTH,"[(99327, 210)]"
2019-06-28 15:27:00,ASK_DEPTH,"[(99521, 313)]"
2019-06-28 15:27:00,IMBALANCE,"[210, 313]"
2019-06-28 15:27:00,HOLDINGS_UPDATED,"{'CASH': 494416, 'JPM': 88}"
2019-06-28 15:28:00,BID_DEPTH,"[(99328, 222)]"
2019-06-28 15:28:00,ASK_DEPTH,"[(99624, 466)]"
2019-06-28 15:28:00,IMBALANCE,"[222, 466]"
2019-06-28 15:28:00,HOLDINGS_UPDATED,"{'CASH': 891728, 'JPM': 84}"
2019-06-28 15:29:00,BID_DEPTH,"[(99328, 222)]"
2019-06-28 15:29:00,ASK_DEPTH,"[(99624, 366)]"
2019-06-28 15:29:00,IMBALANCE,"[222, 366]"
2019-06-28 15:29:00,HOLDINGS_UPDATED,"{'CASH': 1289040, 'JPM': 80}"
2019-06-28 15:30:00,BID_DEPTH,"[(99328, 115)]"
2019-06-28 15:30:00,ASK_DEPTH,"[(99624, 159)]"
2019-06-28 15:30:00,IMBALANCE,"[115, 159]"
2019-06-28 15:30:00,HOLDINGS_UPDATED,"{'CASH': 1686352, 'JPM': 76}"
2019-06-28 15:31:00,BID_DEPTH,"[(99327, 56)]"
2019-06-28 15:31:00,ASK_DEPTH,"[(99803, 245)]"
2019-06-28 15:31:00,IMBALANCE,"[56, 245]"
2019-06-28 15:31:00,HOLDINGS_UPDATED,"{'CASH': 2083660, 'JPM': 72}"
2019-06-28 15:32:00,BID_DEPTH,"[(99327, 254)]"
2019-06-28 15:32:00,ASK_DEPTH,"[(99841, 245)]"
2019-06-28 15:32:00,IMBALANCE,"[254, 245]"
2019-06-28 15:32:00,HOLDINGS_UPDATED,"{'CASH': 2480968, 'JPM': 68}"
2019-06-28 15:33:00,BID_DEPTH,"[(99327, 89)]"
2019-06-28 15:33:00,ASK_DEPTH,"[(99841, 185)]"
2019-06-28 15:33:00,IMBALANCE,"[89, 185]"
2019-06-28 15:33:00,HOLDINGS_UPDATED,"{'CASH': 2878276, 'JPM': 64}"
2019-06-28 15:34:00,BID_DEPTH,"[(99841, 222)]"
2019-06-28 15:34:00,ASK_DEPTH,"[(100006, 313)]"
2019-06-28 15:34:00,IMBALANCE,"[222, 313]"
2019-06-28 15:34:00,HOLDINGS_UPDATED,"{'CASH': 3277640, 'JPM': 60}"
2019-06-28 15:35:00,BID_DEPTH,"[(99150, 435)]"
2019-06-28 15:35:00,ASK_DEPTH,"[(100715, 526)]"
2019-06-28 15:35:00,IMBALANCE,"[435, 526]"
2019-06-28 15:35:00,HOLDINGS_UPDATED,"{'CASH': 3674240, 'JPM': 56}"
2019-06-28 15:36:00,BID_DEPTH,[]
2019-06-28 15:36:00,ASK_DEPTH,"[(100826, 100)]"
2019-06-28 15:36:00,IMBALANCE,"[0, 100]"
2019-06-28 15:37:00,BID_DEPTH,[]
2019-06-28 15:37:00,ASK_DEPTH,"[(100914, 100)]"
2019-06-28 15:37:00,IMBALANCE,"[0, 100]"
2019-06-28 15:38:00,BID_DEPTH,[]
2019-06-28 15:38:00,ASK_DEPTH,"[(101109, 100)]"
2019-06-28 15:38:00,IMBALANCE,"[0, 100]"
2019-06-28 15:39:00,BID_DEPTH,[]
2019-06-28 15:39:00,ASK_DEPTH,"[(100926, 100)]"
2019-06-28 15:39:00,IMBALANCE,"[0, 100]"
2019-06-28 15:40:00,BID_DEPTH,"[(100743, 94)]"
2019-06-28 15:40:00,ASK_DEPTH,"[(100827, 185)]"
2019-06-28 15:40:00,IMBALANCE,"[94, 185]"
2019-06-28 15:40:00,HOLDINGS_UPDATED,"{'CASH': 4077212, 'JPM': 52}"
2019-06-28 15:41:00,BID_DEPTH,"[(100408, 154)]"
2019-06-28 15:41:00,ASK_DEPTH,"[(100827, 245)]"
2019-06-28 15:41:00,IMBALANCE,"[154, 245]"
2019-06-28 15:41:00,HOLDINGS_UPDATED,"{'CASH': 4478844, 'JPM': 48}"
2019-06-28 15:42:00,BID_DEPTH,"[(100301, 154)]"
2019-06-28 15:42:00,ASK_DEPTH,"[(100926, 245)]"
2019-06-28 15:42:00,IMBALANCE,"[154, 245]"
2019-06-28 15:42:00,HOLDINGS_UPDATED,"{'CASH': 4880048, 'JPM': 44}"
2019-06-28 15:43:00,BID_DEPTH,"[(100240, 222)]"
2019-06-28 15:43:00,ASK_DEPTH,"[(100937, 313)]"
2019-06-28 15:43:00,IMBALANCE,"[222, 313]"
2019-06-28 15:43:00,HOLDINGS_UPDATED,"{'CASH': 5281008, 'JPM': 40}"
2019-06-28 15:44:00,BID_DEPTH,[]
2019-06-28 15:44:00,ASK_DEPTH,"[(100930, 100)]"
2019-06-28 15:44:00,IMBALANCE,"[0, 100]"
2019-06-28 15:45:00,BID_DEPTH,[]
2019-06-28 15:45:00,ASK_DEPTH,"[(100699, 100)]"
2019-06-28 15:45:00,IMBALANCE,"[0, 100]"
2019-06-28 15:46:00,BID_DEPTH,[]
2019-06-28 15:46:00,ASK_DEPTH,"[(99051, 100)]"
2019-06-28 15:46:00,IMBALANCE,"[0, 100]"
2019-06-28 15:47:00,BID_DEPTH,[]
2019-06-28 15:47:00,ASK_DEPTH,"[(98920, 100)]"
2019-06-28 15:47:00,IMBALANCE,"[0, 100]"
2019-06-28 15:48:00,BID_DEPTH,"[(98920, 215)]"
2019-06-28 15:48:00,ASK_DEPTH,"[(99051, 206)]"
2019-06-28 15:48:00,IMBALANCE,"[215, 206]"
2019-06-28 15:48:00,HOLDINGS_UPDATED,"{'CASH': 5676688, 'JPM': 36}"
2019-06-28 15:49:00,BID_DEPTH,"[(99043, 154)]"
2019-06-28 15:49:00,ASK_DEPTH,"[(99051, 245)]"
2019-06-28 15:49:00,IMBALANCE,"[154, 245]"
2019-06-28 15:49:00,HOLDINGS_UPDATED,"{'CASH': 6072860, 'JPM': 32}"
2019-06-28 15:50:00,BID_DEPTH,"[(99043, 96)]"
2019-06-28 15:50:00,ASK_DEPTH,"[(99051, 185)]"
2019-06-28 15:50:00,IMBALANCE,"[96, 185]"
2019-06-28 15:50:00,HOLDINGS_UPDATED,"{'CASH': 6469032, 'JPM': 28}"
2019-06-28 15:51:00,BID_DEPTH,"[(98920, 87)]"
2019-06-28 15:51:00,ASK_DEPTH,"[(99043, 4)]"
2019-06-28 15:51:00,IMBALANCE,"[87, 4]"
2019-06-28 15:51:00,HOLDINGS_UPDATED,"{'CASH': 6666872, 'JPM': 26}"
2019-06-28 15:51:00,HOLDINGS_UPDATED,"{'CASH': 6864712, 'JPM': 24}"
2019-06-28 15:52:00,BID_DEPTH,"[(98921, 94)]"
2019-06-28 15:52:00,ASK_DEPTH,"[(99540, 185)]"
2019-06-28 15:52:00,IMBALANCE,"[94, 185]"
2019-06-28 15:52:00,HOLDINGS_UPDATED,"{'CASH': 7260396, 'JPM': 20}"
2019-06-28 15:53:00,BID_DEPTH,"[(98920, 156)]"
2019-06-28 15:53:00,ASK_DEPTH,"[(99663, 245)]"
2019-06-28 15:53:00,IMBALANCE,"[156, 245]"
2019-06-28 15:53:00,HOLDINGS_UPDATED,"{'CASH': 7656076, 'JPM': 16}"
2019-06-28 15:54:00,BID_DEPTH,"[(98920, 535)]"
2019-06-28 15:54:00,ASK_DEPTH,"[(99772, 526)]"
2019-06-28 15:54:00,IMBALANCE,"[535, 526]"
2019-06-28 15:54:00,HOLDINGS_UPDATED,"{'CASH': 8051756, 'JPM': 12}"
2019-06-28 15:55:00,BID_DEPTH,"[(99583, 435)]"
2019-06-28 15:55:00,ASK_DEPTH,"[(99772, 526)]"
2019-06-28 15:55:00,IMBALANCE,"[435, 526]"
2019-06-28 15:55:00,HOLDINGS_UPDATED,"{'CASH': 8450088, 'JPM': 8}"
2019-06-28 15:56:00,BID_DEPTH,"[(99583, 115)]"
2019-06-28 15:56:00,ASK_DEPTH,"[(99824, 206)]"
2019-06-28 15:56:00,IMBALANCE,"[115, 206]"
2019-06-28 15:56:00,HOLDINGS_UPDATED,"{'CASH': 8848420, 'JPM': 4}"
2019-06-28 15:57:00,BID_DEPTH,"[(99583, 435)]"
2019-06-28 15:57:00,ASK_DEPTH,"[(99681, 526)]"
2019-06-28 15:57:00,IMBALANCE,"[435, 526]"
2019-06-28 15:57:00,HOLDINGS_UPDATED,{'CASH': 9246752}
2019-06-28 15:58:00,BID_DEPTH,"[(99024, 154)]"
2019-06-28 15:58:00,ASK_DEPTH,"[(99487, 245)]"
2019-06-28 15:58:00,IMBALANCE,"[154, 245]"
2019-06-28 15:58:00,HOLDINGS_UPDATED,"{'CASH': 9642848, 'JPM': -4}"
2019-06-28 15:59:00,BID_DEPTH,"[(99343, 94)]"
2019-06-28 15:59:00,ASK_DEPTH,"[(99633, 185)]"
2019-06-28 15:59:00,IMBALANCE,"[94, 185]"
2019-06-28 15:59:00,HOLDINGS_UPDATED,"{'CASH': 10040220, 'JPM': -8}"
2019-06-28 16:00:00,BID_DEPTH,"[(99343, 115)]"
2019-06-28 16:00:00,ASK_DEPTH,"[(99727, 206)]"
2019-06-28 16:00:00,IMBALANCE,"[115, 206]"
2019-06-28 16:00:00,HOLDINGS_UPDATED,"{'CASH': 10437592, 'JPM': -12}"
2019-06-28 16:01:00,BID_DEPTH,"[(99343, 101)]"
2019-06-28 16:01:00,ASK_DEPTH,"[(99727, 206)]"
2019-06-28 16:01:00,IMBALANCE,"[101, 206]"
2019-06-28 16:01:00,MKT_CLOSED,
2019-06-28 16:01:00,FINAL_HOLDINGS,"{ JPM: -12, CASH: 10437592 }"
2019-06-28 16:01:00,FINAL_CASH_POSITION,10437592
2019-06-28 16:01:00,MARK_TO_MARKET,-12 JPM @ 99343 == -1192116
2019-06-28 16:01:00,MARKED_TO_MARKET,9245476
2019-06-28 16:01:00,ENDING_CASH,9245476
