EventTime,EventType,Event
,AGENT_TYPE,MomentumAgent
,STARTING_CASH,10000000
2019-06-28 09:30:00,HOLDINGS_UPDATED,{'CASH': 10000000}
2019-06-28 09:31:00,BID_DEPTH,"[(100005, 234)]"
2019-06-28 09:31:00,ASK_DEPTH,"[(100013, 334)]"
2019-06-28 09:31:00,IMBALANCE,"[234, 334]"
2019-06-28 09:32:00,BID_DEPTH,"[(100005, 179)]"
2019-06-28 09:32:00,ASK_DEPTH,"[(100014, 379)]"
2019-06-28 09:32:00,IMBALANCE,"[179, 379]"
2019-06-28 09:33:00,BID_DEPTH,"[(99982, 179)]"
2019-06-28 09:33:00,ASK_DEPTH,"[(100014, 379)]"
2019-06-28 09:33:00,IMBALANCE,"[179, 379]"
2019-06-28 09:34:00,BID_DEPTH,"[(99976, 479)]"
2019-06-28 09:34:00,ASK_DEPTH,"[(100014, 279)]"
2019-06-28 09:34:00,IMBALANCE,"[479, 279]"
2019-06-28 09:35:00,BID_DEPTH,"[(99976, 793)]"
2019-06-28 09:35:00,ASK_DEPTH,"[(100014, 593)]"
2019-06-28 09:35:00,IMBALANCE,"[793, 593]"
2019-06-28 09:36:00,BID_DEPTH,"[(100000, 298)]"
2019-06-28 09:36:00,ASK_DEPTH,"[(100014, 198)]"
2019-06-28 09:36:00,IMBALANCE,"[298, 198]"
2019-06-28 09:37:00,BID_DEPTH,"[(100014, 296)]"
2019-06-28 09:37:00,ASK_DEPTH,"[(100016, 296)]"
2019-06-28 09:37:00,IMBALANCE,"[296, 296]"
2019-06-28 09:38:00,BID_DEPTH,"[(100015, 234)]"
2019-06-28 09:38:00,ASK_DEPTH,"[(100019, 234)]"
2019-06-28 09:38:00,IMBALANCE,"[234, 234]"
2019-06-28 09:39:00,BID_DEPTH,"[(100015, 379)]"
2019-06-28 09:39:00,ASK_DEPTH,"[(100019, 179)]"
2019-06-28 09:39:00,IMBALANCE,"[379, 179]"
2019-06-28 09:40:00,BID_DEPTH,"[(100016, 198)]"
2019-06-28 09:40:00,ASK_DEPTH,"[(100046, 198)]"
2019-06-28 09:40:00,IMBALANCE,"[198, 198]"
2019-06-28 09:41:00,BID_DEPTH,"[(100037, 198)]"
2019-06-28 09:41:00,ASK_DEPTH,"[(100080, 198)]"
2019-06-28 09:41:00,IMBALANCE,"[198, 198]"
2019-06-28 09:42:00,BID_DEPTH,"[(100037, 296)]"
2019-06-28 09:42:00,ASK_DEPTH,"[(100039, 296)]"
2019-06-28 09:42:00,IMBALANCE,"[296, 296]"
2019-06-28 09:43:00,BID_DEPTH,"[(100037, 198)]"
2019-06-28 09:43:00,ASK_DEPTH,"[(100039, 198)]"
2019-06-28 09:43:00,IMBALANCE,"[198, 198]"
2019-06-28 09:44:00,BID_DEPTH,"[(100037, 296)]"
2019-06-28 09:44:00,ASK_DEPTH,"[(100039, 296)]"
2019-06-28 09:44:00,IMBALANCE,"[296, 296]"
2019-06-28 09:45:00,BID_DEPTH,"[(100015, 379)]"
2019-06-28 09:45:00,ASK_DEPTH,"[(100039, 179)]"
2019-06-28 09:45:00,IMBALANCE,"[379, 179]"
2019-06-28 09:46:00,BID_DEPTH,"[(99976, 493)]"
2019-06-28 09:46:00,ASK_DEPTH,"[(100039, 493)]"
2019-06-28 09:46:00,IMBALANCE,"[493, 493]"
2019-06-28 09:47:00,BID_DEPTH,"[(99948, 493)]"
2019-06-28 09:47:00,ASK_DEPTH,"[(99950, 495)]"
2019-06-28 09:47:00,IMBALANCE,"[493, 495]"
2019-06-28 09:48:00,BID_DEPTH,"[(99921, 234)]"
2019-06-28 09:48:00,ASK_DEPTH,"[(99950, 336)]"
2019-06-28 09:48:00,IMBALANCE,"[234, 336]"
2019-06-28 09:49:00,BID_DEPTH,"[(99921, 179)]"
2019-06-28 09:49:00,ASK_DEPTH,"[(99949, 179)]"
2019-06-28 09:49:00,IMBALANCE,"[179, 179]"
2019-06-28 09:50:00,BID_DEPTH,"[(99900, 179)]"
2019-06-28 09:50:00,ASK_DEPTH,"[(99949, 179)]"
2019-06-28 09:50:00,IMBALANCE,"[179, 179]"
2019-06-28 09:51:00,BID_DEPTH,"[(99898, 234)]"
2019-06-28 09:51:00,ASK_DEPTH,"[(99949, 234)]"
2019-06-28 09:51:00,IMBALANCE,"[234, 234]"
2019-06-28 09:52:00,BID_DEPTH,"[(99893, 179)]"
2019-06-28 09:52:00,ASK_DEPTH,"[(99949, 179)]"
2019-06-28 09:52:00,IMBALANCE,"[179, 179]"
2019-06-28 09:53:00,BID_DEPTH,"[(99893, 234)]"
2019-06-28 09:53:00,ASK_DEPTH,"[(99898, 234)]"
2019-06-28 09:53:00,IMBALANCE,"[234, 234]"
2019-06-28 09:54:00,BID_DEPTH,"[(99865, 296)]"
2019-06-28 09:54:00,ASK_DEPTH,"[(99898, 296)]"
2019-06-28 09:54:00,IMBALANCE,"[296, 296]"
2019-06-28 09:55:00,BID_DEPTH,"[(99863, 296)]"
2019-06-28 09:55:00,ASK_DEPTH,"[(99893, 296)]"
2019-06-28 09:55:00,IMBALANCE,"[296, 296]"
2019-06-28 09:56:00,BID_DEPTH,"[(99812, 234)]"
2019-06-28 09:56:00,ASK_DEPTH,"[(99865, 234)]"
2019-06-28 09:56:00,IMBALANCE,"[234, 234]"
2019-06-28 09:57:00,BID_DEPTH,"[(99812, 198)]"
2019-06-28 09:57:00,ASK_DEPTH,"[(99893, 198)]"
2019-06-28 09:57:00,IMBALANCE,"[198, 198]"
2019-06-28 09:58:00,BID_DEPTH,"[(99690, 179)]"
2019-06-28 09:58:00,ASK_DEPTH,"[(99893, 179)]"
2019-06-28 09:58:00,IMBALANCE,"[179, 179]"
2019-06-28 09:59:00,BID_DEPTH,"[(99693, 296)]"
2019-06-28 09:59:00,ASK_DEPTH,"[(99726, 296)]"
2019-06-28 09:59:00,IMBALANCE,"[296, 296]"
2019-06-28 10:00:00,BID_DEPTH,"[(99693, 179)]"
2019-06-28 10:00:00,ASK_DEPTH,"[(99726, 179)]"
2019-06-28 10:00:00,IMBALANCE,"[179, 179]"
2019-06-28 10:01:00,BID_DEPTH,"[(99592, 198)]"
2019-06-28 10:01:00,ASK_DEPTH,"[(99630, 198)]"
2019-06-28 10:01:00,IMBALANCE,"[198, 198]"
2019-06-28 10:02:00,BID_DEPTH,"[(99560, 296)]"
2019-06-28 10:02:00,ASK_DEPTH,"[(99630, 296)]"
2019-06-28 10:02:00,IMBALANCE,"[296, 296]"
2019-06-28 10:03:00,BID_DEPTH,"[(99563, 493)]"
2019-06-28 10:03:00,ASK_DEPTH,"[(99630, 493)]"
2019-06-28 10:03:00,IMBALANCE,"[493, 493]"
2019-06-28 10:04:00,BID_DEPTH,"[(99563, 179)]"
2019-06-28 10:04:00,ASK_DEPTH,"[(99637, 179)]"
2019-06-28 10:04:00,IMBALANCE,"[179, 179]"
2019-06-28 10:05:00,BID_DEPTH,"[(99631, 234)]"
2019-06-28 10:05:00,ASK_DEPTH,"[(99782, 234)]"
2019-06-28 10:05:00,IMBALANCE,"[234, 234]"
2019-06-28 10:06:00,BID_DEPTH,"[(99631, 198)]"
2019-06-28 10:06:00,ASK_DEPTH,"[(99782, 198)]"
2019-06-28 10:06:00,IMBALANCE,"[198, 198]"
2019-06-28 10:07:00,BID_DEPTH,"[(99564, 296)]"
2019-06-28 10:07:00,ASK_DEPTH,"[(99893, 296)]"
2019-06-28 10:07:00,IMBALANCE,"[296, 296]"
2019-06-28 10:08:00,BID_DEPTH,"[(99589, 179)]"
2019-06-28 10:08:00,ASK_DEPTH,"[(99893, 179)]"
2019-06-28 10:08:00,IMBALANCE,"[179, 179]"
2019-06-28 10:09:00,BID_DEPTH,"[(99589, 396)]"
2019-06-28 10:09:00,ASK_DEPTH,"[(99949, 296)]"
2019-06-28 10:09:00,IMBALANCE,"[396, 296]"
2019-06-28 10:10:00,BID_DEPTH,"[(99893, 179)]"
2019-06-28 10:10:00,ASK_DEPTH,"[(100123, 179)]"
2019-06-28 10:10:00,IMBALANCE,"[179, 179]"
2019-06-28 10:11:00,BID_DEPTH,"[(99949, 179)]"
2019-06-28 10:11:00,ASK_DEPTH,"[(100123, 179)]"
2019-06-28 10:11:00,IMBALANCE,"[179, 179]"
2019-06-28 10:12:00,BID_DEPTH,"[(100325, 179)]"
2019-06-28 10:12:00,ASK_DEPTH,"[(100362, 179)]"
2019-06-28 10:12:00,IMBALANCE,"[179, 179]"
2019-06-28 10:13:00,BID_DEPTH,"[(100325, 493)]"
2019-06-28 10:13:00,ASK_DEPTH,"[(100362, 493)]"
2019-06-28 10:13:00,IMBALANCE,"[493, 493]"
2019-06-28 10:14:00,BID_DEPTH,"[(100325, 296)]"
2019-06-28 10:14:00,ASK_DEPTH,"[(100362, 296)]"
2019-06-28 10:14:00,IMBALANCE,"[296, 296]"
2019-06-28 10:15:00,BID_DEPTH,"[(100103, 296)]"
2019-06-28 10:15:00,ASK_DEPTH,"[(100362, 296)]"
2019-06-28 10:15:00,IMBALANCE,"[296, 296]"
2019-06-28 10:16:00,BID_DEPTH,"[(100123, 198)]"
2019-06-28 10:16:00,ASK_DEPTH,"[(100325, 198)]"
2019-06-28 10:16:00,IMBALANCE,"[198, 198]"
2019-06-28 10:17:00,BID_DEPTH,"[(100123, 179)]"
2019-06-28 10:17:00,ASK_DEPTH,"[(100324, 179)]"
2019-06-28 10:17:00,IMBALANCE,"[179, 179]"
2019-06-28 10:18:00,BID_DEPTH,"[(100123, 296)]"
2019-06-28 10:18:00,ASK_DEPTH,"[(100324, 296)]"
2019-06-28 10:18:00,IMBALANCE,"[296, 296]"
2019-06-28 10:19:00,BID_DEPTH,"[(100123, 198)]"
2019-06-28 10:19:00,ASK_DEPTH,"[(100345, 198)]"
2019-06-28 10:19:00,IMBALANCE,"[198, 198]"
2019-06-28 10:20:00,BID_DEPTH,"[(100325, 296)]"
2019-06-28 10:20:00,ASK_DEPTH,"[(100405, 296)]"
2019-06-28 10:20:00,IMBALANCE,"[296, 296]"
2019-06-28 10:21:00,BID_DEPTH,"[(100345, 234)]"
2019-06-28 10:21:00,ASK_DEPTH,"[(100441, 146)]"
2019-06-28 10:21:00,IMBALANCE,"[234, 146]"
2019-06-28 10:21:00,HOLDINGS_UPDATED,"{'CASH': 9598236, 'JPM': 4}"
2019-06-28 10:22:00,BID_DEPTH,"[(100441, 234)]"
2019-06-28 10:22:00,ASK_DEPTH,"[(100546, 146)]"
2019-06-28 10:22:00,IMBALANCE,"[234, 146]"
2019-06-28 10:22:00,HOLDINGS_UPDATED,"{'CASH': 9196052, 'JPM': 8}"
2019-06-28 10:23:00,BID_DEPTH,"[(100441, 198)]"
2019-06-28 10:23:00,ASK_DEPTH,"[(100960, 110)]"
2019-06-28 10:23:00,IMBALANCE,"[198, 110]"
2019-06-28 10:23:00,HOLDINGS_UPDATED,"{'CASH': 8792212, 'JPM': 12}"
2019-06-28 10:24:00,BID_DEPTH,"[(100711, 493)]"
2019-06-28 10:24:00,ASK_DEPTH,"[(100960, 505)]"
2019-06-28 10:24:00,IMBALANCE,"[493, 505]"
2019-06-28 10:24:00,HOLDINGS_UPDATED,"{'CASH': 8388372, 'JPM': 16}"
2019-06-28 10:25:00,BID_DEPTH,"[(100711, 198)]"
2019-06-28 10:25:00,ASK_DEPTH,"[(100765, 110)]"
2019-06-28 10:25:00,IMBALANCE,"[198, 110]"
2019-06-28 10:25:00,HOLDINGS_UPDATED,"{'CASH': 7985312, 'JPM': 20}"
2019-06-28 10:26:00,BID_DEPTH,"[(100711, 296)]"
2019-06-28 10:26:00,ASK_DEPTH,"[(100765, 208)]"
2019-06-28 10:26:00,IMBALANCE,"[296, 208]"
2019-06-28 10:26:00,HOLDINGS_UPDATED,"{'CASH': 7582252, 'JPM': 24}"
2019-06-28 10:27:00,BID_DEPTH,"[(100765, 153)]"
2019-06-28 10:27:00,ASK_DEPTH,"[(100862, 146)]"
2019-06-28 10:27:00,IMBALANCE,"[153, 146]"
2019-06-28 10:27:00,HOLDINGS_UPDATED,"{'CASH': 7178804, 'JPM': 28}"
2019-06-28 10:28:00,BID_DEPTH,"[(100765, 153)]"
2019-06-28 10:28:00,ASK_DEPTH,"[(100910, 146)]"
2019-06-28 10:28:00,IMBALANCE,"[153, 146]"
2019-06-28 10:28:00,HOLDINGS_UPDATED,"{'CASH': 6775164, 'JPM': 32}"
2019-06-28 10:29:00,BID_DEPTH,"[(100910, 198)]"
2019-06-28 10:29:00,ASK_DEPTH,"[(100966, 110)]"
2019-06-28 10:29:00,IMBALANCE,"[198, 110]"
2019-06-28 10:29:00,HOLDINGS_UPDATED,"{'CASH': 6371300, 'JPM': 36}"
2019-06-28 10:30:00,BID_DEPTH,"[(100910, 179)]"
2019-06-28 10:30:00,ASK_DEPTH,"[(100987, 91)]"
2019-06-28 10:30:00,IMBALANCE,"[179, 91]"
2019-06-28 10:30:00,HOLDINGS_UPDATED,"{'CASH': 5967352, 'JPM': 40}"
2019-06-28 10:31:00,BID_DEPTH,"[(100910, 493)]"
2019-06-28 10:31:00,ASK_DEPTH,"[(101034, 405)]"
2019-06-28 10:31:00,IMBALANCE,"[493, 405]"
2019-06-28 10:31:00,HOLDINGS_UPDATED,"{'CASH': 5563216, 'JPM': 44}"
2019-06-28 10:32:00,BID_DEPTH,"[(100910, 198)]"
2019-06-28 10:32:00,ASK_DEPTH,"[(101077, 110)]"
2019-06-28 10:32:00,IMBALANCE,"[198, 110]"
2019-06-28 10:32:00,HOLDINGS_UPDATED,"{'CASH': 5158908, 'JPM': 48}"
2019-06-28 10:33:00,BID_DEPTH,"[(100910, 296)]"
2019-06-28 10:33:00,ASK_DEPTH,"[(101077, 212)]"
2019-06-28 10:33:00,IMBALANCE,"[296, 212]"
2019-06-28 10:33:00,HOLDINGS_UPDATED,"{'CASH': 4754600, 'JPM': 52}"
2019-06-28 10:34:00,BID_DEPTH,"[(100910, 198)]"
2019-06-28 10:34:00,ASK_DEPTH,"[(101096, 110)]"
2019-06-28 10:34:00,IMBALANCE,"[198, 110]"
2019-06-28 10:34:00,HOLDINGS_UPDATED,"{'CASH': 4350216, 'JPM': 56}"
2019-06-28 10:35:00,BID_DEPTH,"[(100960, 198)]"
2019-06-28 10:35:00,ASK_DEPTH,"[(101096, 110)]"
2019-06-28 10:35:00,IMBALANCE,"[198, 110]"
2019-06-28 10:35:00,HOLDINGS_UPDATED,"{'CASH': 3945832, 'JPM': 60}"
2019-06-28 10:36:00,BID_DEPTH,"[(100692, 296)]"
2019-06-28 10:36:00,ASK_DEPTH,"[(100960, 308)]"
2019-06-28 10:36:00,IMBALANCE,"[296, 308]"
2019-06-28 10:36:00,HOLDINGS_UPDATED,"{'CASH': 3541992, 'JPM': 64}"
2019-06-28 10:37:00,BID_DEPTH,"[(100692, 234)]"
2019-06-28 10:37:00,ASK_DEPTH,"[(100938, 146)]"
2019-06-28 10:37:00,IMBALANCE,"[234, 146]"
2019-06-28 10:37:00,HOLDINGS_UPDATED,"{'CASH': 3138240, 'JPM': 68}"
2019-06-28 10:38:00,BID_DEPTH,"[(100938, 198)]"
2019-06-28 10:38:00,ASK_DEPTH,"[(100960, 95)]"
2019-06-28 10:38:00,IMBALANCE,"[198, 95]"
2019-06-28 10:38:00,HOLDINGS_UPDATED,"{'CASH': 2734400, 'JPM': 72}"
2019-06-28 10:39:00,BID_DEPTH,"[(100692, 234)]"
2019-06-28 10:39:00,ASK_DEPTH,"[(101093, 146)]"
2019-06-28 10:39:00,IMBALANCE,"[234, 146]"
2019-06-28 10:39:00,HOLDINGS_UPDATED,"{'CASH': 2330028, 'JPM': 76}"
2019-06-28 10:40:00,BID_DEPTH,"[(100633, 179)]"
2019-06-28 10:40:00,ASK_DEPTH,"[(101184, 91)]"
2019-06-28 10:40:00,IMBALANCE,"[179, 91]"
2019-06-28 10:40:00,HOLDINGS_UPDATED,"{'CASH': 1925292, 'JPM': 80}"
2019-06-28 10:41:00,BID_DEPTH,"[(100292, 234)]"
2019-06-28 10:41:00,ASK_DEPTH,"[(100325, 48)]"
2019-06-28 10:41:00,IMBALANCE,"[234, 48]"
2019-06-28 10:41:00,HOLDINGS_UPDATED,"{'CASH': 1523992, 'JPM': 84}"
2019-06-28 10:42:00,BID_DEPTH,"[(100188, 493)]"
2019-06-28 10:42:00,ASK_DEPTH,"[(100292, 309)]"
2019-06-28 10:42:00,IMBALANCE,"[493, 309]"
2019-06-28 10:42:00,HOLDINGS_UPDATED,"{'CASH': 1122824, 'JPM': 88}"
2019-06-28 10:43:00,BID_DEPTH,"[(100188, 234)]"
2019-06-28 10:43:00,ASK_DEPTH,"[(100413, 146)]"
2019-06-28 10:43:00,IMBALANCE,"[234, 146]"
2019-06-28 10:43:00,HOLDINGS_UPDATED,"{'CASH': 721172, 'JPM': 92}"
2019-06-28 10:44:00,BID_DEPTH,"[(100091, 296)]"
2019-06-28 10:44:00,ASK_DEPTH,"[(100123, 129)]"
2019-06-28 10:44:00,IMBALANCE,"[296, 129]"
2019-06-28 10:44:00,HOLDINGS_UPDATED,"{'CASH': 320680, 'JPM': 96}"
2019-06-28 10:45:00,BID_DEPTH,"[(100091, 296)]"
2019-06-28 10:45:00,ASK_DEPTH,"[(100123, 308)]"
2019-06-28 10:45:00,IMBALANCE,"[296, 308]"
2019-06-28 10:45:00,HOLDINGS_UPDATED,"{'CASH': -79812, 'JPM': 100}"
2019-06-28 10:46:00,BID_DEPTH,"[(99898, 234)]"
2019-06-28 10:46:00,ASK_DEPTH,"[(100064, 146)]"
2019-06-28 10:46:00,IMBALANCE,"[234, 146]"
2019-06-28 10:46:00,HOLDINGS_UPDATED,"{'CASH': -480068, 'JPM': 104}"
2019-06-28 10:47:00,BID_DEPTH,"[(99857, 179)]"
2019-06-28 10:47:00,ASK_DEPTH,"[(99898, 91)]"
2019-06-28 10:47:00,IMBALANCE,"[179, 91]"
2019-06-28 10:47:00,HOLDINGS_UPDATED,"{'CASH': -879660, 'JPM': 108}"
2019-06-28 10:48:00,BID_DEPTH,"[(99883, 234)]"
2019-06-28 10:48:00,ASK_DEPTH,"[(100064, 246)]"
2019-06-28 10:48:00,IMBALANCE,"[234, 246]"
2019-06-28 10:48:00,HOLDINGS_UPDATED,"{'CASH': -1279916, 'JPM': 112}"
2019-06-28 10:49:00,BID_DEPTH,"[(99883, 198)]"
2019-06-28 10:49:00,ASK_DEPTH,"[(100191, 110)]"
2019-06-28 10:49:00,IMBALANCE,"[198, 110]"
2019-06-28 10:49:00,HOLDINGS_UPDATED,"{'CASH': -1680680, 'JPM': 116}"
2019-06-28 10:50:00,BID_DEPTH,"[(100191, 96)]"
2019-06-28 10:50:00,ASK_DEPTH,"[(100397, 91)]"
2019-06-28 10:50:00,IMBALANCE,"[96, 91]"
2019-06-28 10:50:00,HOLDINGS_UPDATED,"{'CASH': -2082268, 'JPM': 120}"
2019-06-28 10:51:00,BID_DEPTH,"[(100397, 115)]"
2019-06-28 10:51:00,ASK_DEPTH,"[(100512, 91)]"
2019-06-28 10:51:00,IMBALANCE,"[115, 91]"
2019-06-28 10:51:00,HOLDINGS_UPDATED,"{'CASH': -2484316, 'JPM': 124}"
2019-06-28 10:52:00,BID_DEPTH,"[(100191, 410)]"
2019-06-28 10:52:00,ASK_DEPTH,"[(100512, 605)]"
2019-06-28 10:52:00,IMBALANCE,"[410, 605]"
2019-06-28 10:52:00,HOLDINGS_UPDATED,"{'CASH': -2886364, 'JPM': 128}"
2019-06-28 10:53:00,BID_DEPTH,"[(100133, 179)]"
2019-06-28 10:53:00,ASK_DEPTH,"[(100512, 276)]"
2019-06-28 10:53:00,IMBALANCE,"[179, 276]"
2019-06-28 10:53:00,HOLDINGS_UPDATED,"{'CASH': -3288412, 'JPM': 132}"
2019-06-28 10:54:00,BID_DEPTH,"[(99883, 91)]"
2019-06-28 10:54:00,ASK_DEPTH,"[(100511, 179)]"
2019-06-28 10:54:00,IMBALANCE,"[91, 179]"
2019-06-28 10:54:00,HOLDINGS_UPDATED,"{'CASH': -2888880, 'JPM': 128}"
2019-06-28 10:55:00,BID_DEPTH,"[(99857, 405)]"
2019-06-28 10:55:00,ASK_DEPTH,"[(99883, 493)]"
2019-06-28 10:55:00,IMBALANCE,"[405, 493]"
2019-06-28 10:55:00,HOLDINGS_UPDATED,"{'CASH': -2489452, 'JPM': 124}"
2019-06-28 10:56:00,BID_DEPTH,"[(99852, 208)]"
2019-06-28 10:56:00,ASK_DEPTH,"[(99857, 296)]"
2019-06-28 10:56:00,IMBALANCE,"[208, 296]"
2019-06-28 10:56:00,HOLDINGS_UPDATED,"{'CASH': -2090044, 'JPM': 120}"
2019-06-28 10:57:00,BID_DEPTH,"[(99801, 146)]"
2019-06-28 10:57:00,ASK_DEPTH,"[(99857, 234)]"
2019-06-28 10:57:00,IMBALANCE,"[146, 234]"
2019-06-28 10:57:00,HOLDINGS_UPDATED,"{'CASH': -1690840, 'JPM': 116}"
2019-06-28 10:58:00,BID_DEPTH,"[(99408, 208)]"
2019-06-28 10:58:00,ASK_DEPTH,"[(99857, 296)]"
2019-06-28 10:58:00,IMBALANCE,"[208, 296]"
2019-06-28 10:58:00,HOLDINGS_UPDATED,"{'CASH': -1293208, 'JPM': 112}"
2019-06-28 10:59:00,BID_DEPTH,"[(99283, 405)]"
2019-06-28 10:59:00,ASK_DEPTH,"[(99857, 493)]"
2019-06-28 10:59:00,IMBALANCE,"[405, 493]"
2019-06-28 10:59:00,HOLDINGS_UPDATED,"{'CASH': -896076, 'JPM': 108}"
2019-06-28 11:00:00,BID_DEPTH,"[(99540, 208)]"
2019-06-28 11:00:00,ASK_DEPTH,"[(99857, 296)]"
2019-06-28 11:00:00,IMBALANCE,"[208, 296]"
2019-06-28 11:00:00,HOLDINGS_UPDATED,"{'CASH': -497916, 'JPM': 104}"
2019-06-28 11:01:00,BID_DEPTH,"[(99540, 208)]"
2019-06-28 11:01:00,ASK_DEPTH,"[(99857, 296)]"
2019-06-28 11:01:00,IMBALANCE,"[208, 296]"
2019-06-28 11:01:00,HOLDINGS_UPDATED,"{'CASH': -99756, 'JPM': 100}"
2019-06-28 11:02:00,BID_DEPTH,"[(99633, 110)]"
2019-06-28 11:02:00,ASK_DEPTH,"[(99857, 198)]"
2019-06-28 11:02:00,IMBALANCE,"[110, 198]"
2019-06-28 11:02:00,HOLDINGS_UPDATED,"{'CASH': 298776, 'JPM': 96}"
2019-06-28 11:03:00,BID_DEPTH,"[(99622, 146)]"
2019-06-28 11:03:00,ASK_DEPTH,"[(99633, 151)]"
2019-06-28 11:03:00,IMBALANCE,"[146, 151]"
2019-06-28 11:03:00,HOLDINGS_UPDATED,"{'CASH': 697264, 'JPM': 92}"
2019-06-28 11:04:00,BID_DEPTH,"[(99622, 146)]"
2019-06-28 11:04:00,ASK_DEPTH,"[(99633, 151)]"
2019-06-28 11:04:00,IMBALANCE,"[146, 151]"
2019-06-28 11:04:00,HOLDINGS_UPDATED,"{'CASH': 1095752, 'JPM': 88}"
2019-06-28 11:05:00,BID_DEPTH,"[(99622, 208)]"
2019-06-28 11:05:00,ASK_DEPTH,"[(99874, 296)]"
2019-06-28 11:05:00,IMBALANCE,"[208, 296]"
2019-06-28 11:05:00,HOLDINGS_UPDATED,"{'CASH': 1494240, 'JPM': 84}"
2019-06-28 11:06:00,BID_DEPTH,"[(99745, 110)]"
2019-06-28 11:06:00,ASK_DEPTH,"[(99770, 198)]"
2019-06-28 11:06:00,IMBALANCE,"[110, 198]"
2019-06-28 11:06:00,HOLDINGS_UPDATED,"{'CASH': 1893220, 'JPM': 80}"
2019-06-28 11:07:00,BID_DEPTH,"[(99637, 405)]"
2019-06-28 11:07:00,ASK_DEPTH,"[(99770, 493)]"
2019-06-28 11:07:00,IMBALANCE,"[405, 493]"
2019-06-28 11:07:00,HOLDINGS_UPDATED,"{'CASH': 2291768, 'JPM': 76}"
2019-06-28 11:08:00,BID_DEPTH,"[(99637, 208)]"
2019-06-28 11:08:00,ASK_DEPTH,"[(99874, 296)]"
2019-06-28 11:08:00,IMBALANCE,"[208, 296]"
2019-06-28 11:08:00,HOLDINGS_UPDATED,"{'CASH': 2690316, 'JPM': 72}"
2019-06-28 11:09:00,BID_DEPTH,"[(99638, 208)]"
2019-06-28 11:09:00,ASK_DEPTH,"[(99938, 296)]"
2019-06-28 11:09:00,IMBALANCE,"[208, 296]"
2019-06-28 11:09:00,HOLDINGS_UPDATED,"{'CASH': 3088868, 'JPM': 68}"
2019-06-28 11:10:00,BID_DEPTH,"[(99637, 146)]"
2019-06-28 11:10:00,ASK_DEPTH,"[(99953, 234)]"
2019-06-28 11:10:00,IMBALANCE,"[146, 234]"
2019-06-28 11:10:00,HOLDINGS_UPDATED,"{'CASH': 3487416, 'JPM': 64}"
2019-06-28 11:11:00,BID_DEPTH,"[(99458, 405)]"
2019-06-28 11:11:00,ASK_DEPTH,"[(100178, 493)]"
2019-06-28 11:11:00,IMBALANCE,"[405, 493]"
2019-06-28 11:11:00,HOLDINGS_UPDATED,"{'CASH': 3885248, 'JPM': 60}"
2019-06-28 11:12:00,BID_DEPTH,"[(99458, 110)]"
2019-06-28 11:12:00,ASK_DEPTH,"[(100511, 198)]"
2019-06-28 11:12:00,IMBALANCE,"[110, 198]"
2019-06-28 11:12:00,HOLDINGS_UPDATED,"{'CASH': 4283080, 'JPM': 56}"
2019-06-28 11:13:00,BID_DEPTH,"[(99458, 91)]"
2019-06-28 11:13:00,ASK_DEPTH,"[(100511, 178)]"
2019-06-28 11:13:00,IMBALANCE,"[91, 178]"
2019-06-28 11:13:00,HOLDINGS_UPDATED,"{'CASH': 4680912, 'JPM': 52}"
2019-06-28 11:14:00,BID_DEPTH,"[(99454, 146)]"
2019-06-28 11:14:00,ASK_DEPTH,"[(100512, 234)]"
2019-06-28 11:14:00,IMBALANCE,"[146, 234]"
2019-06-28 11:14:00,HOLDINGS_UPDATED,"{'CASH': 5078728, 'JPM': 48}"
2019-06-28 11:15:00,BID_DEPTH,"[(99445, 208)]"
2019-06-28 11:15:00,ASK_DEPTH,"[(100473, 296)]"
2019-06-28 11:15:00,IMBALANCE,"[208, 296]"
2019-06-28 11:15:00,HOLDINGS_UPDATED,"{'CASH': 5476508, 'JPM': 44}"
2019-06-28 11:16:00,BID_DEPTH,"[(99257, 91)]"
2019-06-28 11:16:00,ASK_DEPTH,"[(100473, 278)]"
2019-06-28 11:16:00,IMBALANCE,"[91, 278]"
2019-06-28 11:16:00,HOLDINGS_UPDATED,"{'CASH': 5873536, 'JPM': 40}"
2019-06-28 11:17:00,BID_DEPTH,"[(99257, 246)]"
2019-06-28 11:17:00,ASK_DEPTH,"[(100473, 332)]"
2019-06-28 11:17:00,IMBALANCE,"[246, 332]"
2019-06-28 11:17:00,HOLDINGS_UPDATED,"{'CASH': 6270564, 'JPM': 36}"
2019-06-28 11:18:00,BID_DEPTH,"[(100463, 110)]"
2019-06-28 11:18:00,ASK_DEPTH,"[(100512, 198)]"
2019-06-28 11:18:00,IMBALANCE,"[110, 198]"
2019-06-28 11:18:00,HOLDINGS_UPDATED,"{'CASH': 6672416, 'JPM': 32}"
2019-06-28 11:19:00,BID_DEPTH,"[(100463, 74)]"
2019-06-28 11:19:00,ASK_DEPTH,"[(100547, 179)]"
2019-06-28 11:19:00,IMBALANCE,"[74, 179]"
2019-06-28 11:19:00,HOLDINGS_UPDATED,"{'CASH': 7074268, 'JPM': 28}"
2019-06-28 11:20:00,BID_DEPTH,"[(100453, 208)]"
2019-06-28 11:20:00,ASK_DEPTH,"[(100463, 296)]"
2019-06-28 11:20:00,IMBALANCE,"[208, 296]"
2019-06-28 11:20:00,HOLDINGS_UPDATED,"{'CASH': 7476080, 'JPM': 24}"
2019-06-28 11:21:00,BID_DEPTH,"[(100250, 208)]"
2019-06-28 11:21:00,ASK_DEPTH,"[(100547, 296)]"
2019-06-28 11:21:00,IMBALANCE,"[208, 296]"
2019-06-28 11:21:00,HOLDINGS_UPDATED,"{'CASH': 7877080, 'JPM': 20}"
2019-06-28 11:22:00,BID_DEPTH,"[(100011, 405)]"
2019-06-28 11:22:00,ASK_DEPTH,"[(100534, 493)]"
2019-06-28 11:22:00,IMBALANCE,"[405, 493]"
2019-06-28 11:22:00,HOLDINGS_UPDATED,"{'CASH': 8277124, 'JPM': 16}"
2019-06-28 11:23:00,BID_DEPTH,"[(100003, 91)]"
2019-06-28 11:23:00,ASK_DEPTH,"[(100534, 179)]"
2019-06-28 11:23:00,IMBALANCE,"[91, 179]"
2019-06-28 11:23:00,HOLDINGS_UPDATED,"{'CASH': 8677136, 'JPM': 12}"
2019-06-28 11:24:00,BID_DEPTH,"[(100003, 510)]"
2019-06-28 11:24:00,ASK_DEPTH,"[(100534, 198)]"
2019-06-28 11:24:00,IMBALANCE,"[510, 198]"
2019-06-28 11:24:00,HOLDINGS_UPDATED,"{'CASH': 9077148, 'JPM': 8}"
2019-06-28 11:25:00,BID_DEPTH,"[(100003, 592)]"
2019-06-28 11:25:00,ASK_DEPTH,"[(100547, 296)]"
2019-06-28 11:25:00,IMBALANCE,"[592, 296]"
2019-06-28 11:25:00,HOLDINGS_UPDATED,"{'CASH': 9477160, 'JPM': 4}"
2019-06-28 11:26:00,BID_DEPTH,"[(100004, 405)]"
2019-06-28 11:26:00,ASK_DEPTH,"[(100515, 493)]"
2019-06-28 11:26:00,IMBALANCE,"[405, 493]"
2019-06-28 11:26:00,HOLDINGS_UPDATED,{'CASH': 9877176}
2019-06-28 11:27:00,BID_DEPTH,"[(100229, 234)]"
2019-06-28 11:27:00,ASK_DEPTH,"[(100547, 146)]"
2019-06-28 11:27:00,IMBALANCE,"[234, 146]"
2019-06-28 11:27:00,HOLDINGS_UPDATED,"{'CASH': 9474988, 'JPM': 4}"
2019-06-28 11:28:00,BID_DEPTH,"[(100004, 296)]"
2019-06-28 11:28:00,ASK_DEPTH,"[(100136, 208)]"
2019-06-28 11:28:00,IMBALANCE,"[296, 208]"
2019-06-28 11:28:00,HOLDINGS_UPDATED,"{'CASH': 9074444, 'JPM': 8}"
2019-06-28 11:29:00,BID_DEPTH,"[(100136, 198)]"
2019-06-28 11:29:00,ASK_DEPTH,"[(100547, 110)]"
2019-06-28 11:29:00,IMBALANCE,"[198, 110]"
2019-06-28 11:29:00,HOLDINGS_UPDATED,"{'CASH': 8672256, 'JPM': 12}"
2019-06-28 11:30:00,BID_DEPTH,"[(100136, 493)]"
2019-06-28 11:30:00,ASK_DEPTH,"[(100600, 405)]"
2019-06-28 11:30:00,IMBALANCE,"[493, 405]"
2019-06-28 11:30:00,HOLDINGS_UPDATED,"{'CASH': 8269856, 'JPM': 16}"
2019-06-28 11:31:00,BID_DEPTH,"[(100423, 179)]"
2019-06-28 11:31:00,ASK_DEPTH,"[(100600, 191)]"
2019-06-28 11:31:00,IMBALANCE,"[179, 191]"
2019-06-28 11:31:00,HOLDINGS_UPDATED,"{'CASH': 7867456, 'JPM': 20}"
2019-06-28 11:32:00,BID_DEPTH,"[(100200, 296)]"
2019-06-28 11:32:00,ASK_DEPTH,"[(100600, 193)]"
2019-06-28 11:32:00,IMBALANCE,"[296, 193]"
2019-06-28 11:32:00,HOLDINGS_UPDATED,"{'CASH': 7465056, 'JPM': 24}"
2019-06-28 11:33:00,BID_DEPTH,"[(100600, 296)]"
2019-06-28 11:33:00,ASK_DEPTH,"[(100663, 208)]"
2019-06-28 11:33:00,IMBALANCE,"[296, 208]"
2019-06-28 11:33:00,HOLDINGS_UPDATED,"{'CASH': 7062404, 'JPM': 28}"
2019-06-28 11:34:00,BID_DEPTH,"[(100600, 296)]"
2019-06-28 11:34:00,ASK_DEPTH,"[(100628, 208)]"
2019-06-28 11:34:00,IMBALANCE,"[296, 208]"
2019-06-28 11:34:00,HOLDINGS_UPDATED,"{'CASH': 6659892, 'JPM': 32}"
2019-06-28 11:35:00,BID_DEPTH,"[(100200, 198)]"
2019-06-28 11:35:00,ASK_DEPTH,"[(100628, 110)]"
2019-06-28 11:35:00,IMBALANCE,"[198, 110]"
2019-06-28 11:35:00,HOLDINGS_UPDATED,"{'CASH': 6257380, 'JPM': 36}"
2019-06-28 11:36:00,BID_DEPTH,"[(100200, 198)]"
2019-06-28 11:36:00,ASK_DEPTH,"[(100322, 110)]"
2019-06-28 11:36:00,IMBALANCE,"[198, 110]"
2019-06-28 11:36:00,HOLDINGS_UPDATED,"{'CASH': 5856092, 'JPM': 40}"
2019-06-28 11:37:00,BID_DEPTH,"[(100305, 198)]"
2019-06-28 11:37:00,ASK_DEPTH,"[(100726, 110)]"
2019-06-28 11:37:00,IMBALANCE,"[198, 110]"
2019-06-28 11:37:00,HOLDINGS_UPDATED,"{'CASH': 5453188, 'JPM': 44}"
2019-06-28 11:38:00,BID_DEPTH,"[(100200, 493)]"
2019-06-28 11:38:00,ASK_DEPTH,"[(100760, 405)]"
2019-06-28 11:38:00,IMBALANCE,"[493, 405]"
2019-06-28 11:38:00,HOLDINGS_UPDATED,"{'CASH': 5050148, 'JPM': 48}"
2019-06-28 11:39:00,BID_DEPTH,"[(100136, 234)]"
2019-06-28 11:39:00,ASK_DEPTH,"[(100759, 146)]"
2019-06-28 11:39:00,IMBALANCE,"[234, 146]"
2019-06-28 11:39:00,HOLDINGS_UPDATED,"{'CASH': 4647112, 'JPM': 52}"
2019-06-28 11:40:00,BID_DEPTH,"[(100096, 198)]"
2019-06-28 11:40:00,ASK_DEPTH,"[(100760, 110)]"
2019-06-28 11:40:00,IMBALANCE,"[198, 110]"
2019-06-28 11:40:00,HOLDINGS_UPDATED,"{'CASH': 4244072, 'JPM': 56}"
2019-06-28 11:41:00,BID_DEPTH,"[(100004, 198)]"
2019-06-28 11:41:00,ASK_DEPTH,"[(100810, 110)]"
2019-06-28 11:41:00,IMBALANCE,"[198, 110]"
2019-06-28 11:41:00,HOLDINGS_UPDATED,"{'CASH': 3840832, 'JPM': 60}"
2019-06-28 11:42:00,BID_DEPTH,"[(100004, 179)]"
2019-06-28 11:42:00,ASK_DEPTH,"[(100810, 91)]"
2019-06-28 11:42:00,IMBALANCE,"[179, 91]"
2019-06-28 11:42:00,HOLDINGS_UPDATED,"{'CASH': 3437592, 'JPM': 64}"
2019-06-28 11:43:00,BID_DEPTH,"[(100004, 493)]"
2019-06-28 11:43:00,ASK_DEPTH,"[(100832, 405)]"
2019-06-28 11:43:00,IMBALANCE,"[493, 405]"
2019-06-28 11:43:00,HOLDINGS_UPDATED,"{'CASH': 3034264, 'JPM': 68}"
2019-06-28 11:44:00,BID_DEPTH,"[(100003, 296)]"
2019-06-28 11:44:00,ASK_DEPTH,"[(100070, 208)]"
2019-06-28 11:44:00,IMBALANCE,"[296, 208]"
2019-06-28 11:44:00,HOLDINGS_UPDATED,"{'CASH': 2633984, 'JPM': 72}"
2019-06-28 11:45:00,BID_DEPTH,"[(99807, 296)]"
2019-06-28 11:45:00,ASK_DEPTH,"[(100099, 208)]"
2019-06-28 11:45:00,IMBALANCE,"[296, 208]"
2019-06-28 11:45:00,HOLDINGS_UPDATED,"{'CASH': 2233588, 'JPM': 76}"
2019-06-28 11:46:00,BID_DEPTH,"[(99695, 296)]"
2019-06-28 11:46:00,ASK_DEPTH,"[(99799, 208)]"
2019-06-28 11:46:00,IMBALANCE,"[296, 208]"
2019-06-28 11:46:00,HOLDINGS_UPDATED,"{'CASH': 1834392, 'JPM': 80}"
2019-06-28 11:47:00,BID_DEPTH,"[(99695, 296)]"
2019-06-28 11:47:00,ASK_DEPTH,"[(99883, 208)]"
2019-06-28 11:47:00,IMBALANCE,"[296, 208]"
2019-06-28 11:47:00,HOLDINGS_UPDATED,"{'CASH': 1434860, 'JPM': 84}"
2019-06-28 11:48:00,BID_DEPTH,"[(99612, 296)]"
2019-06-28 11:48:00,ASK_DEPTH,"[(99695, 129)]"
2019-06-28 11:48:00,IMBALANCE,"[296, 129]"
2019-06-28 11:48:00,HOLDINGS_UPDATED,"{'CASH': 1036080, 'JPM': 88}"
2019-06-28 11:49:00,BID_DEPTH,"[(99584, 198)]"
2019-06-28 11:49:00,ASK_DEPTH,"[(100854, 110)]"
2019-06-28 11:49:00,IMBALANCE,"[198, 110]"
2019-06-28 11:49:00,HOLDINGS_UPDATED,"{'CASH': 632664, 'JPM': 92}"
2019-06-28 11:50:00,BID_DEPTH,"[(99584, 296)]"
2019-06-28 11:50:00,ASK_DEPTH,"[(100854, 208)]"
2019-06-28 11:50:00,IMBALANCE,"[296, 208]"
2019-06-28 11:50:00,HOLDINGS_UPDATED,"{'CASH': 229248, 'JPM': 96}"
2019-06-28 11:51:00,BID_DEPTH,"[(100034, 198)]"
2019-06-28 11:51:00,ASK_DEPTH,"[(100854, 110)]"
2019-06-28 11:51:00,IMBALANCE,"[198, 110]"
2019-06-28 11:51:00,HOLDINGS_UPDATED,"{'CASH': -174168, 'JPM': 100}"
2019-06-28 11:52:00,BID_DEPTH,"[(99900, 198)]"
2019-06-28 11:52:00,ASK_DEPTH,"[(100930, 110)]"
2019-06-28 11:52:00,IMBALANCE,"[198, 110]"
2019-06-28 11:52:00,HOLDINGS_UPDATED,"{'CASH': -577888, 'JPM': 104}"
2019-06-28 11:53:00,BID_DEPTH,"[(99896, 179)]"
2019-06-28 11:53:00,ASK_DEPTH,"[(100930, 91)]"
2019-06-28 11:53:00,IMBALANCE,"[179, 91]"
2019-06-28 11:53:00,HOLDINGS_UPDATED,"{'CASH': -981608, 'JPM': 108}"
2019-06-28 11:54:00,BID_DEPTH,"[(99896, 197)]"
2019-06-28 11:54:00,ASK_DEPTH,"[(99905, 110)]"
2019-06-28 11:54:00,IMBALANCE,"[197, 110]"
2019-06-28 11:54:00,HOLDINGS_UPDATED,"{'CASH': -1381228, 'JPM': 112}"
2019-06-28 11:55:00,BID_DEPTH,"[(99896, 99)]"
2019-06-28 11:55:00,ASK_DEPTH,[]
2019-06-28 11:55:00,IMBALANCE,"[99, 0]"
2019-06-28 11:56:00,BID_DEPTH,"[(99674, 100)]"
2019-06-28 11:56:00,ASK_DEPTH,[]
2019-06-28 11:56:00,IMBALANCE,"[100, 0]"
2019-06-28 11:57:00,BID_DEPTH,"[(99674, 234)]"
2019-06-28 11:57:00,ASK_DEPTH,"[(99982, 146)]"
2019-06-28 11:57:00,IMBALANCE,"[234, 146]"
2019-06-28 11:57:00,HOLDINGS_UPDATED,"{'CASH': -1781156, 'JPM': 116}"
2019-06-28 11:58:00,BID_DEPTH,"[(99746, 91)]"
2019-06-28 11:58:00,ASK_DEPTH,"[(99931, 179)]"
2019-06-28 11:58:00,IMBALANCE,"[91, 179]"
2019-06-28 11:58:00,HOLDINGS_UPDATED,"{'CASH': -1382172, 'JPM': 112}"
2019-06-28 11:59:00,BID_DEPTH,"[(99892, 208)]"
2019-06-28 11:59:00,ASK_DEPTH,"[(99931, 295)]"
2019-06-28 11:59:00,IMBALANCE,"[208, 295]"
2019-06-28 11:59:00,HOLDINGS_UPDATED,"{'CASH': -982604, 'JPM': 108}"
2019-06-28 12:00:00,BID_DEPTH,"[(99892, 208)]"
2019-06-28 12:00:00,ASK_DEPTH,"[(99931, 294)]"
2019-06-28 12:00:00,IMBALANCE,"[208, 294]"
2019-06-28 12:00:00,HOLDINGS_UPDATED,"{'CASH': -583036, 'JPM': 104}"
2019-06-28 12:01:00,BID_DEPTH,"[(99931, 405)]"
2019-06-28 12:01:00,ASK_DEPTH,"[(100031, 493)]"
2019-06-28 12:01:00,IMBALANCE,"[405, 493]"
2019-06-28 12:01:00,HOLDINGS_UPDATED,"{'CASH': -183312, 'JPM': 100}"
2019-06-28 12:02:00,BID_DEPTH,"[(99931, 210)]"
2019-06-28 12:02:00,ASK_DEPTH,"[(100140, 198)]"
2019-06-28 12:02:00,IMBALANCE,"[210, 198]"
2019-06-28 12:02:00,HOLDINGS_UPDATED,"{'CASH': 216412, 'JPM': 96}"
2019-06-28 12:03:00,BID_DEPTH,"[(99931, 193)]"
2019-06-28 12:03:00,ASK_DEPTH,"[(100140, 295)]"
2019-06-28 12:03:00,IMBALANCE,"[193, 295]"
2019-06-28 12:03:00,HOLDINGS_UPDATED,"{'CASH': 616136, 'JPM': 92}"
2019-06-28 12:04:00,BID_DEPTH,"[(99931, 91)]"
2019-06-28 12:04:00,ASK_DEPTH,"[(100069, 179)]"
2019-06-28 12:04:00,IMBALANCE,"[91, 179]"
2019-06-28 12:04:00,HOLDINGS_UPDATED,"{'CASH': 1015860, 'JPM': 88}"
2019-06-28 12:05:00,BID_DEPTH,"[(99931, 208)]"
2019-06-28 12:05:00,ASK_DEPTH,"[(99970, 296)]"
2019-06-28 12:05:00,IMBALANCE,"[208, 296]"
2019-06-28 12:05:00,HOLDINGS_UPDATED,"{'CASH': 1415584, 'JPM': 84}"
2019-06-28 12:06:00,BID_DEPTH,"[(99582, 405)]"
2019-06-28 12:06:00,ASK_DEPTH,"[(99970, 492)]"
2019-06-28 12:06:00,IMBALANCE,"[405, 492]"
2019-06-28 12:06:00,HOLDINGS_UPDATED,"{'CASH': 1813912, 'JPM': 80}"
2019-06-28 12:07:00,BID_DEPTH,"[(99434, 110)]"
2019-06-28 12:07:00,ASK_DEPTH,"[(99540, 198)]"
2019-06-28 12:07:00,IMBALANCE,"[110, 198]"
2019-06-28 12:07:00,HOLDINGS_UPDATED,"{'CASH': 2211648, 'JPM': 76}"
2019-06-28 12:08:00,BID_DEPTH,"[(99338, 110)]"
2019-06-28 12:08:00,ASK_DEPTH,"[(99540, 197)]"
2019-06-28 12:08:00,IMBALANCE,"[110, 197]"
2019-06-28 12:08:00,HOLDINGS_UPDATED,"{'CASH': 2609000, 'JPM': 72}"
2019-06-28 12:09:00,BID_DEPTH,"[(99325, 208)]"
2019-06-28 12:09:00,ASK_DEPTH,"[(99420, 296)]"
2019-06-28 12:09:00,IMBALANCE,"[208, 296]"
2019-06-28 12:09:00,HOLDINGS_UPDATED,"{'CASH': 3006300, 'JPM': 68}"
2019-06-28 12:10:00,BID_DEPTH,"[(99420, 110)]"
2019-06-28 12:10:00,ASK_DEPTH,"[(99539, 198)]"
2019-06-28 12:10:00,IMBALANCE,"[110, 198]"
2019-06-28 12:10:00,HOLDINGS_UPDATED,"{'CASH': 3403980, 'JPM': 64}"
2019-06-28 12:11:00,BID_DEPTH,"[(99279, 91)]"
2019-06-28 12:11:00,ASK_DEPTH,"[(99463, 179)]"
2019-06-28 12:11:00,IMBALANCE,"[91, 179]"
2019-06-28 12:11:00,HOLDINGS_UPDATED,"{'CASH': 3801096, 'JPM': 60}"
2019-06-28 12:12:00,BID_DEPTH,"[(99425, 110)]"
2019-06-28 12:12:00,ASK_DEPTH,"[(99487, 198)]"
2019-06-28 12:12:00,IMBALANCE,"[110, 198]"
2019-06-28 12:12:00,HOLDINGS_UPDATED,"{'CASH': 4198796, 'JPM': 56}"
2019-06-28 12:13:00,BID_DEPTH,"[(99404, 110)]"
2019-06-28 12:13:00,ASK_DEPTH,"[(99487, 197)]"
2019-06-28 12:13:00,IMBALANCE,"[110, 197]"
2019-06-28 12:13:00,HOLDINGS_UPDATED,"{'CASH': 4596412, 'JPM': 52}"
2019-06-28 12:14:00,BID_DEPTH,"[(99356, 110)]"
2019-06-28 12:14:00,ASK_DEPTH,"[(99487, 196)]"
2019-06-28 12:14:00,IMBALANCE,"[110, 196]"
2019-06-28 12:14:00,HOLDINGS_UPDATED,"{'CASH': 4993836, 'JPM': 48}"
2019-06-28 12:15:00,BID_DEPTH,"[(99356, 146)]"
2019-06-28 12:15:00,ASK_DEPTH,"[(99487, 231)]"
2019-06-28 12:15:00,IMBALANCE,"[146, 231]"
2019-06-28 12:15:00,HOLDINGS_UPDATED,"{'CASH': 5391260, 'JPM': 44}"
2019-06-28 12:16:00,BID_DEPTH,"[(99279, 405)]"
2019-06-28 12:16:00,ASK_DEPTH,"[(99610, 493)]"
2019-06-28 12:16:00,IMBALANCE,"[405, 493]"
2019-06-28 12:16:00,HOLDINGS_UPDATED,"{'CASH': 5788376, 'JPM': 40}"
2019-06-28 12:17:00,BID_DEPTH,"[(99221, 91)]"
2019-06-28 12:17:00,ASK_DEPTH,"[(99629, 179)]"
2019-06-28 12:17:00,IMBALANCE,"[91, 179]"
2019-06-28 12:17:00,HOLDINGS_UPDATED,"{'CASH': 6185260, 'JPM': 36}"
2019-06-28 12:18:00,BID_DEPTH,"[(99629, 146)]"
2019-06-28 12:18:00,ASK_DEPTH,"[(99634, 234)]"
2019-06-28 12:18:00,IMBALANCE,"[146, 234]"
2019-06-28 12:18:00,HOLDINGS_UPDATED,"{'CASH': 6583776, 'JPM': 32}"
2019-06-28 12:19:00,BID_DEPTH,"[(99221, 146)]"
2019-06-28 12:19:00,ASK_DEPTH,"[(99665, 234)]"
2019-06-28 12:19:00,IMBALANCE,"[146, 234]"
2019-06-28 12:19:00,HOLDINGS_UPDATED,"{'CASH': 6980660, 'JPM': 28}"
2019-06-28 12:20:00,BID_DEPTH,"[(99192, 91)]"
2019-06-28 12:20:00,ASK_DEPTH,"[(99665, 178)]"
2019-06-28 12:20:00,IMBALANCE,"[91, 178]"
2019-06-28 12:20:00,HOLDINGS_UPDATED,"{'CASH': 7377428, 'JPM': 24}"
2019-06-28 12:21:00,BID_DEPTH,"[(99005, 405)]"
2019-06-28 12:21:00,ASK_DEPTH,"[(99665, 491)]"
2019-06-28 12:21:00,IMBALANCE,"[405, 491]"
2019-06-28 12:21:00,HOLDINGS_UPDATED,"{'CASH': 7773448, 'JPM': 20}"
2019-06-28 12:22:00,BID_DEPTH,"[(99005, 146)]"
2019-06-28 12:22:00,ASK_DEPTH,"[(100063, 234)]"
2019-06-28 12:22:00,IMBALANCE,"[146, 234]"
2019-06-28 12:22:00,HOLDINGS_UPDATED,"{'CASH': 8169468, 'JPM': 16}"
2019-06-28 12:23:00,BID_DEPTH,[]
2019-06-28 12:23:00,ASK_DEPTH,"[(100069, 100)]"
2019-06-28 12:23:00,IMBALANCE,"[0, 100]"
2019-06-28 12:24:00,BID_DEPTH,"[(100063, 110)]"
2019-06-28 12:24:00,ASK_DEPTH,"[(100731, 198)]"
2019-06-28 12:24:00,IMBALANCE,"[110, 198]"
2019-06-28 12:24:00,HOLDINGS_UPDATED,"{'CASH': 8569720, 'JPM': 12}"
2019-06-28 12:25:00,BID_DEPTH,"[(100063, 405)]"
2019-06-28 12:25:00,ASK_DEPTH,"[(100731, 492)]"
2019-06-28 12:25:00,IMBALANCE,"[405, 492]"
2019-06-28 12:25:00,HOLDINGS_UPDATED,"{'CASH': 8969972, 'JPM': 8}"
2019-06-28 12:26:00,BID_DEPTH,[]
2019-06-28 12:26:00,ASK_DEPTH,"[(101225, 100)]"
2019-06-28 12:26:00,IMBALANCE,"[0, 100]"
2019-06-28 12:27:00,BID_DEPTH,[]
2019-06-28 12:27:00,ASK_DEPTH,"[(101248, 100)]"
2019-06-28 12:27:00,IMBALANCE,"[0, 100]"
2019-06-28 12:28:00,BID_DEPTH,"[(100822, 405)]"
2019-06-28 12:28:00,ASK_DEPTH,"[(100952, 493)]"
2019-06-28 12:28:00,IMBALANCE,"[405, 493]"
2019-06-28 12:28:00,HOLDINGS_UPDATED,"{'CASH': 9373260, 'JPM': 4}"
2019-06-28 12:29:00,BID_DEPTH,"[(100488, 208)]"
2019-06-28 12:29:00,ASK_DEPTH,"[(100829, 296)]"
2019-06-28 12:29:00,IMBALANCE,"[208, 296]"
2019-06-28 12:29:00,HOLDINGS_UPDATED,{'CASH': 9775212}
2019-06-28 12:30:00,BID_DEPTH,"[(100542, 405)]"
2019-06-28 12:30:00,ASK_DEPTH,"[(100731, 493)]"
2019-06-28 12:30:00,IMBALANCE,"[405, 493]"
2019-06-28 12:30:00,HOLDINGS_UPDATED,"{'CASH': 10177380, 'JPM': -4}"
2019-06-28 12:31:00,BID_DEPTH,[]
2019-06-28 12:31:00,ASK_DEPTH,"[(100057, 100)]"
2019-06-28 12:31:00,IMBALANCE,"[0, 100]"
2019-06-28 12:32:00,BID_DEPTH,"[(100029, 405)]"
2019-06-28 12:32:00,ASK_DEPTH,"[(100289, 493)]"
2019-06-28 12:32:00,IMBALANCE,"[405, 493]"
2019-06-28 12:32:00,HOLDINGS_UPDATED,"{'CASH': 10577496, 'JPM': -8}"
2019-06-28 12:33:00,BID_DEPTH,"[(99924, 208)]"
2019-06-28 12:33:00,ASK_DEPTH,"[(100289, 296)]"
2019-06-28 12:33:00,IMBALANCE,"[208, 296]"
2019-06-28 12:33:00,HOLDINGS_UPDATED,"{'CASH': 10977192, 'JPM': -12}"
2019-06-28 12:34:00,BID_DEPTH,[]
2019-06-28 12:34:00,ASK_DEPTH,"[(99694, 100)]"
2019-06-28 12:34:00,IMBALANCE,"[0, 100]"
2019-06-28 12:35:00,BID_DEPTH,[]
2019-06-28 12:35:00,ASK_DEPTH,"[(99690, 100)]"
2019-06-28 12:35:00,IMBALANCE,"[0, 100]"
2019-06-28 12:36:00,BID_DEPTH,"[(99302, 91)]"
2019-06-28 12:36:00,ASK_DEPTH,"[(99694, 179)]"
2019-06-28 12:36:00,IMBALANCE,"[91, 179]"
2019-06-28 12:36:00,HOLDINGS_UPDATED,"{'CASH': 11374400, 'JPM': -16}"
2019-06-28 12:37:00,BID_DEPTH,"[(99771, 91)]"
2019-06-28 12:37:00,ASK_DEPTH,"[(99915, 379)]"
2019-06-28 12:37:00,IMBALANCE,"[91, 379]"
2019-06-28 12:37:00,HOLDINGS_UPDATED,"{'CASH': 11773484, 'JPM': -20}"
2019-06-28 12:38:00,BID_DEPTH,[]
2019-06-28 12:38:00,ASK_DEPTH,"[(99915, 299)]"
2019-06-28 12:38:00,IMBALANCE,"[0, 299]"
2019-06-28 12:39:00,BID_DEPTH,"[(99771, 208)]"
2019-06-28 12:39:00,ASK_DEPTH,"[(99915, 495)]"
2019-06-28 12:39:00,IMBALANCE,"[208, 495]"
2019-06-28 12:39:00,HOLDINGS_UPDATED,"{'CASH': 12172568, 'JPM': -24}"
2019-06-28 12:40:00,BID_DEPTH,"[(99667, 110)]"
2019-06-28 12:40:00,ASK_DEPTH,"[(99915, 496)]"
2019-06-28 12:40:00,IMBALANCE,"[110, 496]"
2019-06-28 12:40:00,HOLDINGS_UPDATED,"{'CASH': 12571236, 'JPM': -28}"
2019-06-28 12:41:00,BID_DEPTH,[]
2019-06-28 12:41:00,ASK_DEPTH,"[(99915, 297)]"
2019-06-28 12:41:00,IMBALANCE,"[0, 297]"
2019-06-28 12:42:00,BID_DEPTH,[]
2019-06-28 12:42:00,ASK_DEPTH,"[(99915, 297)]"
2019-06-28 12:42:00,IMBALANCE,"[0, 297]"
2019-06-28 12:43:00,BID_DEPTH,"[(99915, 179)]"
2019-06-28 12:43:00,ASK_DEPTH,"[(100034, 91)]"
2019-06-28 12:43:00,IMBALANCE,"[179, 91]"
2019-06-28 12:43:00,HOLDINGS_UPDATED,"{'CASH': 12171100, 'JPM': -24}"
2019-06-28 12:44:00,BID_DEPTH,"[(100161, 296)]"
2019-06-28 12:44:00,ASK_DEPTH,"[(100227, 208)]"
2019-06-28 12:44:00,IMBALANCE,"[296, 208]"
2019-06-28 12:44:00,HOLDINGS_UPDATED,"{'CASH': 11770192, 'JPM': -20}"
2019-06-28 12:45:00,BID_DEPTH,[]
2019-06-28 12:45:00,ASK_DEPTH,"[(99916, 100)]"
2019-06-28 12:45:00,IMBALANCE,"[0, 100]"
2019-06-28 12:46:00,BID_DEPTH,"[(99497, 493)]"
2019-06-28 12:46:00,ASK_DEPTH,"[(99653, 405)]"
2019-06-28 12:46:00,IMBALANCE,"[493, 405]"
2019-06-28 12:46:00,HOLDINGS_UPDATED,"{'CASH': 11371580, 'JPM': -16}"
2019-06-28 12:47:00,BID_DEPTH,"[(99813, 493)]"
2019-06-28 12:47:00,ASK_DEPTH,"[(99846, 405)]"
2019-06-28 12:47:00,IMBALANCE,"[493, 405]"
2019-06-28 12:47:00,HOLDINGS_UPDATED,"{'CASH': 10972196, 'JPM': -12}"
2019-06-28 12:48:00,BID_DEPTH,"[(99896, 179)]"
2019-06-28 12:48:00,ASK_DEPTH,"[(99916, 91)]"
2019-06-28 12:48:00,IMBALANCE,"[179, 91]"
2019-06-28 12:48:00,HOLDINGS_UPDATED,"{'CASH': 10572532, 'JPM': -8}"
2019-06-28 12:49:00,BID_DEPTH,"[(99896, 234)]"
2019-06-28 12:49:00,ASK_DEPTH,"[(99976, 146)]"
2019-06-28 12:49:00,IMBALANCE,"[234, 146]"
2019-06-28 12:49:00,HOLDINGS_UPDATED,"{'CASH': 10172628, 'JPM': -4}"
2019-06-28 12:50:00,BID_DEPTH,"[(99976, 179)]"
2019-06-28 12:50:00,ASK_DEPTH,"[(100161, 91)]"
2019-06-28 12:50:00,IMBALANCE,"[179, 91]"
2019-06-28 12:50:00,HOLDINGS_UPDATED,{'CASH': 9771984}
2019-06-28 12:51:00,BID_DEPTH,"[(99976, 493)]"
2019-06-28 12:51:00,ASK_DEPTH,"[(100108, 405)]"
2019-06-28 12:51:00,IMBALANCE,"[493, 405]"
2019-06-28 12:51:00,HOLDINGS_UPDATED,"{'CASH': 9371552, 'JPM': 4}"
2019-06-28 12:52:00,BID_DEPTH,"[(100165, 493)]"
2019-06-28 12:52:00,ASK_DEPTH,"[(100289, 405)]"
2019-06-28 12:52:00,IMBALANCE,"[493, 405]"
2019-06-28 12:52:00,HOLDINGS_UPDATED,"{'CASH': 8970396, 'JPM': 8}"
2019-06-28 12:53:00,BID_DEPTH,"[(100447, 179)]"
2019-06-28 12:53:00,ASK_DEPTH,"[(100483, 91)]"
2019-06-28 12:53:00,IMBALANCE,"[179, 91]"
2019-06-28 12:53:00,HOLDINGS_UPDATED,"{'CASH': 8568464, 'JPM': 12}"
2019-06-28 12:54:00,BID_DEPTH,"[(100447, 492)]"
2019-06-28 12:54:00,ASK_DEPTH,"[(100488, 405)]"
2019-06-28 12:54:00,IMBALANCE,"[492, 405]"
2019-06-28 12:54:00,HOLDINGS_UPDATED,"{'CASH': 8166512, 'JPM': 16}"
2019-06-28 12:55:00,BID_DEPTH,"[(100444, 296)]"
2019-06-28 12:55:00,ASK_DEPTH,"[(100542, 208)]"
2019-06-28 12:55:00,IMBALANCE,"[296, 208]"
2019-06-28 12:55:00,HOLDINGS_UPDATED,"{'CASH': 7764344, 'JPM': 20}"
2019-06-28 12:56:00,BID_DEPTH,"[(100394, 198)]"
2019-06-28 12:56:00,ASK_DEPTH,"[(100454, 110)]"
2019-06-28 12:56:00,IMBALANCE,"[198, 110]"
2019-06-28 12:56:00,HOLDINGS_UPDATED,"{'CASH': 7362528, 'JPM': 24}"
2019-06-28 12:57:00,BID_DEPTH,"[(100388, 296)]"
2019-06-28 12:57:00,ASK_DEPTH,"[(100541, 308)]"
2019-06-28 12:57:00,IMBALANCE,"[296, 308]"
2019-06-28 12:57:00,HOLDINGS_UPDATED,"{'CASH': 6960364, 'JPM': 28}"
2019-06-28 12:58:00,BID_DEPTH,"[(100388, 233)]"
2019-06-28 12:58:00,ASK_DEPTH,"[(100541, 531)]"
2019-06-28 12:58:00,IMBALANCE,"[233, 531]"
2019-06-28 12:58:00,HOLDINGS_UPDATED,"{'CASH': 6558200, 'JPM': 32}"
2019-06-28 12:59:00,BID_DEPTH,"[(100359, 493)]"
2019-06-28 12:59:00,ASK_DEPTH,"[(100541, 675)]"
2019-06-28 12:59:00,IMBALANCE,"[493, 675]"
2019-06-28 12:59:00,HOLDINGS_UPDATED,"{'CASH': 6156036, 'JPM': 36}"
2019-06-28 13:00:00,BID_DEPTH,"[(100278, 296)]"
2019-06-28 13:00:00,ASK_DEPTH,"[(100541, 363)]"
2019-06-28 13:00:00,IMBALANCE,"[296, 363]"
2019-06-28 13:00:00,HOLDINGS_UPDATED,"{'CASH': 5753872, 'JPM': 40}"
2019-06-28 13:01:00,BID_DEPTH,"[(99976, 179)]"
2019-06-28 13:01:00,ASK_DEPTH,"[(100541, 131)]"
2019-06-28 13:01:00,IMBALANCE,"[179, 131]"
2019-06-28 13:01:00,HOLDINGS_UPDATED,"{'CASH': 5351708, 'JPM': 44}"
2019-06-28 13:02:00,BID_DEPTH,"[(99824, 296)]"
2019-06-28 13:02:00,ASK_DEPTH,"[(100541, 233)]"
2019-06-28 13:02:00,IMBALANCE,"[296, 233]"
2019-06-28 13:02:00,HOLDINGS_UPDATED,"{'CASH': 4949544, 'JPM': 48}"
2019-06-28 13:03:00,BID_DEPTH,"[(99824, 3)]"
2019-06-28 13:03:00,ASK_DEPTH,"[(99857, 176)]"
2019-06-28 13:03:00,IMBALANCE,"[3, 176]"
2019-06-28 13:03:00,HOLDINGS_UPDATED,"{'CASH': 4550116, 'JPM': 52}"
2019-06-28 13:04:00,BID_DEPTH,"[(99824, 395)]"
2019-06-28 13:04:00,ASK_DEPTH,"[(100541, 415)]"
2019-06-28 13:04:00,IMBALANCE,"[395, 415]"
2019-06-28 13:04:00,HOLDINGS_UPDATED,"{'CASH': 4147952, 'JPM': 56}"
2019-06-28 13:05:00,BID_DEPTH,"[(100426, 198)]"
2019-06-28 13:05:00,ASK_DEPTH,"[(100541, 110)]"
2019-06-28 13:05:00,IMBALANCE,"[198, 110]"
2019-06-28 13:05:00,HOLDINGS_UPDATED,"{'CASH': 3745788, 'JPM': 60}"
2019-06-28 13:06:00,BID_DEPTH,"[(100426, 395)]"
2019-06-28 13:06:00,ASK_DEPTH,"[(100630, 208)]"
2019-06-28 13:06:00,IMBALANCE,"[395, 208]"
2019-06-28 13:06:00,HOLDINGS_UPDATED,"{'CASH': 3343268, 'JPM': 64}"
2019-06-28 13:07:00,BID_DEPTH,"[(100500, 179)]"
2019-06-28 13:07:00,ASK_DEPTH,"[(100735, 91)]"
2019-06-28 13:07:00,IMBALANCE,"[179, 91]"
2019-06-28 13:07:00,HOLDINGS_UPDATED,"{'CASH': 2940328, 'JPM': 68}"
2019-06-28 13:08:00,BID_DEPTH,"[(100559, 179)]"
2019-06-28 13:08:00,ASK_DEPTH,"[(100716, 91)]"
2019-06-28 13:08:00,IMBALANCE,"[179, 91]"
2019-06-28 13:08:00,HOLDINGS_UPDATED,"{'CASH': 2537464, 'JPM': 72}"
2019-06-28 13:09:00,BID_DEPTH,"[(100559, 197)]"
2019-06-28 13:09:00,ASK_DEPTH,"[(100716, 110)]"
2019-06-28 13:09:00,IMBALANCE,"[197, 110]"
2019-06-28 13:09:00,HOLDINGS_UPDATED,"{'CASH': 2134600, 'JPM': 76}"
2019-06-28 13:10:00,BID_DEPTH,"[(100500, 99)]"
2019-06-28 13:10:00,ASK_DEPTH,[]
2019-06-28 13:10:00,IMBALANCE,"[99, 0]"
2019-06-28 13:11:00,BID_DEPTH,"[(100455, 296)]"
2019-06-28 13:11:00,ASK_DEPTH,"[(100500, 109)]"
2019-06-28 13:11:00,IMBALANCE,"[296, 109]"
2019-06-28 13:11:00,HOLDINGS_UPDATED,"{'CASH': 1732600, 'JPM': 80}"
2019-06-28 13:12:00,BID_DEPTH,"[(101434, 234)]"
2019-06-28 13:12:00,ASK_DEPTH,"[(101611, 146)]"
2019-06-28 13:12:00,IMBALANCE,"[234, 146]"
2019-06-28 13:12:00,HOLDINGS_UPDATED,"{'CASH': 1326156, 'JPM': 84}"
2019-06-28 13:13:00,BID_DEPTH,"[(101434, 233)]"
2019-06-28 13:13:00,ASK_DEPTH,"[(101665, 146)]"
2019-06-28 13:13:00,IMBALANCE,"[233, 146]"
2019-06-28 13:13:00,HOLDINGS_UPDATED,"{'CASH': 919496, 'JPM': 88}"
2019-06-28 13:14:00,BID_DEPTH,"[(100874, 234)]"
2019-06-28 13:14:00,ASK_DEPTH,"[(101665, 146)]"
2019-06-28 13:14:00,IMBALANCE,"[234, 146]"
2019-06-28 13:14:00,HOLDINGS_UPDATED,"{'CASH': 512836, 'JPM': 92}"
2019-06-28 13:15:00,BID_DEPTH,"[(100597, 296)]"
2019-06-28 13:15:00,ASK_DEPTH,"[(100633, 208)]"
2019-06-28 13:15:00,IMBALANCE,"[296, 208]"
2019-06-28 13:15:00,HOLDINGS_UPDATED,"{'CASH': 110304, 'JPM': 96}"
2019-06-28 13:16:00,BID_DEPTH,"[(100455, 197)]"
2019-06-28 13:16:00,ASK_DEPTH,"[(100633, 210)]"
2019-06-28 13:16:00,IMBALANCE,"[197, 210]"
2019-06-28 13:16:00,HOLDINGS_UPDATED,"{'CASH': -292228, 'JPM': 100}"
2019-06-28 13:17:00,BID_DEPTH,"[(100496, 179)]"
2019-06-28 13:17:00,ASK_DEPTH,"[(100556, 91)]"
2019-06-28 13:17:00,IMBALANCE,"[179, 91]"
2019-06-28 13:17:00,HOLDINGS_UPDATED,"{'CASH': -694452, 'JPM': 104}"
2019-06-28 13:18:00,BID_DEPTH,"[(100623, 179)]"
2019-06-28 13:18:00,ASK_DEPTH,"[(100758, 91)]"
2019-06-28 13:18:00,IMBALANCE,"[179, 91]"
2019-06-28 13:18:00,HOLDINGS_UPDATED,"{'CASH': -1097484, 'JPM': 108}"
2019-06-28 13:19:00,BID_DEPTH,"[(100623, 178)]"
2019-06-28 13:19:00,ASK_DEPTH,"[(100894, 171)]"
2019-06-28 13:19:00,IMBALANCE,"[178, 171]"
2019-06-28 13:19:00,HOLDINGS_UPDATED,"{'CASH': -1501060, 'JPM': 112}"
2019-06-28 13:20:00,BID_DEPTH,"[(100870, 234)]"
2019-06-28 13:20:00,ASK_DEPTH,"[(100950, 146)]"
2019-06-28 13:20:00,IMBALANCE,"[234, 146]"
2019-06-28 13:20:00,HOLDINGS_UPDATED,"{'CASH': -1904860, 'JPM': 116}"
2019-06-28 13:21:00,BID_DEPTH,"[(100726, 493)]"
2019-06-28 13:21:00,ASK_DEPTH,"[(100870, 306)]"
2019-06-28 13:21:00,IMBALANCE,"[493, 306]"
2019-06-28 13:21:00,HOLDINGS_UPDATED,"{'CASH': -2308340, 'JPM': 120}"
2019-06-28 13:22:00,BID_DEPTH,"[(100623, 232)]"
2019-06-28 13:22:00,ASK_DEPTH,"[(100899, 146)]"
2019-06-28 13:22:00,IMBALANCE,"[232, 146]"
2019-06-28 13:22:00,HOLDINGS_UPDATED,"{'CASH': -2711936, 'JPM': 124}"
2019-06-28 13:23:00,BID_DEPTH,"[(102002, 493)]"
2019-06-28 13:23:00,ASK_DEPTH,"[(102197, 405)]"
2019-06-28 13:23:00,IMBALANCE,"[493, 405]"
2019-06-28 13:23:00,HOLDINGS_UPDATED,"{'CASH': -3120724, 'JPM': 128}"
2019-06-28 13:24:00,BID_DEPTH,"[(101986, 493)]"
2019-06-28 13:24:00,ASK_DEPTH,"[(102002, 505)]"
2019-06-28 13:24:00,IMBALANCE,"[493, 505]"
2019-06-28 13:24:00,HOLDINGS_UPDATED,"{'CASH': -3528732, 'JPM': 132}"
2019-06-28 13:25:00,BID_DEPTH,"[(101914, 296)]"
2019-06-28 13:25:00,ASK_DEPTH,"[(102002, 193)]"
2019-06-28 13:25:00,IMBALANCE,"[296, 193]"
2019-06-28 13:25:00,HOLDINGS_UPDATED,"{'CASH': -3936740, 'JPM': 136}"
2019-06-28 13:26:00,BID_DEPTH,"[(101387, 179)]"
2019-06-28 13:26:00,ASK_DEPTH,"[(102197, 91)]"
2019-06-28 13:26:00,IMBALANCE,"[179, 91]"
2019-06-28 13:26:00,HOLDINGS_UPDATED,"{'CASH': -4345528, 'JPM': 140}"
2019-06-28 13:27:00,BID_DEPTH,"[(101056, 296)]"
2019-06-28 13:27:00,ASK_DEPTH,"[(102197, 208)]"
2019-06-28 13:27:00,IMBALANCE,"[296, 208]"
2019-06-28 13:27:00,HOLDINGS_UPDATED,"{'CASH': -4754316, 'JPM': 144}"
2019-06-28 13:28:00,BID_DEPTH,"[(100623, 195)]"
2019-06-28 13:28:00,ASK_DEPTH,"[(101056, 15)]"
2019-06-28 13:28:00,IMBALANCE,"[195, 15]"
2019-06-28 13:28:00,HOLDINGS_UPDATED,"{'CASH': -5158540, 'JPM': 148}"
2019-06-28 13:29:00,BID_DEPTH,"[(100623, 293)]"
2019-06-28 13:29:00,ASK_DEPTH,"[(100969, 208)]"
2019-06-28 13:29:00,IMBALANCE,"[293, 208]"
2019-06-28 13:29:00,HOLDINGS_UPDATED,"{'CASH': -5562416, 'JPM': 152}"
2019-06-28 13:30:00,BID_DEPTH,"[(100924, 198)]"
2019-06-28 13:30:00,ASK_DEPTH,"[(101071, 110)]"
2019-06-28 13:30:00,IMBALANCE,"[198, 110]"
2019-06-28 13:30:00,HOLDINGS_UPDATED,"{'CASH': -5966700, 'JPM': 156}"
2019-06-28 13:31:00,BID_DEPTH,"[(100680, 296)]"
2019-06-28 13:31:00,ASK_DEPTH,"[(101099, 208)]"
2019-06-28 13:31:00,IMBALANCE,"[296, 208]"
2019-06-28 13:31:00,HOLDINGS_UPDATED,"{'CASH': -6371096, 'JPM': 160}"
2019-06-28 13:32:00,BID_DEPTH,"[(100496, 592)]"
2019-06-28 13:32:00,ASK_DEPTH,"[(101099, 405)]"
2019-06-28 13:32:00,IMBALANCE,"[592, 405]"
2019-06-28 13:32:00,HOLDINGS_UPDATED,"{'CASH': -6775492, 'JPM': 164}"
2019-06-28 13:33:00,BID_DEPTH,"[(100496, 233)]"
2019-06-28 13:33:00,ASK_DEPTH,"[(100584, 146)]"
2019-06-28 13:33:00,IMBALANCE,"[233, 146]"
2019-06-28 13:33:00,HOLDINGS_UPDATED,"{'CASH': -7177828, 'JPM': 168}"
2019-06-28 13:34:00,BID_DEPTH,"[(100356, 179)]"
2019-06-28 13:34:00,ASK_DEPTH,"[(100495, 91)]"
2019-06-28 13:34:00,IMBALANCE,"[179, 91]"
2019-06-28 13:34:00,HOLDINGS_UPDATED,"{'CASH': -7579808, 'JPM': 172}"
2019-06-28 13:35:00,BID_DEPTH,"[(100307, 198)]"
2019-06-28 13:35:00,ASK_DEPTH,"[(100495, 110)]"
2019-06-28 13:35:00,IMBALANCE,"[198, 110]"
2019-06-28 13:35:00,HOLDINGS_UPDATED,"{'CASH': -7981788, 'JPM': 176}"
2019-06-28 13:36:00,BID_DEPTH,"[(100331, 198)]"
2019-06-28 13:36:00,ASK_DEPTH,"[(100496, 110)]"
2019-06-28 13:36:00,IMBALANCE,"[198, 110]"
2019-06-28 13:36:00,HOLDINGS_UPDATED,"{'CASH': -8383772, 'JPM': 180}"
2019-06-28 13:37:00,BID_DEPTH,"[(100290, 296)]"
2019-06-28 13:37:00,ASK_DEPTH,"[(102261, 208)]"
2019-06-28 13:37:00,IMBALANCE,"[296, 208]"
2019-06-28 13:37:00,HOLDINGS_UPDATED,"{'CASH': -8792816, 'JPM': 184}"
2019-06-28 13:38:00,BID_DEPTH,"[(100290, 234)]"
2019-06-28 13:38:00,ASK_DEPTH,"[(101715, 146)]"
2019-06-28 13:38:00,IMBALANCE,"[234, 146]"
2019-06-28 13:38:00,HOLDINGS_UPDATED,"{'CASH': -9199676, 'JPM': 188}"
2019-06-28 13:39:00,BID_DEPTH,"[(100290, 179)]"
2019-06-28 13:39:00,ASK_DEPTH,"[(102261, 91)]"
2019-06-28 13:39:00,IMBALANCE,"[179, 91]"
2019-06-28 13:39:00,HOLDINGS_UPDATED,"{'CASH': -9608720, 'JPM': 192}"
2019-06-28 13:40:00,BID_DEPTH,"[(101843, 100)]"
2019-06-28 13:40:00,ASK_DEPTH,[]
2019-06-28 13:40:00,IMBALANCE,"[100, 0]"
2019-06-28 13:41:00,BID_DEPTH,"[(101843, 234)]"
2019-06-28 13:41:00,ASK_DEPTH,"[(101858, 146)]"
2019-06-28 13:41:00,IMBALANCE,"[234, 146]"
2019-06-28 13:41:00,HOLDINGS_UPDATED,"{'CASH': -10016152, 'JPM': 196}"
2019-06-28 13:42:00,BID_DEPTH,"[(101803, 100)]"
2019-06-28 13:42:00,ASK_DEPTH,[]
2019-06-28 13:42:00,IMBALANCE,"[100, 0]"
2019-06-28 13:43:00,BID_DEPTH,"[(101677, 100)]"
2019-06-28 13:43:00,ASK_DEPTH,[]
2019-06-28 13:43:00,IMBALANCE,"[100, 0]"
2019-06-28 13:44:00,BID_DEPTH,"[(101677, 100)]"
2019-06-28 13:44:00,ASK_DEPTH,[]
2019-06-28 13:44:00,IMBALANCE,"[100, 0]"
2019-06-28 13:45:00,BID_DEPTH,"[(101568, 100)]"
2019-06-28 13:45:00,ASK_DEPTH,[]
2019-06-28 13:45:00,IMBALANCE,"[100, 0]"
2019-06-28 13:46:00,BID_DEPTH,"[(101568, 493)]"
2019-06-28 13:46:00,ASK_DEPTH,"[(101677, 505)]"
2019-06-28 13:46:00,IMBALANCE,"[493, 505]"
2019-06-28 13:46:00,HOLDINGS_UPDATED,"{'CASH': -10422860, 'JPM': 200}"
2019-06-28 13:47:00,BID_DEPTH,"[(101512, 296)]"
2019-06-28 13:47:00,ASK_DEPTH,"[(101677, 393)]"
2019-06-28 13:47:00,IMBALANCE,"[296, 393]"
2019-06-28 13:47:00,HOLDINGS_UPDATED,"{'CASH': -10829568, 'JPM': 204}"
2019-06-28 13:48:00,BID_DEPTH,"[(101512, 296)]"
2019-06-28 13:48:00,ASK_DEPTH,"[(101677, 278)]"
2019-06-28 13:48:00,IMBALANCE,"[296, 278]"
2019-06-28 13:48:00,HOLDINGS_UPDATED,"{'CASH': -11236276, 'JPM': 208}"
2019-06-28 13:49:00,BID_DEPTH,"[(101202, 179)]"
2019-06-28 13:49:00,ASK_DEPTH,"[(101676, 91)]"
2019-06-28 13:49:00,IMBALANCE,"[179, 91]"
2019-06-28 13:49:00,HOLDINGS_UPDATED,"{'CASH': -11642980, 'JPM': 212}"
2019-06-28 13:50:00,BID_DEPTH,"[(101104, 179)]"
2019-06-28 13:50:00,ASK_DEPTH,"[(101677, 46)]"
2019-06-28 13:50:00,IMBALANCE,"[179, 46]"
2019-06-28 13:50:00,HOLDINGS_UPDATED,"{'CASH': -12049688, 'JPM': 216}"
2019-06-28 13:51:00,BID_DEPTH,"[(100553, 179)]"
2019-06-28 13:51:00,ASK_DEPTH,"[(101677, 91)]"
2019-06-28 13:51:00,IMBALANCE,"[179, 91]"
2019-06-28 13:51:00,HOLDINGS_UPDATED,"{'CASH': -12456396, 'JPM': 220}"
2019-06-28 13:52:00,BID_DEPTH,"[(100452, 100)]"
2019-06-28 13:52:00,ASK_DEPTH,[]
2019-06-28 13:52:00,IMBALANCE,"[100, 0]"
2019-06-28 13:53:00,BID_DEPTH,"[(100347, 100)]"
2019-06-28 13:53:00,ASK_DEPTH,[]
2019-06-28 13:53:00,IMBALANCE,"[100, 0]"
2019-06-28 13:54:00,BID_DEPTH,"[(100347, 296)]"
2019-06-28 13:54:00,ASK_DEPTH,"[(100470, 208)]"
2019-06-28 13:54:00,IMBALANCE,"[296, 208]"
2019-06-28 13:54:00,HOLDINGS_UPDATED,"{'CASH': -12858276, 'JPM': 224}"
2019-06-28 13:55:00,BID_DEPTH,"[(100812, 100)]"
2019-06-28 13:55:00,ASK_DEPTH,[]
2019-06-28 13:55:00,IMBALANCE,"[100, 0]"
2019-06-28 13:56:00,BID_DEPTH,"[(100633, 100)]"
2019-06-28 13:56:00,ASK_DEPTH,[]
2019-06-28 13:56:00,IMBALANCE,"[100, 0]"
2019-06-28 13:57:00,BID_DEPTH,"[(100583, 100)]"
2019-06-28 13:57:00,ASK_DEPTH,[]
2019-06-28 13:57:00,IMBALANCE,"[100, 0]"
2019-06-28 13:58:00,BID_DEPTH,"[(100415, 100)]"
2019-06-28 13:58:00,ASK_DEPTH,[]
2019-06-28 13:58:00,IMBALANCE,"[100, 0]"
2019-06-28 13:59:00,BID_DEPTH,"[(100415, 100)]"
2019-06-28 13:59:00,ASK_DEPTH,[]
2019-06-28 13:59:00,IMBALANCE,"[100, 0]"
2019-06-28 14:00:00,BID_DEPTH,"[(100227, 100)]"
2019-06-28 14:00:00,ASK_DEPTH,[]
2019-06-28 14:00:00,IMBALANCE,"[100, 0]"
2019-06-28 14:01:00,BID_DEPTH,"[(100166, 234)]"
2019-06-28 14:01:00,ASK_DEPTH,"[(100273, 146)]"
2019-06-28 14:01:00,IMBALANCE,"[234, 146]"
2019-06-28 14:01:00,HOLDINGS_UPDATED,"{'CASH': -13259368, 'JPM': 228}"
2019-06-28 14:02:00,BID_DEPTH,"[(100132, 493)]"
2019-06-28 14:02:00,ASK_DEPTH,"[(100273, 405)]"
2019-06-28 14:02:00,IMBALANCE,"[493, 405]"
2019-06-28 14:02:00,HOLDINGS_UPDATED,"{'CASH': -13660460, 'JPM': 232}"
2019-06-28 14:03:00,BID_DEPTH,"[(100133, 234)]"
2019-06-28 14:03:00,ASK_DEPTH,"[(100273, 146)]"
2019-06-28 14:03:00,IMBALANCE,"[234, 146]"
2019-06-28 14:03:00,HOLDINGS_UPDATED,"{'CASH': -14061552, 'JPM': 236}"
2019-06-28 14:04:00,BID_DEPTH,"[(100118, 198)]"
2019-06-28 14:04:00,ASK_DEPTH,"[(100142, 110)]"
2019-06-28 14:04:00,IMBALANCE,"[198, 110]"
2019-06-28 14:04:00,HOLDINGS_UPDATED,"{'CASH': -14462120, 'JPM': 240}"
2019-06-28 14:05:00,BID_DEPTH,"[(100118, 98)]"
2019-06-28 14:05:00,ASK_DEPTH,"[(100142, 198)]"
2019-06-28 14:05:00,IMBALANCE,"[98, 198]"
2019-06-28 14:05:00,HOLDINGS_UPDATED,"{'CASH': -14061648, 'JPM': 236}"
2019-06-28 14:06:00,BID_DEPTH,"[(100095, 405)]"
2019-06-28 14:06:00,ASK_DEPTH,"[(100118, 422)]"
2019-06-28 14:06:00,IMBALANCE,"[405, 422]"
2019-06-28 14:06:00,HOLDINGS_UPDATED,"{'CASH': -13661268, 'JPM': 232}"
2019-06-28 14:07:00,BID_DEPTH,"[(99796, 110)]"
2019-06-28 14:07:00,ASK_DEPTH,"[(99823, 198)]"
2019-06-28 14:07:00,IMBALANCE,"[110, 198]"
2019-06-28 14:07:00,HOLDINGS_UPDATED,"{'CASH': -13262084, 'JPM': 228}"
2019-06-28 14:08:00,BID_DEPTH,"[(99731, 405)]"
2019-06-28 14:08:00,ASK_DEPTH,"[(99823, 693)]"
2019-06-28 14:08:00,IMBALANCE,"[405, 693]"
2019-06-28 14:08:00,HOLDINGS_UPDATED,"{'CASH': -12863160, 'JPM': 224}"
2019-06-28 14:09:00,BID_DEPTH,"[(99696, 110)]"
2019-06-28 14:09:00,ASK_DEPTH,"[(99823, 398)]"
2019-06-28 14:09:00,IMBALANCE,"[110, 398]"
2019-06-28 14:09:00,HOLDINGS_UPDATED,"{'CASH': -12464376, 'JPM': 220}"
2019-06-28 14:10:00,BID_DEPTH,"[(99632, 146)]"
2019-06-28 14:10:00,ASK_DEPTH,"[(99823, 433)]"
2019-06-28 14:10:00,IMBALANCE,"[146, 433]"
2019-06-28 14:10:00,HOLDINGS_UPDATED,"{'CASH': -12065848, 'JPM': 216}"
2019-06-28 14:11:00,BID_DEPTH,"[(99565, 405)]"
2019-06-28 14:11:00,ASK_DEPTH,"[(99823, 691)]"
2019-06-28 14:11:00,IMBALANCE,"[405, 691]"
2019-06-28 14:11:00,HOLDINGS_UPDATED,"{'CASH': -11667588, 'JPM': 212}"
2019-06-28 14:12:00,BID_DEPTH,"[(99565, 405)]"
2019-06-28 14:12:00,ASK_DEPTH,"[(99823, 790)]"
2019-06-28 14:12:00,IMBALANCE,"[405, 790]"
2019-06-28 14:12:00,HOLDINGS_UPDATED,"{'CASH': -11269328, 'JPM': 208}"
2019-06-28 14:13:00,BID_DEPTH,"[(99493, 91)]"
2019-06-28 14:13:00,ASK_DEPTH,"[(99822, 179)]"
2019-06-28 14:13:00,IMBALANCE,"[91, 179]"
2019-06-28 14:13:00,HOLDINGS_UPDATED,"{'CASH': -10871356, 'JPM': 204}"
2019-06-28 14:14:00,BID_DEPTH,"[(99548, 146)]"
2019-06-28 14:14:00,ASK_DEPTH,"[(99637, 234)]"
2019-06-28 14:14:00,IMBALANCE,"[146, 234]"
2019-06-28 14:14:00,HOLDINGS_UPDATED,"{'CASH': -10473164, 'JPM': 200}"
2019-06-28 14:15:00,BID_DEPTH,"[(99548, 208)]"
2019-06-28 14:15:00,ASK_DEPTH,"[(99823, 592)]"
2019-06-28 14:15:00,IMBALANCE,"[208, 592]"
2019-06-28 14:15:00,HOLDINGS_UPDATED,"{'CASH': -10074972, 'JPM': 196}"
2019-06-28 14:16:00,BID_DEPTH,"[(99493, 405)]"
2019-06-28 14:16:00,ASK_DEPTH,"[(99823, 588)]"
2019-06-28 14:16:00,IMBALANCE,"[405, 588]"
2019-06-28 14:16:00,HOLDINGS_UPDATED,"{'CASH': -9677000, 'JPM': 192}"
2019-06-28 14:17:00,BID_DEPTH,"[(99231, 91)]"
2019-06-28 14:17:00,ASK_DEPTH,"[(99823, 173)]"
2019-06-28 14:17:00,IMBALANCE,"[91, 173]"
2019-06-28 14:17:00,HOLDINGS_UPDATED,"{'CASH': -9280076, 'JPM': 188}"
2019-06-28 14:18:00,BID_DEPTH,"[(99814, 146)]"
2019-06-28 14:18:00,ASK_DEPTH,"[(99942, 234)]"
2019-06-28 14:18:00,IMBALANCE,"[146, 234]"
2019-06-28 14:18:00,HOLDINGS_UPDATED,"{'CASH': -8880820, 'JPM': 184}"
2019-06-28 14:19:00,BID_DEPTH,"[(99142, 110)]"
2019-06-28 14:19:00,ASK_DEPTH,"[(99971, 198)]"
2019-06-28 14:19:00,IMBALANCE,"[110, 198]"
2019-06-28 14:19:00,HOLDINGS_UPDATED,"{'CASH': -8484252, 'JPM': 180}"
2019-06-28 14:20:00,BID_DEPTH,"[(99971, 146)]"
2019-06-28 14:20:00,ASK_DEPTH,"[(100118, 162)]"
2019-06-28 14:20:00,IMBALANCE,"[146, 162]"
2019-06-28 14:20:00,HOLDINGS_UPDATED,"{'CASH': -8084368, 'JPM': 176}"
2019-06-28 14:21:00,BID_DEPTH,"[(100118, 405)]"
2019-06-28 14:21:00,ASK_DEPTH,"[(100142, 492)]"
2019-06-28 14:21:00,IMBALANCE,"[405, 492]"
2019-06-28 14:21:00,HOLDINGS_UPDATED,"{'CASH': -7683896, 'JPM': 172}"
2019-06-28 14:22:00,BID_DEPTH,"[(100073, 146)]"
2019-06-28 14:22:00,ASK_DEPTH,"[(100118, 234)]"
2019-06-28 14:22:00,IMBALANCE,"[146, 234]"
2019-06-28 14:22:00,HOLDINGS_UPDATED,"{'CASH': -7283604, 'JPM': 168}"
2019-06-28 14:23:00,BID_DEPTH,"[(100073, 91)]"
2019-06-28 14:23:00,ASK_DEPTH,"[(100142, 277)]"
2019-06-28 14:23:00,IMBALANCE,"[91, 277]"
2019-06-28 14:23:00,HOLDINGS_UPDATED,"{'CASH': -6883312, 'JPM': 164}"
2019-06-28 14:24:00,BID_DEPTH,"[(99882, 208)]"
2019-06-28 14:24:00,ASK_DEPTH,"[(100170, 296)]"
2019-06-28 14:24:00,IMBALANCE,"[208, 296]"
2019-06-28 14:24:00,HOLDINGS_UPDATED,"{'CASH': -6483784, 'JPM': 160}"
2019-06-28 14:25:00,BID_DEPTH,"[(100163, 110)]"
2019-06-28 14:25:00,ASK_DEPTH,"[(100173, 198)]"
2019-06-28 14:25:00,IMBALANCE,"[110, 198]"
2019-06-28 14:25:00,HOLDINGS_UPDATED,"{'CASH': -6083132, 'JPM': 156}"
2019-06-28 14:26:00,BID_DEPTH,"[(98854, 208)]"
2019-06-28 14:26:00,ASK_DEPTH,"[(100284, 296)]"
2019-06-28 14:26:00,IMBALANCE,"[208, 296]"
2019-06-28 14:26:00,HOLDINGS_UPDATED,"{'CASH': -5687716, 'JPM': 152}"
2019-06-28 14:27:00,BID_DEPTH,"[(100284, 306)]"
2019-06-28 14:27:00,ASK_DEPTH,"[(100354, 493)]"
2019-06-28 14:27:00,IMBALANCE,"[306, 493]"
2019-06-28 14:27:00,HOLDINGS_UPDATED,"{'CASH': -5286580, 'JPM': 148}"
2019-06-28 14:28:00,BID_DEPTH,"[(100284, 146)]"
2019-06-28 14:28:00,ASK_DEPTH,"[(100354, 233)]"
2019-06-28 14:28:00,IMBALANCE,"[146, 233]"
2019-06-28 14:28:00,HOLDINGS_UPDATED,"{'CASH': -4885444, 'JPM': 144}"
2019-06-28 14:29:00,BID_DEPTH,"[(100354, 50)]"
2019-06-28 14:29:00,ASK_DEPTH,"[(100391, 234)]"
2019-06-28 14:29:00,IMBALANCE,"[50, 234]"
2019-06-28 14:29:00,HOLDINGS_UPDATED,"{'CASH': -4484028, 'JPM': 140}"
2019-06-28 14:30:00,BID_DEPTH,"[(100354, 210)]"
2019-06-28 14:30:00,ASK_DEPTH,"[(100456, 198)]"
2019-06-28 14:30:00,IMBALANCE,"[210, 198]"
2019-06-28 14:30:00,HOLDINGS_UPDATED,"{'CASH': -4082612, 'JPM': 136}"
2019-06-28 14:31:00,BID_DEPTH,"[(100354, 146)]"
2019-06-28 14:31:00,ASK_DEPTH,"[(100475, 234)]"
2019-06-28 14:31:00,IMBALANCE,"[146, 234]"
2019-06-28 14:31:00,HOLDINGS_UPDATED,"{'CASH': -3681196, 'JPM': 132}"
2019-06-28 14:32:00,BID_DEPTH,"[(100607, 112)]"
2019-06-28 14:32:00,ASK_DEPTH,"[(100630, 296)]"
2019-06-28 14:32:00,IMBALANCE,"[112, 296]"
2019-06-28 14:32:00,HOLDINGS_UPDATED,"{'CASH': -3278768, 'JPM': 128}"
2019-06-28 14:33:00,BID_DEPTH,"[(100618, 405)]"
2019-06-28 14:33:00,ASK_DEPTH,"[(100666, 493)]"
2019-06-28 14:33:00,IMBALANCE,"[405, 493]"
2019-06-28 14:33:00,HOLDINGS_UPDATED,"{'CASH': -2876296, 'JPM': 124}"
2019-06-28 14:34:00,BID_DEPTH,"[(100284, 110)]"
2019-06-28 14:34:00,ASK_DEPTH,"[(100617, 198)]"
2019-06-28 14:34:00,IMBALANCE,"[110, 198]"
2019-06-28 14:34:00,HOLDINGS_UPDATED,"{'CASH': -2475160, 'JPM': 120}"
2019-06-28 14:35:00,BID_DEPTH,"[(100284, 246)]"
2019-06-28 14:35:00,ASK_DEPTH,"[(100572, 234)]"
2019-06-28 14:35:00,IMBALANCE,"[246, 234]"
2019-06-28 14:35:00,HOLDINGS_UPDATED,"{'CASH': -2074024, 'JPM': 116}"
2019-06-28 14:36:00,BID_DEPTH,"[(100284, 405)]"
2019-06-28 14:36:00,ASK_DEPTH,"[(100572, 493)]"
2019-06-28 14:36:00,IMBALANCE,"[405, 493]"
2019-06-28 14:36:00,HOLDINGS_UPDATED,"{'CASH': -1672888, 'JPM': 112}"
2019-06-28 14:37:00,BID_DEPTH,"[(100445, 146)]"
2019-06-28 14:37:00,ASK_DEPTH,"[(100572, 234)]"
2019-06-28 14:37:00,IMBALANCE,"[146, 234]"
2019-06-28 14:37:00,HOLDINGS_UPDATED,"{'CASH': -1271108, 'JPM': 108}"
2019-06-28 14:38:00,BID_DEPTH,"[(100423, 146)]"
2019-06-28 14:38:00,ASK_DEPTH,"[(100445, 234)]"
2019-06-28 14:38:00,IMBALANCE,"[146, 234]"
2019-06-28 14:38:00,HOLDINGS_UPDATED,"{'CASH': -869416, 'JPM': 104}"
2019-06-28 14:39:00,BID_DEPTH,"[(100284, 405)]"
2019-06-28 14:39:00,ASK_DEPTH,"[(100445, 493)]"
2019-06-28 14:39:00,IMBALANCE,"[405, 493]"
2019-06-28 14:39:00,HOLDINGS_UPDATED,"{'CASH': -468280, 'JPM': 100}"
2019-06-28 14:40:00,BID_DEPTH,"[(99914, 405)]"
2019-06-28 14:40:00,ASK_DEPTH,"[(100445, 493)]"
2019-06-28 14:40:00,IMBALANCE,"[405, 493]"
2019-06-28 14:40:00,HOLDINGS_UPDATED,"{'CASH': -68624, 'JPM': 96}"
2019-06-28 14:41:00,BID_DEPTH,"[(99914, 208)]"
2019-06-28 14:41:00,ASK_DEPTH,"[(100033, 296)]"
2019-06-28 14:41:00,IMBALANCE,"[208, 296]"
2019-06-28 14:41:00,HOLDINGS_UPDATED,"{'CASH': 331032, 'JPM': 92}"
2019-06-28 14:42:00,BID_DEPTH,"[(99853, 179)]"
2019-06-28 14:42:00,ASK_DEPTH,"[(100033, 90)]"
2019-06-28 14:42:00,IMBALANCE,"[179, 90]"
2019-06-28 14:42:00,HOLDINGS_UPDATED,"{'CASH': -69100, 'JPM': 96}"
2019-06-28 14:43:00,BID_DEPTH,"[(99944, 493)]"
2019-06-28 14:43:00,ASK_DEPTH,"[(100217, 405)]"
2019-06-28 14:43:00,IMBALANCE,"[493, 405]"
2019-06-28 14:43:00,HOLDINGS_UPDATED,"{'CASH': -469968, 'JPM': 100}"
2019-06-28 14:44:00,BID_DEPTH,"[(100217, 234)]"
2019-06-28 14:44:00,ASK_DEPTH,"[(100445, 145)]"
2019-06-28 14:44:00,IMBALANCE,"[234, 145]"
2019-06-28 14:44:00,HOLDINGS_UPDATED,"{'CASH': -871748, 'JPM': 104}"
2019-06-28 14:45:00,BID_DEPTH,"[(100217, 179)]"
2019-06-28 14:45:00,ASK_DEPTH,"[(100256, 91)]"
2019-06-28 14:45:00,IMBALANCE,"[179, 91]"
2019-06-28 14:45:00,HOLDINGS_UPDATED,"{'CASH': -1272772, 'JPM': 108}"
2019-06-28 14:46:00,BID_DEPTH,"[(100217, 493)]"
2019-06-28 14:46:00,ASK_DEPTH,"[(100528, 405)]"
2019-06-28 14:46:00,IMBALANCE,"[493, 405]"
2019-06-28 14:46:00,HOLDINGS_UPDATED,"{'CASH': -1674884, 'JPM': 112}"
2019-06-28 14:47:00,BID_DEPTH,"[(100217, 296)]"
2019-06-28 14:47:00,ASK_DEPTH,"[(100572, 208)]"
2019-06-28 14:47:00,IMBALANCE,"[296, 208]"
2019-06-28 14:47:00,HOLDINGS_UPDATED,"{'CASH': -2077172, 'JPM': 116}"
2019-06-28 14:48:00,BID_DEPTH,"[(100080, 179)]"
2019-06-28 14:48:00,ASK_DEPTH,"[(100624, 91)]"
2019-06-28 14:48:00,IMBALANCE,"[179, 91]"
2019-06-28 14:48:00,HOLDINGS_UPDATED,"{'CASH': -2479668, 'JPM': 120}"
2019-06-28 14:49:00,BID_DEPTH,"[(99853, 198)]"
2019-06-28 14:49:00,ASK_DEPTH,"[(100820, 110)]"
2019-06-28 14:49:00,IMBALANCE,"[198, 110]"
2019-06-28 14:49:00,HOLDINGS_UPDATED,"{'CASH': -2882948, 'JPM': 124}"
2019-06-28 14:50:00,BID_DEPTH,"[(98938, 198)]"
2019-06-28 14:50:00,ASK_DEPTH,"[(99783, 110)]"
2019-06-28 14:50:00,IMBALANCE,"[198, 110]"
2019-06-28 14:50:00,HOLDINGS_UPDATED,"{'CASH': -3282080, 'JPM': 128}"
2019-06-28 14:51:00,BID_DEPTH,"[(98938, 179)]"
2019-06-28 14:51:00,ASK_DEPTH,"[(99783, 91)]"
2019-06-28 14:51:00,IMBALANCE,"[179, 91]"
2019-06-28 14:51:00,HOLDINGS_UPDATED,"{'CASH': -3681212, 'JPM': 132}"
2019-06-28 14:52:00,BID_DEPTH,"[(98938, 179)]"
2019-06-28 14:52:00,ASK_DEPTH,"[(99783, 91)]"
2019-06-28 14:52:00,IMBALANCE,"[179, 91]"
2019-06-28 14:52:00,HOLDINGS_UPDATED,"{'CASH': -4080344, 'JPM': 136}"
2019-06-28 14:53:00,BID_DEPTH,"[(99343, 493)]"
2019-06-28 14:53:00,ASK_DEPTH,"[(99376, 405)]"
2019-06-28 14:53:00,IMBALANCE,"[493, 405]"
2019-06-28 14:53:00,HOLDINGS_UPDATED,"{'CASH': -4477848, 'JPM': 140}"
2019-06-28 14:54:00,BID_DEPTH,"[(99343, 493)]"
2019-06-28 14:54:00,ASK_DEPTH,"[(100979, 405)]"
2019-06-28 14:54:00,IMBALANCE,"[493, 405]"
2019-06-28 14:54:00,HOLDINGS_UPDATED,"{'CASH': -4881764, 'JPM': 144}"
2019-06-28 14:55:00,BID_DEPTH,"[(98964, 198)]"
2019-06-28 14:55:00,ASK_DEPTH,"[(101052, 110)]"
2019-06-28 14:55:00,IMBALANCE,"[198, 110]"
2019-06-28 14:55:00,HOLDINGS_UPDATED,"{'CASH': -5285972, 'JPM': 148}"
2019-06-28 14:56:00,BID_DEPTH,"[(98938, 198)]"
2019-06-28 14:56:00,ASK_DEPTH,"[(101051, 210)]"
2019-06-28 14:56:00,IMBALANCE,"[198, 210]"
2019-06-28 14:56:00,HOLDINGS_UPDATED,"{'CASH': -5690176, 'JPM': 152}"
2019-06-28 14:57:00,BID_DEPTH,"[(98659, 208)]"
2019-06-28 14:57:00,ASK_DEPTH,"[(101051, 280)]"
2019-06-28 14:57:00,IMBALANCE,"[208, 280]"
2019-06-28 14:57:00,HOLDINGS_UPDATED,"{'CASH': -5295540, 'JPM': 148}"
2019-06-28 14:58:00,BID_DEPTH,"[(98430, 146)]"
2019-06-28 14:58:00,ASK_DEPTH,"[(101051, 417)]"
2019-06-28 14:58:00,IMBALANCE,"[146, 417]"
2019-06-28 14:58:00,HOLDINGS_UPDATED,"{'CASH': -4901820, 'JPM': 144}"
2019-06-28 14:59:00,BID_DEPTH,"[(98273, 208)]"
2019-06-28 14:59:00,ASK_DEPTH,"[(101051, 478)]"
2019-06-28 14:59:00,IMBALANCE,"[208, 478]"
2019-06-28 14:59:00,HOLDINGS_UPDATED,"{'CASH': -4508728, 'JPM': 140}"
2019-06-28 15:00:00,BID_DEPTH,"[(98273, 505)]"
2019-06-28 15:00:00,ASK_DEPTH,"[(98395, 493)]"
2019-06-28 15:00:00,IMBALANCE,"[505, 493]"
2019-06-28 15:00:00,HOLDINGS_UPDATED,"{'CASH': -4115636, 'JPM': 136}"
2019-06-28 15:01:00,BID_DEPTH,"[(98273, 231)]"
2019-06-28 15:01:00,ASK_DEPTH,"[(98551, 234)]"
2019-06-28 15:01:00,IMBALANCE,"[231, 234]"
2019-06-28 15:01:00,HOLDINGS_UPDATED,"{'CASH': -3722544, 'JPM': 132}"
2019-06-28 15:02:00,BID_DEPTH,"[(98273, 116)]"
2019-06-28 15:02:00,ASK_DEPTH,"[(98865, 234)]"
2019-06-28 15:02:00,IMBALANCE,"[116, 234]"
2019-06-28 15:02:00,HOLDINGS_UPDATED,"{'CASH': -3329452, 'JPM': 128}"
2019-06-28 15:03:00,BID_DEPTH,"[(97983, 91)]"
2019-06-28 15:03:00,ASK_DEPTH,"[(98953, 179)]"
2019-06-28 15:03:00,IMBALANCE,"[91, 179]"
2019-06-28 15:03:00,HOLDINGS_UPDATED,"{'CASH': -2937520, 'JPM': 124}"
2019-06-28 15:04:00,BID_DEPTH,"[(97950, 146)]"
2019-06-28 15:04:00,ASK_DEPTH,"[(98965, 234)]"
2019-06-28 15:04:00,IMBALANCE,"[146, 234]"
2019-06-28 15:04:00,HOLDINGS_UPDATED,"{'CASH': -2545720, 'JPM': 120}"
2019-06-28 15:05:00,BID_DEPTH,"[(97752, 208)]"
2019-06-28 15:05:00,ASK_DEPTH,"[(99196, 296)]"
2019-06-28 15:05:00,IMBALANCE,"[208, 296]"
2019-06-28 15:05:00,HOLDINGS_UPDATED,"{'CASH': -2154712, 'JPM': 116}"
2019-06-28 15:06:00,BID_DEPTH,"[(97582, 110)]"
2019-06-28 15:06:00,ASK_DEPTH,"[(99259, 198)]"
2019-06-28 15:06:00,IMBALANCE,"[110, 198]"
2019-06-28 15:06:00,HOLDINGS_UPDATED,"{'CASH': -1764384, 'JPM': 112}"
2019-06-28 15:07:00,BID_DEPTH,"[(99226, 208)]"
2019-06-28 15:07:00,ASK_DEPTH,"[(99259, 295)]"
2019-06-28 15:07:00,IMBALANCE,"[208, 295]"
2019-06-28 15:07:00,HOLDINGS_UPDATED,"{'CASH': -1367480, 'JPM': 108}"
2019-06-28 15:08:00,BID_DEPTH,[]
2019-06-28 15:08:00,ASK_DEPTH,"[(99259, 98)]"
2019-06-28 15:08:00,IMBALANCE,"[0, 98]"
2019-06-28 15:09:00,BID_DEPTH,[]
2019-06-28 15:09:00,ASK_DEPTH,"[(99193, 100)]"
2019-06-28 15:09:00,IMBALANCE,"[0, 100]"
2019-06-28 15:10:00,BID_DEPTH,[]
2019-06-28 15:10:00,ASK_DEPTH,"[(99393, 100)]"
2019-06-28 15:10:00,IMBALANCE,"[0, 100]"
2019-06-28 15:11:00,BID_DEPTH,"[(99193, 146)]"
2019-06-28 15:11:00,ASK_DEPTH,"[(99393, 234)]"
2019-06-28 15:11:00,IMBALANCE,"[146, 234]"
2019-06-28 15:11:00,HOLDINGS_UPDATED,"{'CASH': -970708, 'JPM': 104}"
2019-06-28 15:12:00,BID_DEPTH,[]
2019-06-28 15:12:00,ASK_DEPTH,"[(99931, 100)]"
2019-06-28 15:12:00,IMBALANCE,"[0, 100]"
2019-06-28 15:13:00,BID_DEPTH,"[(99458, 405)]"
2019-06-28 15:13:00,ASK_DEPTH,"[(99538, 493)]"
2019-06-28 15:13:00,IMBALANCE,"[405, 493]"
2019-06-28 15:13:00,HOLDINGS_UPDATED,"{'CASH': -572876, 'JPM': 100}"
2019-06-28 15:14:00,BID_DEPTH,"[(99458, 91)]"
2019-06-28 15:14:00,ASK_DEPTH,"[(99538, 478)]"
2019-06-28 15:14:00,IMBALANCE,"[91, 478]"
2019-06-28 15:14:00,HOLDINGS_UPDATED,"{'CASH': -175044, 'JPM': 96}"
2019-06-28 15:15:00,BID_DEPTH,"[(99406, 110)]"
2019-06-28 15:15:00,ASK_DEPTH,"[(99538, 496)]"
2019-06-28 15:15:00,IMBALANCE,"[110, 496]"
2019-06-28 15:15:00,HOLDINGS_UPDATED,"{'CASH': 222580, 'JPM': 92}"
2019-06-28 15:16:00,BID_DEPTH,"[(98837, 208)]"
2019-06-28 15:16:00,ASK_DEPTH,"[(99162, 198)]"
2019-06-28 15:16:00,IMBALANCE,"[208, 198]"
2019-06-28 15:16:00,HOLDINGS_UPDATED,"{'CASH': 617928, 'JPM': 88}"
2019-06-28 15:17:00,BID_DEPTH,"[(98636, 91)]"
2019-06-28 15:17:00,ASK_DEPTH,"[(98780, 179)]"
2019-06-28 15:17:00,IMBALANCE,"[91, 179]"
2019-06-28 15:17:00,HOLDINGS_UPDATED,"{'CASH': 1012472, 'JPM': 84}"
2019-06-28 15:18:00,BID_DEPTH,"[(98729, 405)]"
2019-06-28 15:18:00,ASK_DEPTH,"[(98780, 592)]"
2019-06-28 15:18:00,IMBALANCE,"[405, 592]"
2019-06-28 15:18:00,HOLDINGS_UPDATED,"{'CASH': 1407388, 'JPM': 80}"
2019-06-28 15:19:00,BID_DEPTH,"[(98729, 208)]"
2019-06-28 15:19:00,ASK_DEPTH,"[(98780, 394)]"
2019-06-28 15:19:00,IMBALANCE,"[208, 394]"
2019-06-28 15:19:00,HOLDINGS_UPDATED,"{'CASH': 1802304, 'JPM': 76}"
2019-06-28 15:20:00,BID_DEPTH,"[(98729, 91)]"
2019-06-28 15:20:00,ASK_DEPTH,"[(98780, 176)]"
2019-06-28 15:20:00,IMBALANCE,"[91, 176]"
2019-06-28 15:20:00,HOLDINGS_UPDATED,"{'CASH': 2197220, 'JPM': 72}"
2019-06-28 15:21:00,BID_DEPTH,"[(98780, 405)]"
2019-06-28 15:21:00,ASK_DEPTH,"[(98991, 493)]"
2019-06-28 15:21:00,IMBALANCE,"[405, 493]"
2019-06-28 15:21:00,HOLDINGS_UPDATED,"{'CASH': 2592340, 'JPM': 68}"
2019-06-28 15:22:00,BID_DEPTH,"[(98780, 405)]"
2019-06-28 15:22:00,ASK_DEPTH,"[(98991, 492)]"
2019-06-28 15:22:00,IMBALANCE,"[405, 492]"
2019-06-28 15:22:00,HOLDINGS_UPDATED,"{'CASH': 2987460, 'JPM': 64}"
2019-06-28 15:23:00,BID_DEPTH,"[(98697, 110)]"
2019-06-28 15:23:00,ASK_DEPTH,"[(99162, 199)]"
2019-06-28 15:23:00,IMBALANCE,"[110, 199]"
2019-06-28 15:23:00,HOLDINGS_UPDATED,"{'CASH': 3382248, 'JPM': 60}"
2019-06-28 15:24:00,BID_DEPTH,"[(98634, 208)]"
2019-06-28 15:24:00,ASK_DEPTH,"[(99162, 296)]"
2019-06-28 15:24:00,IMBALANCE,"[208, 296]"
2019-06-28 15:24:00,HOLDINGS_UPDATED,"{'CASH': 3776784, 'JPM': 56}"
2019-06-28 15:25:00,BID_DEPTH,"[(99029, 208)]"
2019-06-28 15:25:00,ASK_DEPTH,"[(99285, 296)]"
2019-06-28 15:25:00,IMBALANCE,"[208, 296]"
2019-06-28 15:25:00,HOLDINGS_UPDATED,"{'CASH': 4172900, 'JPM': 52}"
2019-06-28 15:26:00,BID_DEPTH,"[(99285, 11)]"
2019-06-28 15:26:00,ASK_DEPTH,"[(99466, 198)]"
2019-06-28 15:26:00,IMBALANCE,"[11, 198]"
2019-06-28 15:26:00,HOLDINGS_UPDATED,"{'CASH': 4570040, 'JPM': 48}"
2019-06-28 15:27:00,BID_DEPTH,[]
2019-06-28 15:27:00,ASK_DEPTH,"[(99285, 3)]"
2019-06-28 15:27:00,IMBALANCE,"[0, 3]"
2019-06-28 15:28:00,BID_DEPTH,[]
2019-06-28 15:28:00,ASK_DEPTH,"[(99285, 3)]"
2019-06-28 15:28:00,IMBALANCE,"[0, 3]"
2019-06-28 15:29:00,BID_DEPTH,"[(99147, 210)]"
2019-06-28 15:29:00,ASK_DEPTH,"[(99285, 101)]"
2019-06-28 15:29:00,IMBALANCE,"[210, 101]"
2019-06-28 15:29:00,HOLDINGS_UPDATED,"{'CASH': 4966628, 'JPM': 44}"
2019-06-28 15:30:00,BID_DEPTH,"[(98612, 146)]"
2019-06-28 15:30:00,ASK_DEPTH,"[(99285, 236)]"
2019-06-28 15:30:00,IMBALANCE,"[146, 236]"
2019-06-28 15:30:00,HOLDINGS_UPDATED,"{'CASH': 5361076, 'JPM': 40}"
2019-06-28 15:31:00,BID_DEPTH,[]
2019-06-28 15:31:00,ASK_DEPTH,"[(99285, 101)]"
2019-06-28 15:31:00,IMBALANCE,"[0, 101]"
2019-06-28 15:32:00,BID_DEPTH,"[(98621, 110)]"
2019-06-28 15:32:00,ASK_DEPTH,"[(98739, 198)]"
2019-06-28 15:32:00,IMBALANCE,"[110, 198]"
2019-06-28 15:32:00,HOLDINGS_UPDATED,"{'CASH': 5755560, 'JPM': 36}"
2019-06-28 15:33:00,BID_DEPTH,"[(98576, 405)]"
2019-06-28 15:33:00,ASK_DEPTH,"[(98739, 492)]"
2019-06-28 15:33:00,IMBALANCE,"[405, 492]"
2019-06-28 15:33:00,HOLDINGS_UPDATED,"{'CASH': 6149864, 'JPM': 32}"
2019-06-28 15:34:00,BID_DEPTH,"[(98662, 91)]"
2019-06-28 15:34:00,ASK_DEPTH,"[(98739, 179)]"
2019-06-28 15:34:00,IMBALANCE,"[91, 179]"
2019-06-28 15:34:00,HOLDINGS_UPDATED,"{'CASH': 6544512, 'JPM': 28}"
2019-06-28 15:35:00,BID_DEPTH,"[(97402, 110)]"
2019-06-28 15:35:00,ASK_DEPTH,"[(97984, 198)]"
2019-06-28 15:35:00,IMBALANCE,"[110, 198]"
2019-06-28 15:35:00,HOLDINGS_UPDATED,"{'CASH': 6934120, 'JPM': 24}"
2019-06-28 15:36:00,BID_DEPTH,"[(97402, 110)]"
2019-06-28 15:36:00,ASK_DEPTH,"[(98472, 198)]"
2019-06-28 15:36:00,IMBALANCE,"[110, 198]"
2019-06-28 15:36:00,HOLDINGS_UPDATED,"{'CASH': 7323728, 'JPM': 20}"
2019-06-28 15:37:00,BID_DEPTH,"[(97854, 405)]"
2019-06-28 15:37:00,ASK_DEPTH,"[(98196, 493)]"
2019-06-28 15:37:00,IMBALANCE,"[405, 493]"
2019-06-28 15:37:00,HOLDINGS_UPDATED,"{'CASH': 7715144, 'JPM': 16}"
2019-06-28 15:38:00,BID_DEPTH,"[(97935, 146)]"
2019-06-28 15:38:00,ASK_DEPTH,"[(98118, 234)]"
2019-06-28 15:38:00,IMBALANCE,"[146, 234]"
2019-06-28 15:38:00,HOLDINGS_UPDATED,"{'CASH': 8106884, 'JPM': 12}"
2019-06-28 15:39:00,BID_DEPTH,"[(98075, 146)]"
2019-06-28 15:39:00,ASK_DEPTH,"[(98118, 233)]"
2019-06-28 15:39:00,IMBALANCE,"[146, 233]"
2019-06-28 15:39:00,HOLDINGS_UPDATED,"{'CASH': 8499184, 'JPM': 8}"
2019-06-28 15:40:00,BID_DEPTH,"[(98064, 405)]"
2019-06-28 15:40:00,ASK_DEPTH,"[(98118, 491)]"
2019-06-28 15:40:00,IMBALANCE,"[405, 491]"
2019-06-28 15:40:00,HOLDINGS_UPDATED,"{'CASH': 8891440, 'JPM': 4}"
2019-06-28 15:41:00,BID_DEPTH,"[(98064, 208)]"
2019-06-28 15:41:00,ASK_DEPTH,"[(98118, 293)]"
2019-06-28 15:41:00,IMBALANCE,"[208, 293]"
2019-06-28 15:41:00,HOLDINGS_UPDATED,{'CASH': 9283696}
2019-06-28 15:42:00,BID_DEPTH,"[(97402, 246)]"
2019-06-28 15:42:00,ASK_DEPTH,"[(98196, 233)]"
2019-06-28 15:42:00,IMBALANCE,"[246, 233]"
2019-06-28 15:42:00,HOLDINGS_UPDATED,"{'CASH': 9673304, 'JPM': -4}"
2019-06-28 15:43:00,BID_DEPTH,"[(97402, 231)]"
2019-06-28 15:43:00,ASK_DEPTH,"[(98196, 232)]"
2019-06-28 15:43:00,IMBALANCE,"[231, 232]"
2019-06-28 15:43:00,HOLDINGS_UPDATED,"{'CASH': 10062912, 'JPM': -8}"
2019-06-28 15:44:00,BID_DEPTH,"[(97402, 216)]"
2019-06-28 15:44:00,ASK_DEPTH,"[(98248, 234)]"
2019-06-28 15:44:00,IMBALANCE,"[216, 234]"
2019-06-28 15:44:00,HOLDINGS_UPDATED,"{'CASH': 10452520, 'JPM': -12}"
2019-06-28 15:45:00,BID_DEPTH,"[(97402, 46)]"
2019-06-28 15:45:00,ASK_DEPTH,"[(98739, 178)]"
2019-06-28 15:45:00,IMBALANCE,"[46, 178]"
2019-06-28 15:45:00,HOLDINGS_UPDATED,"{'CASH': 10842128, 'JPM': -16}"
2019-06-28 15:46:00,BID_DEPTH,"[(98739, 246)]"
2019-06-28 15:46:00,ASK_DEPTH,"[(98803, 234)]"
2019-06-28 15:46:00,IMBALANCE,"[246, 234]"
2019-06-28 15:46:00,HOLDINGS_UPDATED,"{'CASH': 11237084, 'JPM': -20}"
2019-06-28 15:47:00,BID_DEPTH,"[(98739, 176)]"
2019-06-28 15:47:00,ASK_DEPTH,"[(99063, 179)]"
2019-06-28 15:47:00,IMBALANCE,"[176, 179]"
2019-06-28 15:47:00,HOLDINGS_UPDATED,"{'CASH': 11632040, 'JPM': -24}"
2019-06-28 15:48:00,BID_DEPTH,"[(98739, 80)]"
2019-06-28 15:48:00,ASK_DEPTH,"[(99270, 198)]"
2019-06-28 15:48:00,IMBALANCE,"[80, 198]"
2019-06-28 15:48:00,HOLDINGS_UPDATED,"{'CASH': 12026996, 'JPM': -28}"
2019-06-28 15:49:00,BID_DEPTH,"[(98739, 110)]"
2019-06-28 15:49:00,ASK_DEPTH,"[(99270, 197)]"
2019-06-28 15:49:00,IMBALANCE,"[110, 197]"
2019-06-28 15:49:00,HOLDINGS_UPDATED,"{'CASH': 12421952, 'JPM': -32}"
2019-06-28 15:50:00,BID_DEPTH,"[(97402, 208)]"
2019-06-28 15:50:00,ASK_DEPTH,"[(99270, 294)]"
2019-06-28 15:50:00,IMBALANCE,"[208, 294]"
2019-06-28 15:50:00,HOLDINGS_UPDATED,"{'CASH': 12811560, 'JPM': -36}"
2019-06-28 15:51:00,BID_DEPTH,[]
2019-06-28 15:51:00,ASK_DEPTH,"[(99285, 1)]"
2019-06-28 15:51:00,IMBALANCE,"[0, 1]"
2019-06-28 15:52:00,BID_DEPTH,"[(99085, 405)]"
2019-06-28 15:52:00,ASK_DEPTH,"[(99206, 493)]"
2019-06-28 15:52:00,IMBALANCE,"[405, 493]"
2019-06-28 15:52:00,HOLDINGS_UPDATED,"{'CASH': 13207900, 'JPM': -40}"
2019-06-28 15:53:00,BID_DEPTH,"[(99148, 110)]"
2019-06-28 15:53:00,ASK_DEPTH,"[(99285, 99)]"
2019-06-28 15:53:00,IMBALANCE,"[110, 99]"
2019-06-28 15:53:00,HOLDINGS_UPDATED,"{'CASH': 13604492, 'JPM': -44}"
2019-06-28 15:54:00,BID_DEPTH,"[(98776, 405)]"
2019-06-28 15:54:00,ASK_DEPTH,"[(99447, 493)]"
2019-06-28 15:54:00,IMBALANCE,"[405, 493]"
2019-06-28 15:54:00,HOLDINGS_UPDATED,"{'CASH': 13999596, 'JPM': -48}"
2019-06-28 15:55:00,BID_DEPTH,"[(98671, 208)]"
2019-06-28 15:55:00,ASK_DEPTH,"[(98769, 296)]"
2019-06-28 15:55:00,IMBALANCE,"[208, 296]"
2019-06-28 15:55:00,HOLDINGS_UPDATED,"{'CASH': 14394280, 'JPM': -52}"
2019-06-28 15:56:00,BID_DEPTH,"[(99051, 405)]"
2019-06-28 15:56:00,ASK_DEPTH,"[(99447, 492)]"
2019-06-28 15:56:00,IMBALANCE,"[405, 492]"
2019-06-28 15:56:00,HOLDINGS_UPDATED,"{'CASH': 14790484, 'JPM': -56}"
2019-06-28 15:57:00,BID_DEPTH,"[(98769, 91)]"
2019-06-28 15:57:00,ASK_DEPTH,"[(99470, 179)]"
2019-06-28 15:57:00,IMBALANCE,"[91, 179]"
2019-06-28 15:57:00,HOLDINGS_UPDATED,"{'CASH': 15185560, 'JPM': -60}"
2019-06-28 15:58:00,BID_DEPTH,"[(98594, 208)]"
2019-06-28 15:58:00,ASK_DEPTH,"[(99725, 296)]"
2019-06-28 15:58:00,IMBALANCE,"[208, 296]"
2019-06-28 15:58:00,HOLDINGS_UPDATED,"{'CASH': 15579936, 'JPM': -64}"
2019-06-28 15:59:00,BID_DEPTH,"[(99456, 146)]"
2019-06-28 15:59:00,ASK_DEPTH,"[(99941, 234)]"
2019-06-28 15:59:00,IMBALANCE,"[146, 234]"
2019-06-28 15:59:00,HOLDINGS_UPDATED,"{'CASH': 15977760, 'JPM': -68}"
2019-06-28 16:00:00,BID_DEPTH,"[(98510, 146)]"
2019-06-28 16:00:00,ASK_DEPTH,"[(99838, 234)]"
2019-06-28 16:00:00,IMBALANCE,"[146, 234]"
2019-06-28 16:00:00,HOLDINGS_UPDATED,"{'CASH': 16371800, 'JPM': -72}"
2019-06-28 16:01:00,BID_DEPTH,"[(98510, 118)]"
2019-06-28 16:01:00,ASK_DEPTH,"[(99838, 234)]"
2019-06-28 16:01:00,IMBALANCE,"[118, 234]"
2019-06-28 16:01:00,MKT_CLOSED,
2019-06-28 16:01:00,FINAL_HOLDINGS,"{ JPM: -72, CASH: 16371800 }"
2019-06-28 16:01:00,FINAL_CASH_POSITION,16371800
2019-06-28 16:01:00,MARK_TO_MARKET,-72 JPM @ 98510 == -7092720
2019-06-28 16:01:00,MARKED_TO_MARKET,9279080
2019-06-28 16:01:00,ENDING_CASH,9279080
