EventTime,EventType,Event
,AGENT_TYPE,MomentumAgent
,STARTING_CASH,10000000
2019-06-28 09:30:00,HOLDINGS_UPDATED,{'CASH': 10000000}
2019-06-28 09:31:00,BID_DEPTH,"[(100001, 318)]"
2019-06-28 09:31:00,ASK_DEPTH,"[(100009, 318)]"
2019-06-28 09:31:00,IMBALANCE,"[318, 318]"
2019-06-28 09:32:00,BID_DEPTH,"[(100001, 318)]"
2019-06-28 09:32:00,ASK_DEPTH,"[(100009, 318)]"
2019-06-28 09:32:00,IMBALANCE,"[318, 318]"
2019-06-28 09:33:00,BID_DEPTH,"[(100001, 248)]"
2019-06-28 09:33:00,ASK_DEPTH,"[(100012, 248)]"
2019-06-28 09:33:00,IMBALANCE,"[248, 248]"
2019-06-28 09:34:00,BID_DEPTH,"[(100001, 248)]"
2019-06-28 09:34:00,ASK_DEPTH,"[(100023, 248)]"
2019-06-28 09:34:00,IMBALANCE,"[248, 248]"
2019-06-28 09:35:00,BID_DEPTH,"[(100001, 209)]"
2019-06-28 09:35:00,ASK_DEPTH,"[(100038, 209)]"
2019-06-28 09:35:00,IMBALANCE,"[209, 209]"
2019-06-28 09:36:00,BID_DEPTH,"[(100001, 209)]"
2019-06-28 09:36:00,ASK_DEPTH,"[(100053, 209)]"
2019-06-28 09:36:00,IMBALANCE,"[209, 209]"
2019-06-28 09:37:00,BID_DEPTH,"[(100001, 209)]"
2019-06-28 09:37:00,ASK_DEPTH,"[(100022, 209)]"
2019-06-28 09:37:00,IMBALANCE,"[209, 209]"
2019-06-28 09:38:00,BID_DEPTH,"[(100001, 536)]"
2019-06-28 09:38:00,ASK_DEPTH,"[(100002, 536)]"
2019-06-28 09:38:00,IMBALANCE,"[536, 536]"
2019-06-28 09:39:00,BID_DEPTH,"[(99960, 318)]"
2019-06-28 09:39:00,ASK_DEPTH,"[(100002, 318)]"
2019-06-28 09:39:00,IMBALANCE,"[318, 318]"
2019-06-28 09:40:00,BID_DEPTH,"[(99946, 248)]"
2019-06-28 09:40:00,ASK_DEPTH,"[(100001, 248)]"
2019-06-28 09:40:00,IMBALANCE,"[248, 248]"
2019-06-28 09:41:00,BID_DEPTH,"[(99946, 187)]"
2019-06-28 09:41:00,ASK_DEPTH,"[(100001, 187)]"
2019-06-28 09:41:00,IMBALANCE,"[187, 187]"
2019-06-28 09:42:00,BID_DEPTH,"[(99946, 187)]"
2019-06-28 09:42:00,ASK_DEPTH,"[(100056, 187)]"
2019-06-28 09:42:00,IMBALANCE,"[187, 187]"
2019-06-28 09:43:00,BID_DEPTH,"[(100078, 209)]"
2019-06-28 09:43:00,ASK_DEPTH,"[(100139, 209)]"
2019-06-28 09:43:00,IMBALANCE,"[209, 209]"
2019-06-28 09:44:00,BID_DEPTH,"[(99946, 536)]"
2019-06-28 09:44:00,ASK_DEPTH,"[(100183, 536)]"
2019-06-28 09:44:00,IMBALANCE,"[536, 536]"
2019-06-28 09:45:00,BID_DEPTH,"[(99942, 248)]"
2019-06-28 09:45:00,ASK_DEPTH,"[(100083, 248)]"
2019-06-28 09:45:00,IMBALANCE,"[248, 248]"
2019-06-28 09:46:00,BID_DEPTH,"[(99933, 318)]"
2019-06-28 09:46:00,ASK_DEPTH,"[(99946, 318)]"
2019-06-28 09:46:00,IMBALANCE,"[318, 318]"
2019-06-28 09:47:00,BID_DEPTH,"[(99920, 318)]"
2019-06-28 09:47:00,ASK_DEPTH,"[(99946, 318)]"
2019-06-28 09:47:00,IMBALANCE,"[318, 318]"
2019-06-28 09:48:00,BID_DEPTH,"[(99920, 187)]"
2019-06-28 09:48:00,ASK_DEPTH,"[(99946, 187)]"
2019-06-28 09:48:00,IMBALANCE,"[187, 187]"
2019-06-28 09:49:00,BID_DEPTH,"[(99910, 187)]"
2019-06-28 09:49:00,ASK_DEPTH,"[(99920, 187)]"
2019-06-28 09:49:00,IMBALANCE,"[187, 187]"
2019-06-28 09:50:00,BID_DEPTH,"[(99884, 348)]"
2019-06-28 09:50:00,ASK_DEPTH,"[(99920, 248)]"
2019-06-28 09:50:00,IMBALANCE,"[348, 248]"
2019-06-28 09:51:00,BID_DEPTH,"[(99884, 248)]"
2019-06-28 09:51:00,ASK_DEPTH,"[(99920, 248)]"
2019-06-28 09:51:00,IMBALANCE,"[248, 248]"
2019-06-28 09:52:00,BID_DEPTH,"[(99568, 248)]"
2019-06-28 09:52:00,ASK_DEPTH,"[(99817, 348)]"
2019-06-28 09:52:00,IMBALANCE,"[248, 348]"
2019-06-28 09:53:00,BID_DEPTH,"[(99568, 536)]"
2019-06-28 09:53:00,ASK_DEPTH,"[(99817, 536)]"
2019-06-28 09:53:00,IMBALANCE,"[536, 536]"
2019-06-28 09:54:00,BID_DEPTH,"[(99568, 318)]"
2019-06-28 09:54:00,ASK_DEPTH,"[(99884, 318)]"
2019-06-28 09:54:00,IMBALANCE,"[318, 318]"
2019-06-28 09:55:00,BID_DEPTH,"[(99568, 536)]"
2019-06-28 09:55:00,ASK_DEPTH,"[(99884, 536)]"
2019-06-28 09:55:00,IMBALANCE,"[536, 536]"
2019-06-28 09:56:00,BID_DEPTH,"[(99817, 248)]"
2019-06-28 09:56:00,ASK_DEPTH,"[(99884, 248)]"
2019-06-28 09:56:00,IMBALANCE,"[248, 248]"
2019-06-28 09:57:00,BID_DEPTH,"[(99841, 536)]"
2019-06-28 09:57:00,ASK_DEPTH,"[(99949, 536)]"
2019-06-28 09:57:00,IMBALANCE,"[536, 536]"
2019-06-28 09:58:00,BID_DEPTH,"[(99884, 187)]"
2019-06-28 09:58:00,ASK_DEPTH,"[(99949, 187)]"
2019-06-28 09:58:00,IMBALANCE,"[187, 187]"
2019-06-28 09:59:00,BID_DEPTH,"[(99884, 209)]"
2019-06-28 09:59:00,ASK_DEPTH,"[(99949, 209)]"
2019-06-28 09:59:00,IMBALANCE,"[209, 209]"
2019-06-28 10:00:00,BID_DEPTH,"[(99884, 187)]"
2019-06-28 10:00:00,ASK_DEPTH,"[(99964, 187)]"
2019-06-28 10:00:00,IMBALANCE,"[187, 187]"
2019-06-28 10:01:00,BID_DEPTH,"[(99920, 287)]"
2019-06-28 10:01:00,ASK_DEPTH,"[(100057, 187)]"
2019-06-28 10:01:00,IMBALANCE,"[287, 187]"
2019-06-28 10:02:00,BID_DEPTH,"[(99920, 418)]"
2019-06-28 10:02:00,ASK_DEPTH,"[(100083, 318)]"
2019-06-28 10:02:00,IMBALANCE,"[418, 318]"
2019-06-28 10:03:00,BID_DEPTH,"[(100083, 331)]"
2019-06-28 10:03:00,ASK_DEPTH,"[(100109, 318)]"
2019-06-28 10:03:00,IMBALANCE,"[331, 318]"
2019-06-28 10:04:00,BID_DEPTH,"[(100083, 322)]"
2019-06-28 10:04:00,ASK_DEPTH,"[(100109, 209)]"
2019-06-28 10:04:00,IMBALANCE,"[322, 209]"
2019-06-28 10:05:00,BID_DEPTH,"[(100083, 361)]"
2019-06-28 10:05:00,ASK_DEPTH,"[(100143, 248)]"
2019-06-28 10:05:00,IMBALANCE,"[361, 248]"
2019-06-28 10:06:00,BID_DEPTH,"[(99920, 348)]"
2019-06-28 10:06:00,ASK_DEPTH,"[(100143, 248)]"
2019-06-28 10:06:00,IMBALANCE,"[348, 248]"
2019-06-28 10:07:00,BID_DEPTH,"[(99884, 209)]"
2019-06-28 10:07:00,ASK_DEPTH,"[(99920, 209)]"
2019-06-28 10:07:00,IMBALANCE,"[209, 209]"
2019-06-28 10:08:00,BID_DEPTH,"[(99841, 536)]"
2019-06-28 10:08:00,ASK_DEPTH,"[(99919, 536)]"
2019-06-28 10:08:00,IMBALANCE,"[536, 536]"
2019-06-28 10:09:00,BID_DEPTH,"[(99812, 318)]"
2019-06-28 10:09:00,ASK_DEPTH,"[(99919, 318)]"
2019-06-28 10:09:00,IMBALANCE,"[318, 318]"
2019-06-28 10:10:00,BID_DEPTH,"[(99738, 318)]"
2019-06-28 10:10:00,ASK_DEPTH,"[(99817, 318)]"
2019-06-28 10:10:00,IMBALANCE,"[318, 318]"
2019-06-28 10:11:00,BID_DEPTH,"[(99738, 187)]"
2019-06-28 10:11:00,ASK_DEPTH,"[(99817, 287)]"
2019-06-28 10:11:00,IMBALANCE,"[187, 287]"
2019-06-28 10:12:00,BID_DEPTH,"[(99774, 536)]"
2019-06-28 10:12:00,ASK_DEPTH,"[(99817, 836)]"
2019-06-28 10:12:00,IMBALANCE,"[536, 836]"
2019-06-28 10:13:00,BID_DEPTH,"[(99774, 209)]"
2019-06-28 10:13:00,ASK_DEPTH,"[(99817, 209)]"
2019-06-28 10:13:00,IMBALANCE,"[209, 209]"
2019-06-28 10:14:00,BID_DEPTH,"[(99747, 318)]"
2019-06-28 10:14:00,ASK_DEPTH,"[(99841, 318)]"
2019-06-28 10:14:00,IMBALANCE,"[318, 318]"
2019-06-28 10:15:00,BID_DEPTH,"[(99747, 209)]"
2019-06-28 10:15:00,ASK_DEPTH,"[(99841, 209)]"
2019-06-28 10:15:00,IMBALANCE,"[209, 209]"
2019-06-28 10:16:00,BID_DEPTH,"[(99747, 536)]"
2019-06-28 10:16:00,ASK_DEPTH,"[(99993, 536)]"
2019-06-28 10:16:00,IMBALANCE,"[536, 536]"
2019-06-28 10:17:00,BID_DEPTH,"[(99817, 209)]"
2019-06-28 10:17:00,ASK_DEPTH,"[(99993, 209)]"
2019-06-28 10:17:00,IMBALANCE,"[209, 209]"
2019-06-28 10:18:00,BID_DEPTH,"[(99817, 187)]"
2019-06-28 10:18:00,ASK_DEPTH,"[(100033, 187)]"
2019-06-28 10:18:00,IMBALANCE,"[187, 187]"
2019-06-28 10:19:00,BID_DEPTH,"[(99993, 209)]"
2019-06-28 10:19:00,ASK_DEPTH,"[(100052, 209)]"
2019-06-28 10:19:00,IMBALANCE,"[209, 209]"
2019-06-28 10:20:00,BID_DEPTH,"[(100033, 248)]"
2019-06-28 10:20:00,ASK_DEPTH,"[(100066, 248)]"
2019-06-28 10:20:00,IMBALANCE,"[248, 248]"
2019-06-28 10:21:00,BID_DEPTH,"[(100033, 196)]"
2019-06-28 10:21:00,ASK_DEPTH,"[(100066, 209)]"
2019-06-28 10:21:00,IMBALANCE,"[196, 209]"
2019-06-28 10:21:00,HOLDINGS_UPDATED,"{'CASH': 10700231, 'JPM': -7}"
2019-06-28 10:22:00,BID_DEPTH,"[(100033, 305)]"
2019-06-28 10:22:00,ASK_DEPTH,"[(100264, 318)]"
2019-06-28 10:22:00,IMBALANCE,"[305, 318]"
2019-06-28 10:22:00,HOLDINGS_UPDATED,"{'CASH': 11400462, 'JPM': -14}"
2019-06-28 10:23:00,BID_DEPTH,"[(100033, 248)]"
2019-06-28 10:23:00,ASK_DEPTH,"[(100549, 235)]"
2019-06-28 10:23:00,IMBALANCE,"[248, 235]"
2019-06-28 10:23:00,HOLDINGS_UPDATED,"{'CASH': 10696619, 'JPM': -7}"
2019-06-28 10:24:00,BID_DEPTH,"[(100033, 318)]"
2019-06-28 10:24:00,ASK_DEPTH,"[(100549, 211)]"
2019-06-28 10:24:00,IMBALANCE,"[318, 211]"
2019-06-28 10:24:00,HOLDINGS_UPDATED,{'CASH': 9992776}
2019-06-28 10:25:00,BID_DEPTH,"[(100033, 209)]"
2019-06-28 10:25:00,ASK_DEPTH,"[(100449, 196)]"
2019-06-28 10:25:00,IMBALANCE,"[209, 196]"
2019-06-28 10:25:00,HOLDINGS_UPDATED,"{'CASH': 9289633, 'JPM': 7}"
2019-06-28 10:26:00,BID_DEPTH,"[(100345, 248)]"
2019-06-28 10:26:00,ASK_DEPTH,"[(100449, 141)]"
2019-06-28 10:26:00,IMBALANCE,"[248, 141]"
2019-06-28 10:26:00,HOLDINGS_UPDATED,"{'CASH': 8586490, 'JPM': 14}"
2019-06-28 10:27:00,BID_DEPTH,"[(100449, 94)]"
2019-06-28 10:27:00,ASK_DEPTH,"[(100481, 174)]"
2019-06-28 10:27:00,IMBALANCE,"[94, 174]"
2019-06-28 10:27:00,HOLDINGS_UPDATED,"{'CASH': 7883123, 'JPM': 21}"
2019-06-28 10:28:00,BID_DEPTH,"[(100449, 116)]"
2019-06-28 10:28:00,ASK_DEPTH,"[(100549, 100)]"
2019-06-28 10:28:00,IMBALANCE,"[116, 100]"
2019-06-28 10:28:00,HOLDINGS_UPDATED,"{'CASH': 7179280, 'JPM': 28}"
2019-06-28 10:29:00,BID_DEPTH,"[(100549, 149)]"
2019-06-28 10:29:00,ASK_DEPTH,"[(100609, 235)]"
2019-06-28 10:29:00,IMBALANCE,"[149, 235]"
2019-06-28 10:29:00,HOLDINGS_UPDATED,"{'CASH': 6475017, 'JPM': 35}"
2019-06-28 10:30:00,BID_DEPTH,"[(100549, 149)]"
2019-06-28 10:30:00,ASK_DEPTH,"[(100601, 235)]"
2019-06-28 10:30:00,IMBALANCE,"[149, 235]"
2019-06-28 10:30:00,HOLDINGS_UPDATED,"{'CASH': 5770810, 'JPM': 42}"
2019-06-28 10:31:00,BID_DEPTH,"[(100403, 187)]"
2019-06-28 10:31:00,ASK_DEPTH,"[(100601, 180)]"
2019-06-28 10:31:00,IMBALANCE,"[187, 180]"
2019-06-28 10:31:00,HOLDINGS_UPDATED,"{'CASH': 5066603, 'JPM': 49}"
2019-06-28 10:32:00,BID_DEPTH,"[(100229, 536)]"
2019-06-28 10:32:00,ASK_DEPTH,"[(100600, 523)]"
2019-06-28 10:32:00,IMBALANCE,"[536, 523]"
2019-06-28 10:32:00,HOLDINGS_UPDATED,"{'CASH': 4362403, 'JPM': 56}"
2019-06-28 10:33:00,BID_DEPTH,"[(100045, 187)]"
2019-06-28 10:33:00,ASK_DEPTH,"[(100514, 174)]"
2019-06-28 10:33:00,IMBALANCE,"[187, 174]"
2019-06-28 10:33:00,HOLDINGS_UPDATED,"{'CASH': 3658805, 'JPM': 63}"
2019-06-28 10:34:00,BID_DEPTH,"[(100045, 187)]"
2019-06-28 10:34:00,ASK_DEPTH,"[(100514, 174)]"
2019-06-28 10:34:00,IMBALANCE,"[187, 174]"
2019-06-28 10:34:00,HOLDINGS_UPDATED,"{'CASH': 2955207, 'JPM': 70}"
2019-06-28 10:35:00,BID_DEPTH,"[(100033, 318)]"
2019-06-28 10:35:00,ASK_DEPTH,"[(100045, 218)]"
2019-06-28 10:35:00,IMBALANCE,"[318, 218]"
2019-06-28 10:35:00,HOLDINGS_UPDATED,"{'CASH': 2254892, 'JPM': 77}"
2019-06-28 10:36:00,BID_DEPTH,"[(100033, 187)]"
2019-06-28 10:36:00,ASK_DEPTH,"[(100600, 80)]"
2019-06-28 10:36:00,IMBALANCE,"[187, 80]"
2019-06-28 10:36:00,HOLDINGS_UPDATED,"{'CASH': 1550692, 'JPM': 84}"
2019-06-28 10:37:00,BID_DEPTH,"[(100033, 209)]"
2019-06-28 10:37:00,ASK_DEPTH,"[(100600, 107)]"
2019-06-28 10:37:00,IMBALANCE,"[209, 107]"
2019-06-28 10:37:00,HOLDINGS_UPDATED,"{'CASH': 846492, 'JPM': 91}"
2019-06-28 10:38:00,BID_DEPTH,"[(99689, 248)]"
2019-06-28 10:38:00,ASK_DEPTH,"[(100600, 235)]"
2019-06-28 10:38:00,IMBALANCE,"[248, 235]"
2019-06-28 10:38:00,HOLDINGS_UPDATED,"{'CASH': 142292, 'JPM': 98}"
2019-06-28 10:39:00,BID_DEPTH,"[(99689, 209)]"
2019-06-28 10:39:00,ASK_DEPTH,"[(100601, 102)]"
2019-06-28 10:39:00,IMBALANCE,"[209, 102]"
2019-06-28 10:39:00,HOLDINGS_UPDATED,"{'CASH': -561915, 'JPM': 105}"
2019-06-28 10:40:00,BID_DEPTH,"[(99522, 536)]"
2019-06-28 10:40:00,ASK_DEPTH,"[(99809, 523)]"
2019-06-28 10:40:00,IMBALANCE,"[536, 523]"
2019-06-28 10:40:00,HOLDINGS_UPDATED,"{'CASH': -1260578, 'JPM': 112}"
2019-06-28 10:41:00,BID_DEPTH,"[(99522, 536)]"
2019-06-28 10:41:00,ASK_DEPTH,"[(99809, 623)]"
2019-06-28 10:41:00,IMBALANCE,"[536, 623]"
2019-06-28 10:41:00,HOLDINGS_UPDATED,"{'CASH': -1959241, 'JPM': 119}"
2019-06-28 10:42:00,BID_DEPTH,"[(99426, 536)]"
2019-06-28 10:42:00,ASK_DEPTH,"[(99809, 497)]"
2019-06-28 10:42:00,IMBALANCE,"[536, 497]"
2019-06-28 10:42:00,HOLDINGS_UPDATED,"{'CASH': -2657904, 'JPM': 126}"
2019-06-28 10:43:00,BID_DEPTH,"[(99222, 248)]"
2019-06-28 10:43:00,ASK_DEPTH,"[(100600, 235)]"
2019-06-28 10:43:00,IMBALANCE,"[248, 235]"
2019-06-28 10:43:00,HOLDINGS_UPDATED,"{'CASH': -3362104, 'JPM': 133}"
2019-06-28 10:44:00,BID_DEPTH,"[(99028, 248)]"
2019-06-28 10:44:00,ASK_DEPTH,"[(100601, 235)]"
2019-06-28 10:44:00,IMBALANCE,"[248, 235]"
2019-06-28 10:44:00,HOLDINGS_UPDATED,"{'CASH': -4066311, 'JPM': 140}"
2019-06-28 10:45:00,BID_DEPTH,"[(98967, 536)]"
2019-06-28 10:45:00,ASK_DEPTH,"[(98987, 523)]"
2019-06-28 10:45:00,IMBALANCE,"[536, 523]"
2019-06-28 10:45:00,HOLDINGS_UPDATED,"{'CASH': -4759220, 'JPM': 147}"
2019-06-28 10:46:00,BID_DEPTH,"[(98876, 209)]"
2019-06-28 10:46:00,ASK_DEPTH,"[(98986, 196)]"
2019-06-28 10:46:00,IMBALANCE,"[209, 196]"
2019-06-28 10:46:00,HOLDINGS_UPDATED,"{'CASH': -5452122, 'JPM': 154}"
2019-06-28 10:47:00,BID_DEPTH,"[(98876, 305)]"
2019-06-28 10:47:00,ASK_DEPTH,"[(99192, 318)]"
2019-06-28 10:47:00,IMBALANCE,"[305, 318]"
2019-06-28 10:47:00,HOLDINGS_UPDATED,"{'CASH': -4759990, 'JPM': 147}"
2019-06-28 10:48:00,BID_DEPTH,"[(98844, 235)]"
2019-06-28 10:48:00,ASK_DEPTH,"[(99266, 248)]"
2019-06-28 10:48:00,IMBALANCE,"[235, 248]"
2019-06-28 10:48:00,HOLDINGS_UPDATED,"{'CASH': -4068082, 'JPM': 140}"
2019-06-28 10:49:00,BID_DEPTH,"[(98844, 180)]"
2019-06-28 10:49:00,ASK_DEPTH,"[(99071, 187)]"
2019-06-28 10:49:00,IMBALANCE,"[180, 187]"
2019-06-28 10:49:00,HOLDINGS_UPDATED,"{'CASH': -3376174, 'JPM': 133}"
2019-06-28 10:50:00,BID_DEPTH,"[(98844, 529)]"
2019-06-28 10:50:00,ASK_DEPTH,"[(99071, 536)]"
2019-06-28 10:50:00,IMBALANCE,"[529, 536]"
2019-06-28 10:50:00,HOLDINGS_UPDATED,"{'CASH': -2684266, 'JPM': 126}"
2019-06-28 10:51:00,BID_DEPTH,"[(98844, 629)]"
2019-06-28 10:51:00,ASK_DEPTH,"[(99071, 536)]"
2019-06-28 10:51:00,IMBALANCE,"[629, 536]"
2019-06-28 10:51:00,HOLDINGS_UPDATED,"{'CASH': -1992358, 'JPM': 119}"
2019-06-28 10:52:00,BID_DEPTH,"[(98828, 196)]"
2019-06-28 10:52:00,ASK_DEPTH,"[(99018, 209)]"
2019-06-28 10:52:00,IMBALANCE,"[196, 209]"
2019-06-28 10:52:00,HOLDINGS_UPDATED,"{'CASH': -1300562, 'JPM': 112}"
2019-06-28 10:53:00,BID_DEPTH,"[(98828, 141)]"
2019-06-28 10:53:00,ASK_DEPTH,"[(98954, 248)]"
2019-06-28 10:53:00,IMBALANCE,"[141, 248]"
2019-06-28 10:53:00,HOLDINGS_UPDATED,"{'CASH': -608766, 'JPM': 105}"
2019-06-28 10:54:00,BID_DEPTH,"[(98828, 102)]"
2019-06-28 10:54:00,ASK_DEPTH,"[(99018, 209)]"
2019-06-28 10:54:00,IMBALANCE,"[102, 209]"
2019-06-28 10:54:00,HOLDINGS_UPDATED,"{'CASH': 83030, 'JPM': 98}"
2019-06-28 10:55:00,BID_DEPTH,"[(98828, 232)]"
2019-06-28 10:55:00,ASK_DEPTH,"[(99091, 248)]"
2019-06-28 10:55:00,IMBALANCE,"[232, 248]"
2019-06-28 10:55:00,HOLDINGS_UPDATED,"{'CASH': 774826, 'JPM': 91}"
2019-06-28 10:56:00,BID_DEPTH,"[(99103, 235)]"
2019-06-28 10:56:00,ASK_DEPTH,"[(99198, 248)]"
2019-06-28 10:56:00,IMBALANCE,"[235, 248]"
2019-06-28 10:56:00,HOLDINGS_UPDATED,"{'CASH': 1468547, 'JPM': 84}"
2019-06-28 10:57:00,BID_DEPTH,"[(99217, 218)]"
2019-06-28 10:57:00,ASK_DEPTH,"[(99258, 318)]"
2019-06-28 10:57:00,IMBALANCE,"[218, 318]"
2019-06-28 10:57:00,HOLDINGS_UPDATED,"{'CASH': 2163066, 'JPM': 77}"
2019-06-28 10:58:00,BID_DEPTH,"[(99198, 196)]"
2019-06-28 10:58:00,ASK_DEPTH,"[(99467, 209)]"
2019-06-28 10:58:00,IMBALANCE,"[196, 209]"
2019-06-28 10:58:00,HOLDINGS_UPDATED,"{'CASH': 2857452, 'JPM': 70}"
2019-06-28 10:59:00,BID_DEPTH,"[(98828, 102)]"
2019-06-28 10:59:00,ASK_DEPTH,"[(99467, 209)]"
2019-06-28 10:59:00,IMBALANCE,"[102, 209]"
2019-06-28 10:59:00,HOLDINGS_UPDATED,"{'CASH': 3549248, 'JPM': 63}"
2019-06-28 11:00:00,BID_DEPTH,"[(98828, 611)]"
2019-06-28 11:00:00,ASK_DEPTH,"[(99149, 536)]"
2019-06-28 11:00:00,IMBALANCE,"[611, 536]"
2019-06-28 11:00:00,HOLDINGS_UPDATED,"{'CASH': 4241044, 'JPM': 56}"
2019-06-28 11:01:00,BID_DEPTH,"[(99083, 235)]"
2019-06-28 11:01:00,ASK_DEPTH,"[(99283, 248)]"
2019-06-28 11:01:00,IMBALANCE,"[235, 248]"
2019-06-28 11:01:00,HOLDINGS_UPDATED,"{'CASH': 4934625, 'JPM': 49}"
2019-06-28 11:02:00,BID_DEPTH,"[(99083, 523)]"
2019-06-28 11:02:00,ASK_DEPTH,"[(99283, 536)]"
2019-06-28 11:02:00,IMBALANCE,"[523, 536]"
2019-06-28 11:02:00,HOLDINGS_UPDATED,"{'CASH': 5628206, 'JPM': 42}"
2019-06-28 11:03:00,BID_DEPTH,"[(99262, 523)]"
2019-06-28 11:03:00,ASK_DEPTH,"[(99283, 536)]"
2019-06-28 11:03:00,IMBALANCE,"[523, 536]"
2019-06-28 11:03:00,HOLDINGS_UPDATED,"{'CASH': 6323040, 'JPM': 35}"
2019-06-28 11:04:00,BID_DEPTH,"[(98947, 523)]"
2019-06-28 11:04:00,ASK_DEPTH,"[(99262, 536)]"
2019-06-28 11:04:00,IMBALANCE,"[523, 536]"
2019-06-28 11:04:00,HOLDINGS_UPDATED,"{'CASH': 7015669, 'JPM': 28}"
2019-06-28 11:05:00,BID_DEPTH,"[(98838, 196)]"
2019-06-28 11:05:00,ASK_DEPTH,"[(99262, 209)]"
2019-06-28 11:05:00,IMBALANCE,"[196, 209]"
2019-06-28 11:05:00,HOLDINGS_UPDATED,"{'CASH': 7707535, 'JPM': 21}"
2019-06-28 11:06:00,BID_DEPTH,"[(98807, 170)]"
2019-06-28 11:06:00,ASK_DEPTH,"[(98838, 187)]"
2019-06-28 11:06:00,IMBALANCE,"[170, 187]"
2019-06-28 11:06:00,HOLDINGS_UPDATED,"{'CASH': 8399184, 'JPM': 14}"
2019-06-28 11:07:00,BID_DEPTH,"[(98816, 174)]"
2019-06-28 11:07:00,ASK_DEPTH,"[(99262, 187)]"
2019-06-28 11:07:00,IMBALANCE,"[174, 187]"
2019-06-28 11:07:00,HOLDINGS_UPDATED,"{'CASH': 9090896, 'JPM': 7}"
2019-06-28 11:08:00,BID_DEPTH,"[(99070, 235)]"
2019-06-28 11:08:00,ASK_DEPTH,"[(99283, 248)]"
2019-06-28 11:08:00,IMBALANCE,"[235, 248]"
2019-06-28 11:08:00,HOLDINGS_UPDATED,{'CASH': 9784386}
2019-06-28 11:09:00,BID_DEPTH,"[(99064, 305)]"
2019-06-28 11:09:00,ASK_DEPTH,"[(99283, 318)]"
2019-06-28 11:09:00,IMBALANCE,"[305, 318]"
2019-06-28 11:09:00,HOLDINGS_UPDATED,"{'CASH': 10477834, 'JPM': -7}"
2019-06-28 11:10:00,BID_DEPTH,"[(98825, 196)]"
2019-06-28 11:10:00,ASK_DEPTH,"[(99305, 209)]"
2019-06-28 11:10:00,IMBALANCE,"[196, 209]"
2019-06-28 11:10:00,HOLDINGS_UPDATED,"{'CASH': 11169609, 'JPM': -14}"
2019-06-28 11:11:00,BID_DEPTH,"[(98825, 523)]"
2019-06-28 11:11:00,ASK_DEPTH,"[(99381, 536)]"
2019-06-28 11:11:00,IMBALANCE,"[523, 536]"
2019-06-28 11:11:00,HOLDINGS_UPDATED,"{'CASH': 11861384, 'JPM': -21}"
2019-06-28 11:12:00,BID_DEPTH,"[(98981, 523)]"
2019-06-28 11:12:00,ASK_DEPTH,"[(99204, 536)]"
2019-06-28 11:12:00,IMBALANCE,"[523, 536]"
2019-06-28 11:12:00,HOLDINGS_UPDATED,"{'CASH': 12554251, 'JPM': -28}"
2019-06-28 11:13:00,BID_DEPTH,"[(99020, 305)]"
2019-06-28 11:13:00,ASK_DEPTH,"[(99062, 318)]"
2019-06-28 11:13:00,IMBALANCE,"[305, 318]"
2019-06-28 11:13:00,HOLDINGS_UPDATED,"{'CASH': 13247391, 'JPM': -35}"
2019-06-28 11:14:00,BID_DEPTH,"[(99020, 174)]"
2019-06-28 11:14:00,ASK_DEPTH,"[(99204, 187)]"
2019-06-28 11:14:00,IMBALANCE,"[174, 187]"
2019-06-28 11:14:00,HOLDINGS_UPDATED,"{'CASH': 13940531, 'JPM': -42}"
2019-06-28 11:15:00,BID_DEPTH,"[(98994, 174)]"
2019-06-28 11:15:00,ASK_DEPTH,"[(99204, 187)]"
2019-06-28 11:15:00,IMBALANCE,"[174, 187]"
2019-06-28 11:15:00,HOLDINGS_UPDATED,"{'CASH': 14633489, 'JPM': -49}"
2019-06-28 11:16:00,BID_DEPTH,"[(98994, 305)]"
2019-06-28 11:16:00,ASK_DEPTH,"[(99381, 318)]"
2019-06-28 11:16:00,IMBALANCE,"[305, 318]"
2019-06-28 11:16:00,HOLDINGS_UPDATED,"{'CASH': 15326447, 'JPM': -56}"
2019-06-28 11:17:00,BID_DEPTH,"[(98825, 196)]"
2019-06-28 11:17:00,ASK_DEPTH,"[(99459, 209)]"
2019-06-28 11:17:00,IMBALANCE,"[196, 209]"
2019-06-28 11:17:00,HOLDINGS_UPDATED,"{'CASH': 16018222, 'JPM': -63}"
2019-06-28 11:18:00,BID_DEPTH,"[(98816, 274)]"
2019-06-28 11:18:00,ASK_DEPTH,"[(99381, 187)]"
2019-06-28 11:18:00,IMBALANCE,"[274, 187]"
2019-06-28 11:18:00,HOLDINGS_UPDATED,"{'CASH': 16709934, 'JPM': -70}"
2019-06-28 11:19:00,BID_DEPTH,"[(98816, 497)]"
2019-06-28 11:19:00,ASK_DEPTH,"[(99459, 536)]"
2019-06-28 11:19:00,IMBALANCE,"[497, 536]"
2019-06-28 11:19:00,HOLDINGS_UPDATED,"{'CASH': 17401646, 'JPM': -77}"
2019-06-28 11:20:00,BID_DEPTH,"[(98794, 174)]"
2019-06-28 11:20:00,ASK_DEPTH,"[(99459, 187)]"
2019-06-28 11:20:00,IMBALANCE,"[174, 187]"
2019-06-28 11:20:00,HOLDINGS_UPDATED,"{'CASH': 18093204, 'JPM': -84}"
2019-06-28 11:21:00,BID_DEPTH,"[(98730, 523)]"
2019-06-28 11:21:00,ASK_DEPTH,"[(99598, 536)]"
2019-06-28 11:21:00,IMBALANCE,"[523, 536]"
2019-06-28 11:21:00,HOLDINGS_UPDATED,"{'CASH': 18784314, 'JPM': -91}"
2019-06-28 11:22:00,BID_DEPTH,"[(99631, 523)]"
2019-06-28 11:22:00,ASK_DEPTH,"[(99684, 536)]"
2019-06-28 11:22:00,IMBALANCE,"[523, 536]"
2019-06-28 11:22:00,HOLDINGS_UPDATED,"{'CASH': 19481731, 'JPM': -98}"
2019-06-28 11:23:00,BID_DEPTH,"[(98414, 235)]"
2019-06-28 11:23:00,ASK_DEPTH,"[(99888, 248)]"
2019-06-28 11:23:00,IMBALANCE,"[235, 248]"
2019-06-28 11:23:00,HOLDINGS_UPDATED,"{'CASH': 20170629, 'JPM': -105}"
2019-06-28 11:24:00,BID_DEPTH,"[(98415, 196)]"
2019-06-28 11:24:00,ASK_DEPTH,"[(99919, 209)]"
2019-06-28 11:24:00,IMBALANCE,"[196, 209]"
2019-06-28 11:24:00,HOLDINGS_UPDATED,"{'CASH': 20859534, 'JPM': -112}"
2019-06-28 11:25:00,BID_DEPTH,"[(99935, 174)]"
2019-06-28 11:25:00,ASK_DEPTH,"[(100093, 187)]"
2019-06-28 11:25:00,IMBALANCE,"[174, 187]"
2019-06-28 11:25:00,HOLDINGS_UPDATED,"{'CASH': 21559079, 'JPM': -119}"
2019-06-28 11:26:00,BID_DEPTH,"[(99746, 174)]"
2019-06-28 11:26:00,ASK_DEPTH,"[(99793, 187)]"
2019-06-28 11:26:00,IMBALANCE,"[174, 187]"
2019-06-28 11:26:00,HOLDINGS_UPDATED,"{'CASH': 22257301, 'JPM': -126}"
2019-06-28 11:27:00,BID_DEPTH,"[(99793, 636)]"
2019-06-28 11:27:00,ASK_DEPTH,"[(100133, 523)]"
2019-06-28 11:27:00,IMBALANCE,"[636, 523]"
2019-06-28 11:27:00,HOLDINGS_UPDATED,"{'CASH': 21556370, 'JPM': -119}"
2019-06-28 11:28:00,BID_DEPTH,"[(100133, 248)]"
2019-06-28 11:28:00,ASK_DEPTH,"[(100154, 235)]"
2019-06-28 11:28:00,IMBALANCE,"[248, 235]"
2019-06-28 11:28:00,HOLDINGS_UPDATED,"{'CASH': 20855292, 'JPM': -112}"
2019-06-28 11:29:00,BID_DEPTH,"[(100133, 318)]"
2019-06-28 11:29:00,ASK_DEPTH,"[(100154, 211)]"
2019-06-28 11:29:00,IMBALANCE,"[318, 211]"
2019-06-28 11:29:00,HOLDINGS_UPDATED,"{'CASH': 20154214, 'JPM': -105}"
2019-06-28 11:30:00,BID_DEPTH,"[(100133, 536)]"
2019-06-28 11:30:00,ASK_DEPTH,"[(100191, 523)]"
2019-06-28 11:30:00,IMBALANCE,"[536, 523]"
2019-06-28 11:30:00,HOLDINGS_UPDATED,"{'CASH': 19452877, 'JPM': -98}"
2019-06-28 11:31:00,BID_DEPTH,"[(100191, 536)]"
2019-06-28 11:31:00,ASK_DEPTH,"[(100265, 523)]"
2019-06-28 11:31:00,IMBALANCE,"[536, 523]"
2019-06-28 11:31:00,HOLDINGS_UPDATED,"{'CASH': 18751022, 'JPM': -91}"
2019-06-28 11:32:00,BID_DEPTH,"[(100265, 318)]"
2019-06-28 11:32:00,ASK_DEPTH,"[(100370, 305)]"
2019-06-28 11:32:00,IMBALANCE,"[318, 305]"
2019-06-28 11:32:00,HOLDINGS_UPDATED,"{'CASH': 18048432, 'JPM': -84}"
2019-06-28 11:33:00,BID_DEPTH,"[(100265, 318)]"
2019-06-28 11:33:00,ASK_DEPTH,"[(100346, 305)]"
2019-06-28 11:33:00,IMBALANCE,"[318, 305]"
2019-06-28 11:33:00,HOLDINGS_UPDATED,"{'CASH': 17346010, 'JPM': -77}"
2019-06-28 11:34:00,BID_DEPTH,"[(100265, 209)]"
2019-06-28 11:34:00,ASK_DEPTH,"[(100379, 196)]"
2019-06-28 11:34:00,IMBALANCE,"[209, 196]"
2019-06-28 11:34:00,HOLDINGS_UPDATED,"{'CASH': 16643357, 'JPM': -70}"
2019-06-28 11:35:00,BID_DEPTH,"[(100191, 318)]"
2019-06-28 11:35:00,ASK_DEPTH,"[(100379, 211)]"
2019-06-28 11:35:00,IMBALANCE,"[318, 211]"
2019-06-28 11:35:00,HOLDINGS_UPDATED,"{'CASH': 15940704, 'JPM': -63}"
2019-06-28 11:36:00,BID_DEPTH,"[(100133, 536)]"
2019-06-28 11:36:00,ASK_DEPTH,"[(100379, 629)]"
2019-06-28 11:36:00,IMBALANCE,"[536, 629]"
2019-06-28 11:36:00,HOLDINGS_UPDATED,"{'CASH': 15238051, 'JPM': -56}"
2019-06-28 11:37:00,BID_DEPTH,"[(100119, 536)]"
2019-06-28 11:37:00,ASK_DEPTH,"[(100379, 709)]"
2019-06-28 11:37:00,IMBALANCE,"[536, 709]"
2019-06-28 11:37:00,HOLDINGS_UPDATED,"{'CASH': 14535398, 'JPM': -49}"
2019-06-28 11:38:00,BID_DEPTH,"[(100110, 318)]"
2019-06-28 11:38:00,ASK_DEPTH,"[(100378, 305)]"
2019-06-28 11:38:00,IMBALANCE,"[318, 305]"
2019-06-28 11:38:00,HOLDINGS_UPDATED,"{'CASH': 13832752, 'JPM': -42}"
2019-06-28 11:39:00,BID_DEPTH,"[(100104, 187)]"
2019-06-28 11:39:00,ASK_DEPTH,"[(100378, 80)]"
2019-06-28 11:39:00,IMBALANCE,"[187, 80]"
2019-06-28 11:39:00,HOLDINGS_UPDATED,"{'CASH': 13130106, 'JPM': -35}"
2019-06-28 11:40:00,BID_DEPTH,"[(100104, 209)]"
2019-06-28 11:40:00,ASK_DEPTH,"[(100379, 277)]"
2019-06-28 11:40:00,IMBALANCE,"[209, 277]"
2019-06-28 11:40:00,HOLDINGS_UPDATED,"{'CASH': 12427453, 'JPM': -28}"
2019-06-28 11:41:00,BID_DEPTH,"[(100104, 318)]"
2019-06-28 11:41:00,ASK_DEPTH,"[(100276, 305)]"
2019-06-28 11:41:00,IMBALANCE,"[318, 305]"
2019-06-28 11:41:00,HOLDINGS_UPDATED,"{'CASH': 11725521, 'JPM': -21}"
2019-06-28 11:42:00,BID_DEPTH,"[(100019, 187)]"
2019-06-28 11:42:00,ASK_DEPTH,"[(100379, 129)]"
2019-06-28 11:42:00,IMBALANCE,"[187, 129]"
2019-06-28 11:42:00,HOLDINGS_UPDATED,"{'CASH': 11022868, 'JPM': -14}"
2019-06-28 11:43:00,BID_DEPTH,"[(99856, 318)]"
2019-06-28 11:43:00,ASK_DEPTH,"[(100019, 305)]"
2019-06-28 11:43:00,IMBALANCE,"[318, 305]"
2019-06-28 11:43:00,HOLDINGS_UPDATED,"{'CASH': 10322735, 'JPM': -7}"
2019-06-28 11:44:00,BID_DEPTH,"[(100047, 536)]"
2019-06-28 11:44:00,ASK_DEPTH,"[(100097, 523)]"
2019-06-28 11:44:00,IMBALANCE,"[536, 523]"
2019-06-28 11:44:00,HOLDINGS_UPDATED,{'CASH': 9622056}
2019-06-28 11:45:00,BID_DEPTH,"[(100019, 318)]"
2019-06-28 11:45:00,ASK_DEPTH,"[(100097, 305)]"
2019-06-28 11:45:00,IMBALANCE,"[318, 305]"
2019-06-28 11:45:00,HOLDINGS_UPDATED,"{'CASH': 8921377, 'JPM': 7}"
2019-06-28 11:46:00,BID_DEPTH,"[(99856, 536)]"
2019-06-28 11:46:00,ASK_DEPTH,"[(100009, 523)]"
2019-06-28 11:46:00,IMBALANCE,"[536, 523]"
2019-06-28 11:46:00,HOLDINGS_UPDATED,"{'CASH': 8221314, 'JPM': 14}"
2019-06-28 11:47:00,BID_DEPTH,"[(99856, 248)]"
2019-06-28 11:47:00,ASK_DEPTH,"[(99919, 235)]"
2019-06-28 11:47:00,IMBALANCE,"[248, 235]"
2019-06-28 11:47:00,HOLDINGS_UPDATED,"{'CASH': 7521881, 'JPM': 21}"
2019-06-28 11:48:00,BID_DEPTH,"[(100136, 248)]"
2019-06-28 11:48:00,ASK_DEPTH,"[(100442, 235)]"
2019-06-28 11:48:00,IMBALANCE,"[248, 235]"
2019-06-28 11:48:00,HOLDINGS_UPDATED,"{'CASH': 6818787, 'JPM': 28}"
2019-06-28 11:49:00,BID_DEPTH,"[(100444, 318)]"
2019-06-28 11:49:00,ASK_DEPTH,"[(100479, 305)]"
2019-06-28 11:49:00,IMBALANCE,"[318, 305]"
2019-06-28 11:49:00,HOLDINGS_UPDATED,"{'CASH': 6115434, 'JPM': 35}"
2019-06-28 11:50:00,BID_DEPTH,"[(100136, 248)]"
2019-06-28 11:50:00,ASK_DEPTH,"[(100371, 235)]"
2019-06-28 11:50:00,IMBALANCE,"[248, 235]"
2019-06-28 11:50:00,HOLDINGS_UPDATED,"{'CASH': 5412837, 'JPM': 42}"
2019-06-28 11:51:00,BID_DEPTH,"[(100136, 187)]"
2019-06-28 11:51:00,ASK_DEPTH,"[(100461, 174)]"
2019-06-28 11:51:00,IMBALANCE,"[187, 174]"
2019-06-28 11:51:00,HOLDINGS_UPDATED,"{'CASH': 4709610, 'JPM': 49}"
2019-06-28 11:52:00,BID_DEPTH,"[(100136, 536)]"
2019-06-28 11:52:00,ASK_DEPTH,"[(100461, 523)]"
2019-06-28 11:52:00,IMBALANCE,"[536, 523]"
2019-06-28 11:52:00,HOLDINGS_UPDATED,"{'CASH': 4006383, 'JPM': 56}"
2019-06-28 11:53:00,BID_DEPTH,"[(99808, 209)]"
2019-06-28 11:53:00,ASK_DEPTH,"[(100461, 196)]"
2019-06-28 11:53:00,IMBALANCE,"[209, 196]"
2019-06-28 11:53:00,HOLDINGS_UPDATED,"{'CASH': 3303156, 'JPM': 63}"
2019-06-28 11:54:00,BID_DEPTH,"[(100240, 209)]"
2019-06-28 11:54:00,ASK_DEPTH,"[(100478, 196)]"
2019-06-28 11:54:00,IMBALANCE,"[209, 196]"
2019-06-28 11:54:00,HOLDINGS_UPDATED,"{'CASH': 2599810, 'JPM': 70}"
2019-06-28 11:55:00,BID_DEPTH,"[(99770, 187)]"
2019-06-28 11:55:00,ASK_DEPTH,"[(100240, 174)]"
2019-06-28 11:55:00,IMBALANCE,"[187, 174]"
2019-06-28 11:55:00,HOLDINGS_UPDATED,"{'CASH': 1898130, 'JPM': 77}"
2019-06-28 11:56:00,BID_DEPTH,"[(100145, 318)]"
2019-06-28 11:56:00,ASK_DEPTH,"[(100478, 305)]"
2019-06-28 11:56:00,IMBALANCE,"[318, 305]"
2019-06-28 11:56:00,HOLDINGS_UPDATED,"{'CASH': 1194784, 'JPM': 84}"
2019-06-28 11:57:00,BID_DEPTH,"[(100145, 318)]"
2019-06-28 11:57:00,ASK_DEPTH,"[(100514, 305)]"
2019-06-28 11:57:00,IMBALANCE,"[318, 305]"
2019-06-28 11:57:00,HOLDINGS_UPDATED,"{'CASH': 491186, 'JPM': 91}"
2019-06-28 11:58:00,BID_DEPTH,"[(100145, 318)]"
2019-06-28 11:58:00,ASK_DEPTH,"[(100554, 305)]"
2019-06-28 11:58:00,IMBALANCE,"[318, 305]"
2019-06-28 11:58:00,HOLDINGS_UPDATED,"{'CASH': -212692, 'JPM': 98}"
2019-06-28 11:59:00,BID_DEPTH,"[(100145, 536)]"
2019-06-28 11:59:00,ASK_DEPTH,"[(100623, 523)]"
2019-06-28 11:59:00,IMBALANCE,"[536, 523]"
2019-06-28 11:59:00,HOLDINGS_UPDATED,"{'CASH': -917053, 'JPM': 105}"
2019-06-28 12:00:00,BID_DEPTH,"[(101140, 536)]"
2019-06-28 12:00:00,ASK_DEPTH,"[(101198, 523)]"
2019-06-28 12:00:00,IMBALANCE,"[536, 523]"
2019-06-28 12:00:00,HOLDINGS_UPDATED,"{'CASH': -1625439, 'JPM': 112}"
2019-06-28 12:01:00,BID_DEPTH,"[(101195, 318)]"
2019-06-28 12:01:00,ASK_DEPTH,"[(101269, 305)]"
2019-06-28 12:01:00,IMBALANCE,"[318, 305]"
2019-06-28 12:01:00,HOLDINGS_UPDATED,"{'CASH': -2334322, 'JPM': 119}"
2019-06-28 12:02:00,BID_DEPTH,"[(101140, 187)]"
2019-06-28 12:02:00,ASK_DEPTH,"[(101234, 174)]"
2019-06-28 12:02:00,IMBALANCE,"[187, 174]"
2019-06-28 12:02:00,HOLDINGS_UPDATED,"{'CASH': -3042960, 'JPM': 126}"
2019-06-28 12:03:00,BID_DEPTH,"[(100889, 187)]"
2019-06-28 12:03:00,ASK_DEPTH,"[(101233, 174)]"
2019-06-28 12:03:00,IMBALANCE,"[187, 174]"
2019-06-28 12:03:00,HOLDINGS_UPDATED,"{'CASH': -3751591, 'JPM': 133}"
2019-06-28 12:04:00,BID_DEPTH,"[(101041, 248)]"
2019-06-28 12:04:00,ASK_DEPTH,"[(101149, 235)]"
2019-06-28 12:04:00,IMBALANCE,"[248, 235]"
2019-06-28 12:04:00,HOLDINGS_UPDATED,"{'CASH': -4459634, 'JPM': 140}"
2019-06-28 12:05:00,BID_DEPTH,"[(101041, 187)]"
2019-06-28 12:05:00,ASK_DEPTH,"[(101115, 174)]"
2019-06-28 12:05:00,IMBALANCE,"[187, 174]"
2019-06-28 12:05:00,HOLDINGS_UPDATED,"{'CASH': -5167439, 'JPM': 147}"
2019-06-28 12:06:00,BID_DEPTH,"[(101041, 248)]"
2019-06-28 12:06:00,ASK_DEPTH,"[(101149, 141)]"
2019-06-28 12:06:00,IMBALANCE,"[248, 141]"
2019-06-28 12:06:00,HOLDINGS_UPDATED,"{'CASH': -5875482, 'JPM': 154}"
2019-06-28 12:07:00,BID_DEPTH,"[(101149, 264)]"
2019-06-28 12:07:00,ASK_DEPTH,"[(101199, 305)]"
2019-06-28 12:07:00,IMBALANCE,"[264, 305]"
2019-06-28 12:07:00,HOLDINGS_UPDATED,"{'CASH': -6583875, 'JPM': 161}"
2019-06-28 12:08:00,BID_DEPTH,"[(101041, 318)]"
2019-06-28 12:08:00,ASK_DEPTH,"[(101199, 211)]"
2019-06-28 12:08:00,IMBALANCE,"[318, 211]"
2019-06-28 12:08:00,HOLDINGS_UPDATED,"{'CASH': -7292268, 'JPM': 168}"
2019-06-28 12:09:00,BID_DEPTH,"[(101011, 209)]"
2019-06-28 12:09:00,ASK_DEPTH,"[(101199, 202)]"
2019-06-28 12:09:00,IMBALANCE,"[209, 202]"
2019-06-28 12:09:00,HOLDINGS_UPDATED,"{'CASH': -8000661, 'JPM': 175}"
2019-06-28 12:10:00,BID_DEPTH,"[(101011, 248)]"
2019-06-28 12:10:00,ASK_DEPTH,"[(101233, 141)]"
2019-06-28 12:10:00,IMBALANCE,"[248, 141]"
2019-06-28 12:10:00,HOLDINGS_UPDATED,"{'CASH': -8709292, 'JPM': 182}"
2019-06-28 12:11:00,BID_DEPTH,"[(100889, 248)]"
2019-06-28 12:11:00,ASK_DEPTH,"[(101082, 235)]"
2019-06-28 12:11:00,IMBALANCE,"[248, 235]"
2019-06-28 12:11:00,HOLDINGS_UPDATED,"{'CASH': -9416866, 'JPM': 189}"
2019-06-28 12:12:00,BID_DEPTH,"[(100793, 248)]"
2019-06-28 12:12:00,ASK_DEPTH,"[(101082, 235)]"
2019-06-28 12:12:00,IMBALANCE,"[248, 235]"
2019-06-28 12:12:00,HOLDINGS_UPDATED,"{'CASH': -10124440, 'JPM': 196}"
2019-06-28 12:13:00,BID_DEPTH,"[(100264, 187)]"
2019-06-28 12:13:00,ASK_DEPTH,"[(101081, 174)]"
2019-06-28 12:13:00,IMBALANCE,"[187, 174]"
2019-06-28 12:13:00,HOLDINGS_UPDATED,"{'CASH': -10832007, 'JPM': 203}"
2019-06-28 12:14:00,BID_DEPTH,"[(100264, 318)]"
2019-06-28 12:14:00,ASK_DEPTH,"[(100481, 305)]"
2019-06-28 12:14:00,IMBALANCE,"[318, 305]"
2019-06-28 12:14:00,HOLDINGS_UPDATED,"{'CASH': -11535374, 'JPM': 210}"
2019-06-28 12:15:00,BID_DEPTH,"[(100517, 209)]"
2019-06-28 12:15:00,ASK_DEPTH,"[(100710, 196)]"
2019-06-28 12:15:00,IMBALANCE,"[209, 196]"
2019-06-28 12:15:00,HOLDINGS_UPDATED,"{'CASH': -12240344, 'JPM': 217}"
2019-06-28 12:16:00,BID_DEPTH,"[(100517, 209)]"
2019-06-28 12:16:00,ASK_DEPTH,"[(100710, 196)]"
2019-06-28 12:16:00,IMBALANCE,"[209, 196]"
2019-06-28 12:16:00,HOLDINGS_UPDATED,"{'CASH': -12945314, 'JPM': 224}"
2019-06-28 12:17:00,BID_DEPTH,"[(100264, 209)]"
2019-06-28 12:17:00,ASK_DEPTH,"[(100714, 196)]"
2019-06-28 12:17:00,IMBALANCE,"[209, 196]"
2019-06-28 12:17:00,HOLDINGS_UPDATED,"{'CASH': -13650312, 'JPM': 231}"
2019-06-28 12:18:00,BID_DEPTH,"[(100264, 536)]"
2019-06-28 12:18:00,ASK_DEPTH,"[(100745, 523)]"
2019-06-28 12:18:00,IMBALANCE,"[536, 523]"
2019-06-28 12:18:00,HOLDINGS_UPDATED,"{'CASH': -14355527, 'JPM': 238}"
2019-06-28 12:19:00,BID_DEPTH,"[(99770, 209)]"
2019-06-28 12:19:00,ASK_DEPTH,"[(99959, 196)]"
2019-06-28 12:19:00,IMBALANCE,"[209, 196]"
2019-06-28 12:19:00,HOLDINGS_UPDATED,"{'CASH': -15055240, 'JPM': 245}"
2019-06-28 12:20:00,BID_DEPTH,"[(100339, 187)]"
2019-06-28 12:20:00,ASK_DEPTH,"[(100588, 174)]"
2019-06-28 12:20:00,IMBALANCE,"[187, 174]"
2019-06-28 12:20:00,HOLDINGS_UPDATED,"{'CASH': -15759356, 'JPM': 252}"
2019-06-28 12:21:00,BID_DEPTH,"[(99899, 536)]"
2019-06-28 12:21:00,ASK_DEPTH,"[(100167, 523)]"
2019-06-28 12:21:00,IMBALANCE,"[536, 523]"
2019-06-28 12:21:00,HOLDINGS_UPDATED,"{'CASH': -16460525, 'JPM': 259}"
2019-06-28 12:22:00,BID_DEPTH,"[(99973, 209)]"
2019-06-28 12:22:00,ASK_DEPTH,"[(100012, 196)]"
2019-06-28 12:22:00,IMBALANCE,"[209, 196]"
2019-06-28 12:22:00,HOLDINGS_UPDATED,"{'CASH': -17160609, 'JPM': 266}"
2019-06-28 12:23:00,BID_DEPTH,"[(99770, 187)]"
2019-06-28 12:23:00,ASK_DEPTH,"[(99925, 174)]"
2019-06-28 12:23:00,IMBALANCE,"[187, 174]"
2019-06-28 12:23:00,HOLDINGS_UPDATED,"{'CASH': -17860084, 'JPM': 273}"
2019-06-28 12:24:00,BID_DEPTH,"[(99815, 248)]"
2019-06-28 12:24:00,ASK_DEPTH,"[(100162, 235)]"
2019-06-28 12:24:00,IMBALANCE,"[248, 235]"
2019-06-28 12:24:00,HOLDINGS_UPDATED,"{'CASH': -18561218, 'JPM': 280}"
2019-06-28 12:25:00,BID_DEPTH,"[(99770, 248)]"
2019-06-28 12:25:00,ASK_DEPTH,"[(101082, 235)]"
2019-06-28 12:25:00,IMBALANCE,"[248, 235]"
2019-06-28 12:25:00,HOLDINGS_UPDATED,"{'CASH': -19268792, 'JPM': 287}"
2019-06-28 12:26:00,BID_DEPTH,"[(99770, 536)]"
2019-06-28 12:26:00,ASK_DEPTH,"[(99812, 523)]"
2019-06-28 12:26:00,IMBALANCE,"[536, 523]"
2019-06-28 12:26:00,HOLDINGS_UPDATED,"{'CASH': -19967476, 'JPM': 294}"
2019-06-28 12:27:00,BID_DEPTH,"[(99702, 196)]"
2019-06-28 12:27:00,ASK_DEPTH,"[(99770, 209)]"
2019-06-28 12:27:00,IMBALANCE,"[196, 209]"
2019-06-28 12:27:00,HOLDINGS_UPDATED,"{'CASH': -19269562, 'JPM': 287}"
2019-06-28 12:28:00,BID_DEPTH,"[(99702, 141)]"
2019-06-28 12:28:00,ASK_DEPTH,"[(99770, 248)]"
2019-06-28 12:28:00,IMBALANCE,"[141, 248]"
2019-06-28 12:28:00,HOLDINGS_UPDATED,"{'CASH': -18571648, 'JPM': 280}"
2019-06-28 12:29:00,BID_DEPTH,"[(99696, 196)]"
2019-06-28 12:29:00,ASK_DEPTH,"[(99729, 209)]"
2019-06-28 12:29:00,IMBALANCE,"[196, 209]"
2019-06-28 12:29:00,HOLDINGS_UPDATED,"{'CASH': -17873776, 'JPM': 273}"
2019-06-28 12:30:00,BID_DEPTH,"[(99696, 141)]"
2019-06-28 12:30:00,ASK_DEPTH,"[(99729, 248)]"
2019-06-28 12:30:00,IMBALANCE,"[141, 248]"
2019-06-28 12:30:00,HOLDINGS_UPDATED,"{'CASH': -17175904, 'JPM': 266}"
2019-06-28 12:31:00,BID_DEPTH,"[(99692, 196)]"
2019-06-28 12:31:00,ASK_DEPTH,"[(99767, 209)]"
2019-06-28 12:31:00,IMBALANCE,"[196, 209]"
2019-06-28 12:31:00,HOLDINGS_UPDATED,"{'CASH': -16478060, 'JPM': 259}"
2019-06-28 12:32:00,BID_DEPTH,"[(99699, 235)]"
2019-06-28 12:32:00,ASK_DEPTH,"[(99941, 248)]"
2019-06-28 12:32:00,IMBALANCE,"[235, 248]"
2019-06-28 12:32:00,HOLDINGS_UPDATED,"{'CASH': -15780167, 'JPM': 252}"
2019-06-28 12:33:00,BID_DEPTH,"[(99672, 235)]"
2019-06-28 12:33:00,ASK_DEPTH,"[(99945, 248)]"
2019-06-28 12:33:00,IMBALANCE,"[235, 248]"
2019-06-28 12:33:00,HOLDINGS_UPDATED,"{'CASH': -15082463, 'JPM': 245}"
2019-06-28 12:34:00,BID_DEPTH,"[(99632, 235)]"
2019-06-28 12:34:00,ASK_DEPTH,"[(99972, 248)]"
2019-06-28 12:34:00,IMBALANCE,"[235, 248]"
2019-06-28 12:34:00,HOLDINGS_UPDATED,"{'CASH': -14385039, 'JPM': 238}"
2019-06-28 12:35:00,BID_DEPTH,"[(99508, 196)]"
2019-06-28 12:35:00,ASK_DEPTH,"[(99972, 209)]"
2019-06-28 12:35:00,IMBALANCE,"[196, 209]"
2019-06-28 12:35:00,HOLDINGS_UPDATED,"{'CASH': -13688483, 'JPM': 231}"
2019-06-28 12:36:00,BID_DEPTH,"[(99459, 305)]"
2019-06-28 12:36:00,ASK_DEPTH,"[(99972, 318)]"
2019-06-28 12:36:00,IMBALANCE,"[305, 318]"
2019-06-28 12:36:00,HOLDINGS_UPDATED,"{'CASH': -12992270, 'JPM': 224}"
2019-06-28 12:37:00,BID_DEPTH,"[(99425, 305)]"
2019-06-28 12:37:00,ASK_DEPTH,"[(99972, 318)]"
2019-06-28 12:37:00,IMBALANCE,"[305, 318]"
2019-06-28 12:37:00,HOLDINGS_UPDATED,"{'CASH': -12296295, 'JPM': 217}"
2019-06-28 12:38:00,BID_DEPTH,"[(99255, 523)]"
2019-06-28 12:38:00,ASK_DEPTH,"[(99972, 536)]"
2019-06-28 12:38:00,IMBALANCE,"[523, 536]"
2019-06-28 12:38:00,HOLDINGS_UPDATED,"{'CASH': -11601510, 'JPM': 210}"
2019-06-28 12:39:00,BID_DEPTH,"[(98888, 174)]"
2019-06-28 12:39:00,ASK_DEPTH,"[(98951, 187)]"
2019-06-28 12:39:00,IMBALANCE,"[174, 187]"
2019-06-28 12:39:00,HOLDINGS_UPDATED,"{'CASH': -10909294, 'JPM': 203}"
2019-06-28 12:40:00,BID_DEPTH,"[(98470, 196)]"
2019-06-28 12:40:00,ASK_DEPTH,"[(98888, 394)]"
2019-06-28 12:40:00,IMBALANCE,"[196, 394]"
2019-06-28 12:40:00,HOLDINGS_UPDATED,"{'CASH': -10220004, 'JPM': 196}"
2019-06-28 12:41:00,BID_DEPTH,"[(98470, 302)]"
2019-06-28 12:41:00,ASK_DEPTH,"[(98612, 209)]"
2019-06-28 12:41:00,IMBALANCE,"[302, 209]"
2019-06-28 12:41:00,HOLDINGS_UPDATED,"{'CASH': -9530714, 'JPM': 189}"
2019-06-28 12:42:00,BID_DEPTH,"[(98612, 235)]"
2019-06-28 12:42:00,ASK_DEPTH,"[(98866, 248)]"
2019-06-28 12:42:00,IMBALANCE,"[235, 248]"
2019-06-28 12:42:00,HOLDINGS_UPDATED,"{'CASH': -8840430, 'JPM': 182}"
2019-06-28 12:43:00,BID_DEPTH,"[(98594, 174)]"
2019-06-28 12:43:00,ASK_DEPTH,"[(98612, 187)]"
2019-06-28 12:43:00,IMBALANCE,"[174, 187]"
2019-06-28 12:43:00,HOLDINGS_UPDATED,"{'CASH': -8150272, 'JPM': 175}"
2019-06-28 12:44:00,BID_DEPTH,"[(98572, 235)]"
2019-06-28 12:44:00,ASK_DEPTH,"[(98612, 248)]"
2019-06-28 12:44:00,IMBALANCE,"[235, 248]"
2019-06-28 12:44:00,HOLDINGS_UPDATED,"{'CASH': -7460268, 'JPM': 168}"
2019-06-28 12:45:00,BID_DEPTH,"[(98573, 235)]"
2019-06-28 12:45:00,ASK_DEPTH,"[(98888, 233)]"
2019-06-28 12:45:00,IMBALANCE,"[235, 233]"
2019-06-28 12:45:00,HOLDINGS_UPDATED,"{'CASH': -6770257, 'JPM': 161}"
2019-06-28 12:46:00,BID_DEPTH,"[(98573, 80)]"
2019-06-28 12:46:00,ASK_DEPTH,"[(98888, 172)]"
2019-06-28 12:46:00,IMBALANCE,"[80, 172]"
2019-06-28 12:46:00,HOLDINGS_UPDATED,"{'CASH': -6080246, 'JPM': 154}"
2019-06-28 12:47:00,BID_DEPTH,"[(98572, 141)]"
2019-06-28 12:47:00,ASK_DEPTH,"[(98888, 233)]"
2019-06-28 12:47:00,IMBALANCE,"[141, 233]"
2019-06-28 12:47:00,HOLDINGS_UPDATED,"{'CASH': -5390242, 'JPM': 147}"
2019-06-28 12:48:00,BID_DEPTH,"[(98885, 196)]"
2019-06-28 12:48:00,ASK_DEPTH,"[(98910, 209)]"
2019-06-28 12:48:00,IMBALANCE,"[196, 209]"
2019-06-28 12:48:00,HOLDINGS_UPDATED,"{'CASH': -4698047, 'JPM': 140}"
2019-06-28 12:49:00,BID_DEPTH,"[(98885, 235)]"
2019-06-28 12:49:00,ASK_DEPTH,"[(98910, 248)]"
2019-06-28 12:49:00,IMBALANCE,"[235, 248]"
2019-06-28 12:49:00,HOLDINGS_UPDATED,"{'CASH': -4005852, 'JPM': 133}"
2019-06-28 12:50:00,BID_DEPTH,"[(98980, 148)]"
2019-06-28 12:50:00,ASK_DEPTH,"[(99027, 248)]"
2019-06-28 12:50:00,IMBALANCE,"[148, 248]"
2019-06-28 12:50:00,HOLDINGS_UPDATED,"{'CASH': -3312992, 'JPM': 126}"
2019-06-28 12:51:00,BID_DEPTH,"[(98980, 274)]"
2019-06-28 12:51:00,ASK_DEPTH,"[(99255, 187)]"
2019-06-28 12:51:00,IMBALANCE,"[274, 187]"
2019-06-28 12:51:00,HOLDINGS_UPDATED,"{'CASH': -2620132, 'JPM': 119}"
2019-06-28 12:52:00,BID_DEPTH,"[(99767, 305)]"
2019-06-28 12:52:00,ASK_DEPTH,"[(99799, 318)]"
2019-06-28 12:52:00,IMBALANCE,"[305, 318]"
2019-06-28 12:52:00,HOLDINGS_UPDATED,"{'CASH': -1921763, 'JPM': 112}"
2019-06-28 12:53:00,BID_DEPTH,"[(99767, 196)]"
2019-06-28 12:53:00,ASK_DEPTH,"[(99799, 209)]"
2019-06-28 12:53:00,IMBALANCE,"[196, 209]"
2019-06-28 12:53:00,HOLDINGS_UPDATED,"{'CASH': -1223394, 'JPM': 105}"
2019-06-28 12:54:00,BID_DEPTH,"[(99641, 523)]"
2019-06-28 12:54:00,ASK_DEPTH,"[(99814, 536)]"
2019-06-28 12:54:00,IMBALANCE,"[523, 536]"
2019-06-28 12:54:00,HOLDINGS_UPDATED,"{'CASH': -525907, 'JPM': 98}"
2019-06-28 12:55:00,BID_DEPTH,"[(99650, 196)]"
2019-06-28 12:55:00,ASK_DEPTH,"[(99814, 209)]"
2019-06-28 12:55:00,IMBALANCE,"[196, 209]"
2019-06-28 12:55:00,HOLDINGS_UPDATED,"{'CASH': 171643, 'JPM': 91}"
2019-06-28 12:56:00,BID_DEPTH,"[(99641, 196)]"
2019-06-28 12:56:00,ASK_DEPTH,"[(99662, 209)]"
2019-06-28 12:56:00,IMBALANCE,"[196, 209]"
2019-06-28 12:56:00,HOLDINGS_UPDATED,"{'CASH': 869130, 'JPM': 84}"
2019-06-28 12:57:00,BID_DEPTH,"[(99641, 305)]"
2019-06-28 12:57:00,ASK_DEPTH,"[(99647, 318)]"
2019-06-28 12:57:00,IMBALANCE,"[305, 318]"
2019-06-28 12:57:00,HOLDINGS_UPDATED,"{'CASH': 1566617, 'JPM': 77}"
2019-06-28 12:58:00,BID_DEPTH,"[(99474, 305)]"
2019-06-28 12:58:00,ASK_DEPTH,"[(99641, 318)]"
2019-06-28 12:58:00,IMBALANCE,"[305, 318]"
2019-06-28 12:58:00,HOLDINGS_UPDATED,"{'CASH': 2262935, 'JPM': 70}"
2019-06-28 12:59:00,BID_DEPTH,"[(99428, 235)]"
2019-06-28 12:59:00,ASK_DEPTH,"[(99641, 248)]"
2019-06-28 12:59:00,IMBALANCE,"[235, 248]"
2019-06-28 12:59:00,HOLDINGS_UPDATED,"{'CASH': 2958931, 'JPM': 63}"
2019-06-28 13:00:00,BID_DEPTH,"[(99428, 235)]"
2019-06-28 13:00:00,ASK_DEPTH,"[(99647, 248)]"
2019-06-28 13:00:00,IMBALANCE,"[235, 248]"
2019-06-28 13:00:00,HOLDINGS_UPDATED,"{'CASH': 3654927, 'JPM': 56}"
2019-06-28 13:01:00,BID_DEPTH,"[(99647, 235)]"
2019-06-28 13:01:00,ASK_DEPTH,"[(99704, 248)]"
2019-06-28 13:01:00,IMBALANCE,"[235, 248]"
2019-06-28 13:01:00,HOLDINGS_UPDATED,"{'CASH': 4352456, 'JPM': 49}"
2019-06-28 13:02:00,BID_DEPTH,"[(99647, 523)]"
2019-06-28 13:02:00,ASK_DEPTH,"[(99969, 536)]"
2019-06-28 13:02:00,IMBALANCE,"[523, 536]"
2019-06-28 13:02:00,HOLDINGS_UPDATED,"{'CASH': 5049985, 'JPM': 42}"
2019-06-28 13:03:00,BID_DEPTH,"[(99647, 235)]"
2019-06-28 13:03:00,ASK_DEPTH,"[(99969, 248)]"
2019-06-28 13:03:00,IMBALANCE,"[235, 248]"
2019-06-28 13:03:00,HOLDINGS_UPDATED,"{'CASH': 5747514, 'JPM': 35}"
2019-06-28 13:04:00,BID_DEPTH,"[(99647, 235)]"
2019-06-28 13:04:00,ASK_DEPTH,"[(99976, 248)]"
2019-06-28 13:04:00,IMBALANCE,"[235, 248]"
2019-06-28 13:04:00,HOLDINGS_UPDATED,"{'CASH': 6445043, 'JPM': 28}"
2019-06-28 13:05:00,BID_DEPTH,"[(98980, 148)]"
2019-06-28 13:05:00,ASK_DEPTH,"[(99983, 187)]"
2019-06-28 13:05:00,IMBALANCE,"[148, 187]"
2019-06-28 13:05:00,HOLDINGS_UPDATED,"{'CASH': 7137903, 'JPM': 21}"
2019-06-28 13:06:00,BID_DEPTH,"[(98573, 235)]"
2019-06-28 13:06:00,ASK_DEPTH,"[(100099, 248)]"
2019-06-28 13:06:00,IMBALANCE,"[235, 248]"
2019-06-28 13:06:00,HOLDINGS_UPDATED,"{'CASH': 7827914, 'JPM': 14}"
2019-06-28 13:07:00,BID_DEPTH,"[(98574, 196)]"
2019-06-28 13:07:00,ASK_DEPTH,"[(100746, 209)]"
2019-06-28 13:07:00,IMBALANCE,"[196, 209]"
2019-06-28 13:07:00,HOLDINGS_UPDATED,"{'CASH': 8517932, 'JPM': 7}"
2019-06-28 13:08:00,BID_DEPTH,"[(100192, 536)]"
2019-06-28 13:08:00,ASK_DEPTH,"[(100746, 523)]"
2019-06-28 13:08:00,IMBALANCE,"[536, 523]"
2019-06-28 13:08:00,HOLDINGS_UPDATED,"{'CASH': 7812710, 'JPM': 14}"
2019-06-28 13:09:00,BID_DEPTH,"[(100192, 318)]"
2019-06-28 13:09:00,ASK_DEPTH,"[(100281, 305)]"
2019-06-28 13:09:00,IMBALANCE,"[318, 305]"
2019-06-28 13:09:00,HOLDINGS_UPDATED,"{'CASH': 7110743, 'JPM': 21}"
2019-06-28 13:10:00,BID_DEPTH,"[(100192, 318)]"
2019-06-28 13:10:00,ASK_DEPTH,"[(100746, 311)]"
2019-06-28 13:10:00,IMBALANCE,"[318, 311]"
2019-06-28 13:10:00,HOLDINGS_UPDATED,"{'CASH': 6405521, 'JPM': 28}"
2019-06-28 13:11:00,BID_DEPTH,"[(100490, 209)]"
2019-06-28 13:11:00,ASK_DEPTH,"[(100636, 196)]"
2019-06-28 13:11:00,IMBALANCE,"[209, 196]"
2019-06-28 13:11:00,HOLDINGS_UPDATED,"{'CASH': 5701069, 'JPM': 35}"
2019-06-28 13:12:00,BID_DEPTH,"[(100490, 187)]"
2019-06-28 13:12:00,ASK_DEPTH,"[(100746, 80)]"
2019-06-28 13:12:00,IMBALANCE,"[187, 80]"
2019-06-28 13:12:00,HOLDINGS_UPDATED,"{'CASH': 4995847, 'JPM': 42}"
2019-06-28 13:13:00,BID_DEPTH,"[(100746, 111)]"
2019-06-28 13:13:00,ASK_DEPTH,"[(100756, 102)]"
2019-06-28 13:13:00,IMBALANCE,"[111, 102]"
2019-06-28 13:13:00,HOLDINGS_UPDATED,"{'CASH': 4290555, 'JPM': 49}"
2019-06-28 13:14:00,BID_DEPTH,"[(100856, 187)]"
2019-06-28 13:14:00,ASK_DEPTH,"[(101046, 174)]"
2019-06-28 13:14:00,IMBALANCE,"[187, 174]"
2019-06-28 13:14:00,HOLDINGS_UPDATED,"{'CASH': 3583233, 'JPM': 56}"
2019-06-28 13:15:00,BID_DEPTH,"[(100856, 536)]"
2019-06-28 13:15:00,ASK_DEPTH,"[(101045, 523)]"
2019-06-28 13:15:00,IMBALANCE,"[536, 523]"
2019-06-28 13:15:00,HOLDINGS_UPDATED,"{'CASH': 2875918, 'JPM': 63}"
2019-06-28 13:16:00,BID_DEPTH,"[(100756, 90)]"
2019-06-28 13:16:00,ASK_DEPTH,"[(100881, 174)]"
2019-06-28 13:16:00,IMBALANCE,"[90, 174]"
2019-06-28 13:16:00,HOLDINGS_UPDATED,"{'CASH': 2169751, 'JPM': 70}"
2019-06-28 13:17:00,BID_DEPTH,"[(100746, 111)]"
2019-06-28 13:17:00,ASK_DEPTH,"[(100756, 106)]"
2019-06-28 13:17:00,IMBALANCE,"[111, 106]"
2019-06-28 13:17:00,HOLDINGS_UPDATED,"{'CASH': 1464459, 'JPM': 77}"
2019-06-28 13:18:00,BID_DEPTH,"[(100756, 149)]"
2019-06-28 13:18:00,ASK_DEPTH,"[(101045, 241)]"
2019-06-28 13:18:00,IMBALANCE,"[149, 241]"
2019-06-28 13:18:00,HOLDINGS_UPDATED,"{'CASH': 757144, 'JPM': 84}"
2019-06-28 13:19:00,BID_DEPTH,"[(100756, 437)]"
2019-06-28 13:19:00,ASK_DEPTH,"[(100773, 523)]"
2019-06-28 13:19:00,IMBALANCE,"[437, 523]"
2019-06-28 13:19:00,HOLDINGS_UPDATED,"{'CASH': 51733, 'JPM': 91}"
2019-06-28 13:20:00,BID_DEPTH,"[(100756, 88)]"
2019-06-28 13:20:00,ASK_DEPTH,"[(100773, 174)]"
2019-06-28 13:20:00,IMBALANCE,"[88, 174]"
2019-06-28 13:20:00,HOLDINGS_UPDATED,"{'CASH': -653678, 'JPM': 98}"
2019-06-28 13:21:00,BID_DEPTH,"[(100746, 111)]"
2019-06-28 13:21:00,ASK_DEPTH,"[(101036, 196)]"
2019-06-28 13:21:00,IMBALANCE,"[111, 196]"
2019-06-28 13:21:00,HOLDINGS_UPDATED,"{'CASH': -1360930, 'JPM': 105}"
2019-06-28 13:22:00,BID_DEPTH,"[(101036, 98)]"
2019-06-28 13:22:00,ASK_DEPTH,"[(101046, 80)]"
2019-06-28 13:22:00,IMBALANCE,"[98, 80]"
2019-06-28 13:22:00,HOLDINGS_UPDATED,"{'CASH': -2068252, 'JPM': 112}"
2019-06-28 13:23:00,BID_DEPTH,"[(101046, 438)]"
2019-06-28 13:23:00,ASK_DEPTH,"[(101086, 429)]"
2019-06-28 13:23:00,IMBALANCE,"[438, 429]"
2019-06-28 13:23:00,HOLDINGS_UPDATED,"{'CASH': -2775854, 'JPM': 119}"
2019-06-28 13:24:00,BID_DEPTH,"[(101046, 89)]"
2019-06-28 13:24:00,ASK_DEPTH,"[(101124, 174)]"
2019-06-28 13:24:00,IMBALANCE,"[89, 174]"
2019-06-28 13:24:00,HOLDINGS_UPDATED,"{'CASH': -3483722, 'JPM': 126}"
2019-06-28 13:25:00,BID_DEPTH,"[(101051, 536)]"
2019-06-28 13:25:00,ASK_DEPTH,"[(101124, 429)]"
2019-06-28 13:25:00,IMBALANCE,"[536, 429]"
2019-06-28 13:25:00,HOLDINGS_UPDATED,"{'CASH': -4191590, 'JPM': 133}"
2019-06-28 13:26:00,BID_DEPTH,"[(101051, 318)]"
2019-06-28 13:26:00,ASK_DEPTH,"[(101124, 211)]"
2019-06-28 13:26:00,IMBALANCE,"[318, 211]"
2019-06-28 13:26:00,HOLDINGS_UPDATED,"{'CASH': -4899458, 'JPM': 140}"
2019-06-28 13:27:00,BID_DEPTH,"[(100868, 209)]"
2019-06-28 13:27:00,ASK_DEPTH,"[(101036, 98)]"
2019-06-28 13:27:00,IMBALANCE,"[209, 98]"
2019-06-28 13:27:00,HOLDINGS_UPDATED,"{'CASH': -5606710, 'JPM': 147}"
2019-06-28 13:28:00,BID_DEPTH,"[(100868, 209)]"
2019-06-28 13:28:00,ASK_DEPTH,"[(101036, 193)]"
2019-06-28 13:28:00,IMBALANCE,"[209, 193]"
2019-06-28 13:28:00,HOLDINGS_UPDATED,"{'CASH': -6313962, 'JPM': 154}"
2019-06-28 13:29:00,BID_DEPTH,"[(100868, 209)]"
2019-06-28 13:29:00,ASK_DEPTH,"[(101051, 184)]"
2019-06-28 13:29:00,IMBALANCE,"[209, 184]"
2019-06-28 13:29:00,HOLDINGS_UPDATED,"{'CASH': -7021319, 'JPM': 161}"
2019-06-28 13:30:00,BID_DEPTH,"[(101165, 248)]"
2019-06-28 13:30:00,ASK_DEPTH,"[(101233, 141)]"
2019-06-28 13:30:00,IMBALANCE,"[248, 141]"
2019-06-28 13:30:00,HOLDINGS_UPDATED,"{'CASH': -7729950, 'JPM': 168}"
2019-06-28 13:31:00,BID_DEPTH,"[(101165, 248)]"
2019-06-28 13:31:00,ASK_DEPTH,"[(101234, 141)]"
2019-06-28 13:31:00,IMBALANCE,"[248, 141]"
2019-06-28 13:31:00,HOLDINGS_UPDATED,"{'CASH': -8438588, 'JPM': 175}"
2019-06-28 13:32:00,BID_DEPTH,"[(101165, 187)]"
2019-06-28 13:32:00,ASK_DEPTH,"[(101210, 174)]"
2019-06-28 13:32:00,IMBALANCE,"[187, 174]"
2019-06-28 13:32:00,HOLDINGS_UPDATED,"{'CASH': -9147058, 'JPM': 182}"
2019-06-28 13:33:00,BID_DEPTH,"[(101051, 465)]"
2019-06-28 13:33:00,ASK_DEPTH,"[(101165, 523)]"
2019-06-28 13:33:00,IMBALANCE,"[465, 523]"
2019-06-28 13:33:00,HOLDINGS_UPDATED,"{'CASH': -9855213, 'JPM': 189}"
2019-06-28 13:34:00,BID_DEPTH,"[(100915, 187)]"
2019-06-28 13:34:00,ASK_DEPTH,"[(101196, 174)]"
2019-06-28 13:34:00,IMBALANCE,"[187, 174]"
2019-06-28 13:34:00,HOLDINGS_UPDATED,"{'CASH': -10563585, 'JPM': 196}"
2019-06-28 13:35:00,BID_DEPTH,"[(100913, 209)]"
2019-06-28 13:35:00,ASK_DEPTH,"[(101269, 102)]"
2019-06-28 13:35:00,IMBALANCE,"[209, 102]"
2019-06-28 13:35:00,HOLDINGS_UPDATED,"{'CASH': -11272468, 'JPM': 203}"
2019-06-28 13:36:00,BID_DEPTH,"[(100913, 248)]"
2019-06-28 13:36:00,ASK_DEPTH,"[(101315, 227)]"
2019-06-28 13:36:00,IMBALANCE,"[248, 227]"
2019-06-28 13:36:00,HOLDINGS_UPDATED,"{'CASH': -11981673, 'JPM': 210}"
2019-06-28 13:37:00,BID_DEPTH,"[(100913, 248)]"
2019-06-28 13:37:00,ASK_DEPTH,"[(101315, 535)]"
2019-06-28 13:37:00,IMBALANCE,"[248, 535]"
2019-06-28 13:37:00,HOLDINGS_UPDATED,"{'CASH': -12690878, 'JPM': 217}"
2019-06-28 13:38:00,BID_DEPTH,"[(100913, 187)]"
2019-06-28 13:38:00,ASK_DEPTH,"[(101315, 348)]"
2019-06-28 13:38:00,IMBALANCE,"[187, 348]"
2019-06-28 13:38:00,HOLDINGS_UPDATED,"{'CASH': -13400083, 'JPM': 224}"
2019-06-28 13:39:00,BID_DEPTH,"[(100891, 536)]"
2019-06-28 13:39:00,ASK_DEPTH,"[(101315, 571)]"
2019-06-28 13:39:00,IMBALANCE,"[536, 571]"
2019-06-28 13:39:00,HOLDINGS_UPDATED,"{'CASH': -14109288, 'JPM': 231}"
2019-06-28 13:40:00,BID_DEPTH,"[(100759, 318)]"
2019-06-28 13:40:00,ASK_DEPTH,"[(100891, 505)]"
2019-06-28 13:40:00,IMBALANCE,"[318, 505]"
2019-06-28 13:40:00,HOLDINGS_UPDATED,"{'CASH': -14815525, 'JPM': 238}"
2019-06-28 13:41:00,BID_DEPTH,"[(100553, 318)]"
2019-06-28 13:41:00,ASK_DEPTH,"[(100891, 379)]"
2019-06-28 13:41:00,IMBALANCE,"[318, 379]"
2019-06-28 13:41:00,HOLDINGS_UPDATED,"{'CASH': -15521762, 'JPM': 245}"
2019-06-28 13:42:00,BID_DEPTH,"[(100397, 187)]"
2019-06-28 13:42:00,ASK_DEPTH,"[(100891, 122)]"
2019-06-28 13:42:00,IMBALANCE,"[187, 122]"
2019-06-28 13:42:00,HOLDINGS_UPDATED,"{'CASH': -16227999, 'JPM': 252}"
2019-06-28 13:43:00,BID_DEPTH,"[(100312, 187)]"
2019-06-28 13:43:00,ASK_DEPTH,"[(100891, 174)]"
2019-06-28 13:43:00,IMBALANCE,"[187, 174]"
2019-06-28 13:43:00,HOLDINGS_UPDATED,"{'CASH': -16934236, 'JPM': 259}"
2019-06-28 13:44:00,BID_DEPTH,"[(100148, 209)]"
2019-06-28 13:44:00,ASK_DEPTH,"[(101608, 196)]"
2019-06-28 13:44:00,IMBALANCE,"[209, 196]"
2019-06-28 13:44:00,HOLDINGS_UPDATED,"{'CASH': -17645492, 'JPM': 266}"
2019-06-28 13:45:00,BID_DEPTH,"[(100148, 318)]"
2019-06-28 13:45:00,ASK_DEPTH,"[(100373, 305)]"
2019-06-28 13:45:00,IMBALANCE,"[318, 305]"
2019-06-28 13:45:00,HOLDINGS_UPDATED,"{'CASH': -18348103, 'JPM': 273}"
2019-06-28 13:46:00,BID_DEPTH,"[(101077, 209)]"
2019-06-28 13:46:00,ASK_DEPTH,"[(101244, 196)]"
2019-06-28 13:46:00,IMBALANCE,"[209, 196]"
2019-06-28 13:46:00,HOLDINGS_UPDATED,"{'CASH': -19056811, 'JPM': 280}"
2019-06-28 13:47:00,BID_DEPTH,"[(101298, 187)]"
2019-06-28 13:47:00,ASK_DEPTH,"[(101673, 174)]"
2019-06-28 13:47:00,IMBALANCE,"[187, 174]"
2019-06-28 13:47:00,HOLDINGS_UPDATED,"{'CASH': -19768522, 'JPM': 287}"
2019-06-28 13:48:00,BID_DEPTH,"[(101223, 100)]"
2019-06-28 13:48:00,ASK_DEPTH,[]
2019-06-28 13:48:00,IMBALANCE,"[100, 0]"
2019-06-28 13:49:00,BID_DEPTH,"[(101150, 209)]"
2019-06-28 13:49:00,ASK_DEPTH,"[(101244, 196)]"
2019-06-28 13:49:00,IMBALANCE,"[209, 196]"
2019-06-28 13:49:00,HOLDINGS_UPDATED,"{'CASH': -20477230, 'JPM': 294}"
2019-06-28 13:50:00,BID_DEPTH,"[(100899, 100)]"
2019-06-28 13:50:00,ASK_DEPTH,[]
2019-06-28 13:50:00,IMBALANCE,"[100, 0]"
2019-06-28 13:51:00,BID_DEPTH,"[(100899, 536)]"
2019-06-28 13:51:00,ASK_DEPTH,"[(100999, 523)]"
2019-06-28 13:51:00,IMBALANCE,"[536, 523]"
2019-06-28 13:51:00,HOLDINGS_UPDATED,"{'CASH': -21184223, 'JPM': 301}"
2019-06-28 13:52:00,BID_DEPTH,"[(100725, 318)]"
2019-06-28 13:52:00,ASK_DEPTH,"[(101077, 305)]"
2019-06-28 13:52:00,IMBALANCE,"[318, 305]"
2019-06-28 13:52:00,HOLDINGS_UPDATED,"{'CASH': -21891762, 'JPM': 308}"
2019-06-28 13:53:00,BID_DEPTH,"[(100725, 209)]"
2019-06-28 13:53:00,ASK_DEPTH,"[(100840, 196)]"
2019-06-28 13:53:00,IMBALANCE,"[209, 196]"
2019-06-28 13:53:00,HOLDINGS_UPDATED,"{'CASH': -22597642, 'JPM': 315}"
2019-06-28 13:54:00,BID_DEPTH,"[(100725, 248)]"
2019-06-28 13:54:00,ASK_DEPTH,"[(100972, 235)]"
2019-06-28 13:54:00,IMBALANCE,"[248, 235]"
2019-06-28 13:54:00,HOLDINGS_UPDATED,"{'CASH': -23304446, 'JPM': 322}"
2019-06-28 13:55:00,BID_DEPTH,"[(100809, 187)]"
2019-06-28 13:55:00,ASK_DEPTH,"[(101020, 174)]"
2019-06-28 13:55:00,IMBALANCE,"[187, 174]"
2019-06-28 13:55:00,HOLDINGS_UPDATED,"{'CASH': -24011586, 'JPM': 329}"
2019-06-28 13:56:00,BID_DEPTH,"[(100809, 187)]"
2019-06-28 13:56:00,ASK_DEPTH,"[(101020, 174)]"
2019-06-28 13:56:00,IMBALANCE,"[187, 174]"
2019-06-28 13:56:00,HOLDINGS_UPDATED,"{'CASH': -24718726, 'JPM': 336}"
2019-06-28 13:57:00,BID_DEPTH,"[(100720, 536)]"
2019-06-28 13:57:00,ASK_DEPTH,"[(101054, 523)]"
2019-06-28 13:57:00,IMBALANCE,"[536, 523]"
2019-06-28 13:57:00,HOLDINGS_UPDATED,"{'CASH': -25426104, 'JPM': 343}"
2019-06-28 13:58:00,BID_DEPTH,"[(100679, 536)]"
2019-06-28 13:58:00,ASK_DEPTH,"[(101077, 523)]"
2019-06-28 13:58:00,IMBALANCE,"[536, 523]"
2019-06-28 13:58:00,HOLDINGS_UPDATED,"{'CASH': -26133643, 'JPM': 350}"
2019-06-28 13:59:00,BID_DEPTH,"[(100621, 623)]"
2019-06-28 13:59:00,ASK_DEPTH,"[(101077, 536)]"
2019-06-28 13:59:00,IMBALANCE,"[623, 536]"
2019-06-28 13:59:00,HOLDINGS_UPDATED,"{'CASH': -25429296, 'JPM': 343}"
2019-06-28 14:00:00,BID_DEPTH,"[(100598, 623)]"
2019-06-28 14:00:00,ASK_DEPTH,"[(101077, 536)]"
2019-06-28 14:00:00,IMBALANCE,"[623, 536]"
2019-06-28 14:00:00,HOLDINGS_UPDATED,"{'CASH': -24725110, 'JPM': 336}"
2019-06-28 14:01:00,BID_DEPTH,"[(100516, 523)]"
2019-06-28 14:01:00,ASK_DEPTH,"[(101077, 536)]"
2019-06-28 14:01:00,IMBALANCE,"[523, 536]"
2019-06-28 14:01:00,HOLDINGS_UPDATED,"{'CASH': -24021498, 'JPM': 329}"
2019-06-28 14:02:00,BID_DEPTH,"[(99989, 523)]"
2019-06-28 14:02:00,ASK_DEPTH,"[(100516, 536)]"
2019-06-28 14:02:00,IMBALANCE,"[523, 536]"
2019-06-28 14:02:00,HOLDINGS_UPDATED,"{'CASH': -23321575, 'JPM': 322}"
2019-06-28 14:03:00,BID_DEPTH,"[(99936, 235)]"
2019-06-28 14:03:00,ASK_DEPTH,"[(100143, 248)]"
2019-06-28 14:03:00,IMBALANCE,"[235, 248]"
2019-06-28 14:03:00,HOLDINGS_UPDATED,"{'CASH': -22622023, 'JPM': 315}"
2019-06-28 14:04:00,BID_DEPTH,"[(99862, 196)]"
2019-06-28 14:04:00,ASK_DEPTH,"[(100143, 209)]"
2019-06-28 14:04:00,IMBALANCE,"[196, 209]"
2019-06-28 14:04:00,HOLDINGS_UPDATED,"{'CASH': -21922989, 'JPM': 308}"
2019-06-28 14:05:00,BID_DEPTH,"[(99862, 102)]"
2019-06-28 14:05:00,ASK_DEPTH,"[(100516, 209)]"
2019-06-28 14:05:00,IMBALANCE,"[102, 209]"
2019-06-28 14:05:00,HOLDINGS_UPDATED,"{'CASH': -21223955, 'JPM': 301}"
2019-06-28 14:06:00,BID_DEPTH,"[(99862, 145)]"
2019-06-28 14:06:00,ASK_DEPTH,"[(100516, 209)]"
2019-06-28 14:06:00,IMBALANCE,"[145, 209]"
2019-06-28 14:06:00,HOLDINGS_UPDATED,"{'CASH': -20524921, 'JPM': 294}"
2019-06-28 14:07:00,BID_DEPTH,"[(99862, 529)]"
2019-06-28 14:07:00,ASK_DEPTH,"[(100025, 536)]"
2019-06-28 14:07:00,IMBALANCE,"[529, 536]"
2019-06-28 14:07:00,HOLDINGS_UPDATED,"{'CASH': -19825887, 'JPM': 287}"
2019-06-28 14:08:00,BID_DEPTH,"[(99862, 141)]"
2019-06-28 14:08:00,ASK_DEPTH,"[(100025, 248)]"
2019-06-28 14:08:00,IMBALANCE,"[141, 248]"
2019-06-28 14:08:00,HOLDINGS_UPDATED,"{'CASH': -19126853, 'JPM': 280}"
2019-06-28 14:09:00,BID_DEPTH,"[(99862, 429)]"
2019-06-28 14:09:00,ASK_DEPTH,"[(100025, 536)]"
2019-06-28 14:09:00,IMBALANCE,"[429, 536]"
2019-06-28 14:09:00,HOLDINGS_UPDATED,"{'CASH': -18427819, 'JPM': 273}"
2019-06-28 14:10:00,BID_DEPTH,"[(99862, 141)]"
2019-06-28 14:10:00,ASK_DEPTH,"[(100025, 248)]"
2019-06-28 14:10:00,IMBALANCE,"[141, 248]"
2019-06-28 14:10:00,HOLDINGS_UPDATED,"{'CASH': -17728785, 'JPM': 266}"
2019-06-28 14:11:00,BID_DEPTH,"[(99862, 302)]"
2019-06-28 14:11:00,ASK_DEPTH,"[(100025, 209)]"
2019-06-28 14:11:00,IMBALANCE,"[302, 209]"
2019-06-28 14:11:00,HOLDINGS_UPDATED,"{'CASH': -17029751, 'JPM': 259}"
2019-06-28 14:12:00,BID_DEPTH,"[(99862, 260)]"
2019-06-28 14:12:00,ASK_DEPTH,"[(100025, 187)]"
2019-06-28 14:12:00,IMBALANCE,"[260, 187]"
2019-06-28 14:12:00,HOLDINGS_UPDATED,"{'CASH': -16330717, 'JPM': 252}"
2019-06-28 14:13:00,BID_DEPTH,"[(100502, 523)]"
2019-06-28 14:13:00,ASK_DEPTH,"[(100522, 536)]"
2019-06-28 14:13:00,IMBALANCE,"[523, 536]"
2019-06-28 14:13:00,HOLDINGS_UPDATED,"{'CASH': -15627203, 'JPM': 245}"
2019-06-28 14:14:00,BID_DEPTH,"[(100522, 174)]"
2019-06-28 14:14:00,ASK_DEPTH,"[(100599, 187)]"
2019-06-28 14:14:00,IMBALANCE,"[174, 187]"
2019-06-28 14:14:00,HOLDINGS_UPDATED,"{'CASH': -14923549, 'JPM': 238}"
2019-06-28 14:15:00,BID_DEPTH,"[(100432, 196)]"
2019-06-28 14:15:00,ASK_DEPTH,"[(100522, 148)]"
2019-06-28 14:15:00,IMBALANCE,"[196, 148]"
2019-06-28 14:15:00,HOLDINGS_UPDATED,"{'CASH': -14220525, 'JPM': 231}"
2019-06-28 14:16:00,BID_DEPTH,"[(100453, 305)]"
2019-06-28 14:16:00,ASK_DEPTH,"[(100522, 257)]"
2019-06-28 14:16:00,IMBALANCE,"[305, 257]"
2019-06-28 14:16:00,HOLDINGS_UPDATED,"{'CASH': -13517354, 'JPM': 224}"
2019-06-28 14:17:00,BID_DEPTH,"[(100432, 535)]"
2019-06-28 14:17:00,ASK_DEPTH,"[(100490, 248)]"
2019-06-28 14:17:00,IMBALANCE,"[535, 248]"
2019-06-28 14:17:00,HOLDINGS_UPDATED,"{'CASH': -12814330, 'JPM': 217}"
2019-06-28 14:18:00,BID_DEPTH,"[(100490, 174)]"
2019-06-28 14:18:00,ASK_DEPTH,"[(100599, 187)]"
2019-06-28 14:18:00,IMBALANCE,"[174, 187]"
2019-06-28 14:18:00,HOLDINGS_UPDATED,"{'CASH': -12110900, 'JPM': 210}"
2019-06-28 14:19:00,BID_DEPTH,"[(100490, 235)]"
2019-06-28 14:19:00,ASK_DEPTH,"[(100708, 248)]"
2019-06-28 14:19:00,IMBALANCE,"[235, 248]"
2019-06-28 14:19:00,HOLDINGS_UPDATED,"{'CASH': -11407470, 'JPM': 203}"
2019-06-28 14:20:00,BID_DEPTH,"[(100432, 370)]"
2019-06-28 14:20:00,ASK_DEPTH,"[(100708, 209)]"
2019-06-28 14:20:00,IMBALANCE,"[370, 209]"
2019-06-28 14:20:00,HOLDINGS_UPDATED,"{'CASH': -10704446, 'JPM': 196}"
2019-06-28 14:21:00,BID_DEPTH,"[(100432, 283)]"
2019-06-28 14:21:00,ASK_DEPTH,"[(100708, 248)]"
2019-06-28 14:21:00,IMBALANCE,"[283, 248]"
2019-06-28 14:21:00,HOLDINGS_UPDATED,"{'CASH': -10001422, 'JPM': 189}"
2019-06-28 14:22:00,BID_DEPTH,"[(100432, 157)]"
2019-06-28 14:22:00,ASK_DEPTH,"[(100596, 248)]"
2019-06-28 14:22:00,IMBALANCE,"[157, 248]"
2019-06-28 14:22:00,HOLDINGS_UPDATED,"{'CASH': -9298398, 'JPM': 182}"
2019-06-28 14:23:00,BID_DEPTH,"[(100432, 174)]"
2019-06-28 14:23:00,ASK_DEPTH,"[(100777, 187)]"
2019-06-28 14:23:00,IMBALANCE,"[174, 187]"
2019-06-28 14:23:00,HOLDINGS_UPDATED,"{'CASH': -8595374, 'JPM': 175}"
2019-06-28 14:24:00,BID_DEPTH,"[(100264, 196)]"
2019-06-28 14:24:00,ASK_DEPTH,"[(100558, 209)]"
2019-06-28 14:24:00,IMBALANCE,"[196, 209]"
2019-06-28 14:24:00,HOLDINGS_UPDATED,"{'CASH': -7893526, 'JPM': 168}"
2019-06-28 14:25:00,BID_DEPTH,"[(100269, 523)]"
2019-06-28 14:25:00,ASK_DEPTH,"[(100558, 536)]"
2019-06-28 14:25:00,IMBALANCE,"[523, 536]"
2019-06-28 14:25:00,HOLDINGS_UPDATED,"{'CASH': -7191643, 'JPM': 161}"
2019-06-28 14:26:00,BID_DEPTH,"[(100269, 196)]"
2019-06-28 14:26:00,ASK_DEPTH,"[(100558, 209)]"
2019-06-28 14:26:00,IMBALANCE,"[196, 209]"
2019-06-28 14:26:00,HOLDINGS_UPDATED,"{'CASH': -6489760, 'JPM': 154}"
2019-06-28 14:27:00,BID_DEPTH,"[(100177, 196)]"
2019-06-28 14:27:00,ASK_DEPTH,"[(100235, 209)]"
2019-06-28 14:27:00,IMBALANCE,"[196, 209]"
2019-06-28 14:27:00,HOLDINGS_UPDATED,"{'CASH': -5788521, 'JPM': 147}"
2019-06-28 14:28:00,BID_DEPTH,"[(100177, 305)]"
2019-06-28 14:28:00,ASK_DEPTH,"[(100558, 318)]"
2019-06-28 14:28:00,IMBALANCE,"[305, 318]"
2019-06-28 14:28:00,HOLDINGS_UPDATED,"{'CASH': -5087282, 'JPM': 140}"
2019-06-28 14:29:00,BID_DEPTH,"[(99968, 305)]"
2019-06-28 14:29:00,ASK_DEPTH,"[(100705, 318)]"
2019-06-28 14:29:00,IMBALANCE,"[305, 318]"
2019-06-28 14:29:00,HOLDINGS_UPDATED,"{'CASH': -4387506, 'JPM': 133}"
2019-06-28 14:30:00,BID_DEPTH,"[(99862, 80)]"
2019-06-28 14:30:00,ASK_DEPTH,"[(100705, 187)]"
2019-06-28 14:30:00,IMBALANCE,"[80, 187]"
2019-06-28 14:30:00,HOLDINGS_UPDATED,"{'CASH': -3688472, 'JPM': 126}"
2019-06-28 14:31:00,BID_DEPTH,"[(99816, 598)]"
2019-06-28 14:31:00,ASK_DEPTH,"[(99862, 438)]"
2019-06-28 14:31:00,IMBALANCE,"[598, 438]"
2019-06-28 14:31:00,HOLDINGS_UPDATED,"{'CASH': -2989760, 'JPM': 119}"
2019-06-28 14:32:00,BID_DEPTH,"[(99816, 260)]"
2019-06-28 14:32:00,ASK_DEPTH,"[(100705, 318)]"
2019-06-28 14:32:00,IMBALANCE,"[260, 318]"
2019-06-28 14:32:00,HOLDINGS_UPDATED,"{'CASH': -2291048, 'JPM': 112}"
2019-06-28 14:33:00,BID_DEPTH,"[(99448, 521)]"
2019-06-28 14:33:00,ASK_DEPTH,"[(100705, 536)]"
2019-06-28 14:33:00,IMBALANCE,"[521, 536]"
2019-06-28 14:33:00,HOLDINGS_UPDATED,"{'CASH': -1594912, 'JPM': 105}"
2019-06-28 14:34:00,BID_DEPTH,"[(100201, 196)]"
2019-06-28 14:34:00,ASK_DEPTH,"[(100437, 209)]"
2019-06-28 14:34:00,IMBALANCE,"[196, 209]"
2019-06-28 14:34:00,HOLDINGS_UPDATED,"{'CASH': -893505, 'JPM': 98}"
2019-06-28 14:35:00,BID_DEPTH,"[(100069, 305)]"
2019-06-28 14:35:00,ASK_DEPTH,"[(100201, 318)]"
2019-06-28 14:35:00,IMBALANCE,"[305, 318]"
2019-06-28 14:35:00,HOLDINGS_UPDATED,"{'CASH': -193022, 'JPM': 91}"
2019-06-28 14:36:00,BID_DEPTH,"[(99985, 196)]"
2019-06-28 14:36:00,ASK_DEPTH,"[(100201, 209)]"
2019-06-28 14:36:00,IMBALANCE,"[196, 209]"
2019-06-28 14:36:00,HOLDINGS_UPDATED,"{'CASH': 506873, 'JPM': 84}"
2019-06-28 14:37:00,BID_DEPTH,"[(100002, 196)]"
2019-06-28 14:37:00,ASK_DEPTH,"[(100201, 209)]"
2019-06-28 14:37:00,IMBALANCE,"[196, 209]"
2019-06-28 14:37:00,HOLDINGS_UPDATED,"{'CASH': 1206887, 'JPM': 77}"
2019-06-28 14:38:00,BID_DEPTH,"[(100111, 305)]"
2019-06-28 14:38:00,ASK_DEPTH,"[(100201, 318)]"
2019-06-28 14:38:00,IMBALANCE,"[305, 318]"
2019-06-28 14:38:00,HOLDINGS_UPDATED,"{'CASH': 1907664, 'JPM': 70}"
2019-06-28 14:39:00,BID_DEPTH,"[(100101, 305)]"
2019-06-28 14:39:00,ASK_DEPTH,"[(100107, 231)]"
2019-06-28 14:39:00,IMBALANCE,"[305, 231]"
2019-06-28 14:39:00,HOLDINGS_UPDATED,"{'CASH': 2608371, 'JPM': 63}"
2019-06-28 14:40:00,BID_DEPTH,"[(99957, 196)]"
2019-06-28 14:40:00,ASK_DEPTH,"[(100031, 209)]"
2019-06-28 14:40:00,IMBALANCE,"[196, 209]"
2019-06-28 14:40:00,HOLDINGS_UPDATED,"{'CASH': 3308070, 'JPM': 56}"
2019-06-28 14:41:00,BID_DEPTH,"[(99957, 335)]"
2019-06-28 14:41:00,ASK_DEPTH,"[(100031, 248)]"
2019-06-28 14:41:00,IMBALANCE,"[335, 248]"
2019-06-28 14:41:00,HOLDINGS_UPDATED,"{'CASH': 4007769, 'JPM': 49}"
2019-06-28 14:42:00,BID_DEPTH,"[(99957, 270)]"
2019-06-28 14:42:00,ASK_DEPTH,"[(100088, 209)]"
2019-06-28 14:42:00,IMBALANCE,"[270, 209]"
2019-06-28 14:42:00,HOLDINGS_UPDATED,"{'CASH': 4707468, 'JPM': 42}"
2019-06-28 14:43:00,BID_DEPTH,"[(99957, 471)]"
2019-06-28 14:43:00,ASK_DEPTH,"[(100088, 536)]"
2019-06-28 14:43:00,IMBALANCE,"[471, 536]"
2019-06-28 14:43:00,HOLDINGS_UPDATED,"{'CASH': 5407167, 'JPM': 35}"
2019-06-28 14:44:00,BID_DEPTH,"[(99942, 235)]"
2019-06-28 14:44:00,ASK_DEPTH,"[(100107, 161)]"
2019-06-28 14:44:00,IMBALANCE,"[235, 161]"
2019-06-28 14:44:00,HOLDINGS_UPDATED,"{'CASH': 6106761, 'JPM': 28}"
2019-06-28 14:45:00,BID_DEPTH,"[(100107, 274)]"
2019-06-28 14:45:00,ASK_DEPTH,"[(100212, 318)]"
2019-06-28 14:45:00,IMBALANCE,"[274, 318]"
2019-06-28 14:45:00,HOLDINGS_UPDATED,"{'CASH': 6807510, 'JPM': 21}"
2019-06-28 14:46:00,BID_DEPTH,"[(99872, 196)]"
2019-06-28 14:46:00,ASK_DEPTH,"[(100272, 209)]"
2019-06-28 14:46:00,IMBALANCE,"[196, 209]"
2019-06-28 14:46:00,HOLDINGS_UPDATED,"{'CASH': 7506614, 'JPM': 14}"
2019-06-28 14:47:00,BID_DEPTH,"[(99998, 305)]"
2019-06-28 14:47:00,ASK_DEPTH,"[(100000, 318)]"
2019-06-28 14:47:00,IMBALANCE,"[305, 318]"
2019-06-28 14:47:00,HOLDINGS_UPDATED,"{'CASH': 8206600, 'JPM': 7}"
2019-06-28 14:48:00,BID_DEPTH,"[(99846, 174)]"
2019-06-28 14:48:00,ASK_DEPTH,"[(100000, 187)]"
2019-06-28 14:48:00,IMBALANCE,"[174, 187]"
2019-06-28 14:48:00,HOLDINGS_UPDATED,{'CASH': 8905522}
2019-06-28 14:49:00,BID_DEPTH,"[(99847, 235)]"
2019-06-28 14:49:00,ASK_DEPTH,"[(100260, 248)]"
2019-06-28 14:49:00,IMBALANCE,"[235, 248]"
2019-06-28 14:49:00,HOLDINGS_UPDATED,"{'CASH': 9604451, 'JPM': -7}"
2019-06-28 14:50:00,BID_DEPTH,"[(100261, 174)]"
2019-06-28 14:50:00,ASK_DEPTH,"[(100362, 187)]"
2019-06-28 14:50:00,IMBALANCE,"[174, 187]"
2019-06-28 14:50:00,HOLDINGS_UPDATED,"{'CASH': 10306278, 'JPM': -14}"
2019-06-28 14:51:00,BID_DEPTH,"[(100117, 196)]"
2019-06-28 14:51:00,ASK_DEPTH,"[(100167, 209)]"
2019-06-28 14:51:00,IMBALANCE,"[196, 209]"
2019-06-28 14:51:00,HOLDINGS_UPDATED,"{'CASH': 11007097, 'JPM': -21}"
2019-06-28 14:52:00,BID_DEPTH,"[(99846, 523)]"
2019-06-28 14:52:00,ASK_DEPTH,"[(99932, 536)]"
2019-06-28 14:52:00,IMBALANCE,"[523, 536]"
2019-06-28 14:52:00,HOLDINGS_UPDATED,"{'CASH': 11706019, 'JPM': -28}"
2019-06-28 14:53:00,BID_DEPTH,"[(99724, 235)]"
2019-06-28 14:53:00,ASK_DEPTH,"[(99932, 248)]"
2019-06-28 14:53:00,IMBALANCE,"[235, 248]"
2019-06-28 14:53:00,HOLDINGS_UPDATED,"{'CASH': 12404087, 'JPM': -35}"
2019-06-28 14:54:00,BID_DEPTH,"[(99493, 305)]"
2019-06-28 14:54:00,ASK_DEPTH,"[(99932, 318)]"
2019-06-28 14:54:00,IMBALANCE,"[305, 318]"
2019-06-28 14:54:00,HOLDINGS_UPDATED,"{'CASH': 13100538, 'JPM': -42}"
2019-06-28 14:55:00,BID_DEPTH,"[(99811, 523)]"
2019-06-28 14:55:00,ASK_DEPTH,"[(100172, 536)]"
2019-06-28 14:55:00,IMBALANCE,"[523, 536]"
2019-06-28 14:55:00,HOLDINGS_UPDATED,"{'CASH': 13799215, 'JPM': -49}"
2019-06-28 14:56:00,BID_DEPTH,"[(100163, 196)]"
2019-06-28 14:56:00,ASK_DEPTH,"[(100172, 209)]"
2019-06-28 14:56:00,IMBALANCE,"[196, 209]"
2019-06-28 14:56:00,HOLDINGS_UPDATED,"{'CASH': 14500356, 'JPM': -56}"
2019-06-28 14:57:00,BID_DEPTH,"[(99905, 523)]"
2019-06-28 14:57:00,ASK_DEPTH,"[(100172, 536)]"
2019-06-28 14:57:00,IMBALANCE,"[523, 536]"
2019-06-28 14:57:00,HOLDINGS_UPDATED,"{'CASH': 15199691, 'JPM': -63}"
2019-06-28 14:58:00,BID_DEPTH,"[(99493, 529)]"
2019-06-28 14:58:00,ASK_DEPTH,"[(100172, 536)]"
2019-06-28 14:58:00,IMBALANCE,"[529, 536]"
2019-06-28 14:58:00,HOLDINGS_UPDATED,"{'CASH': 15896142, 'JPM': -70}"
2019-06-28 14:59:00,BID_DEPTH,"[(98572, 102)]"
2019-06-28 14:59:00,ASK_DEPTH,"[(99493, 309)]"
2019-06-28 14:59:00,IMBALANCE,"[102, 309]"
2019-06-28 14:59:00,HOLDINGS_UPDATED,"{'CASH': 16586146, 'JPM': -77}"
2019-06-28 15:00:00,BID_DEPTH,"[(99450, 305)]"
2019-06-28 15:00:00,ASK_DEPTH,"[(99493, 418)]"
2019-06-28 15:00:00,IMBALANCE,"[305, 418]"
2019-06-28 15:00:00,HOLDINGS_UPDATED,"{'CASH': 17282296, 'JPM': -84}"
2019-06-28 15:01:00,BID_DEPTH,"[(99275, 174)]"
2019-06-28 15:01:00,ASK_DEPTH,"[(99493, 287)]"
2019-06-28 15:01:00,IMBALANCE,"[174, 287]"
2019-06-28 15:01:00,HOLDINGS_UPDATED,"{'CASH': 17977221, 'JPM': -91}"
2019-06-28 15:02:00,BID_DEPTH,"[(99202, 305)]"
2019-06-28 15:02:00,ASK_DEPTH,"[(99493, 418)]"
2019-06-28 15:02:00,IMBALANCE,"[305, 418]"
2019-06-28 15:02:00,HOLDINGS_UPDATED,"{'CASH': 18671635, 'JPM': -98}"
2019-06-28 15:03:00,BID_DEPTH,"[(99202, 80)]"
2019-06-28 15:03:00,ASK_DEPTH,"[(99427, 187)]"
2019-06-28 15:03:00,IMBALANCE,"[80, 187]"
2019-06-28 15:03:00,HOLDINGS_UPDATED,"{'CASH': 19366049, 'JPM': -105}"
2019-06-28 15:04:00,BID_DEPTH,"[(99095, 305)]"
2019-06-28 15:04:00,ASK_DEPTH,"[(99202, 220)]"
2019-06-28 15:04:00,IMBALANCE,"[305, 220]"
2019-06-28 15:04:00,HOLDINGS_UPDATED,"{'CASH': 20059714, 'JPM': -112}"
2019-06-28 15:05:00,BID_DEPTH,"[(99095, 216)]"
2019-06-28 15:05:00,ASK_DEPTH,"[(99202, 220)]"
2019-06-28 15:05:00,IMBALANCE,"[216, 220]"
2019-06-28 15:05:00,HOLDINGS_UPDATED,"{'CASH': 20753379, 'JPM': -119}"
2019-06-28 15:06:00,BID_DEPTH,"[(99202, 434)]"
2019-06-28 15:06:00,ASK_DEPTH,"[(99493, 636)]"
2019-06-28 15:06:00,IMBALANCE,"[434, 636]"
2019-06-28 15:06:00,HOLDINGS_UPDATED,"{'CASH': 21447793, 'JPM': -126}"
2019-06-28 15:07:00,BID_DEPTH,"[(99202, 429)]"
2019-06-28 15:07:00,ASK_DEPTH,"[(99493, 636)]"
2019-06-28 15:07:00,IMBALANCE,"[429, 636]"
2019-06-28 15:07:00,HOLDINGS_UPDATED,"{'CASH': 22142207, 'JPM': -133}"
2019-06-28 15:08:00,BID_DEPTH,"[(99202, 305)]"
2019-06-28 15:08:00,ASK_DEPTH,"[(99624, 318)]"
2019-06-28 15:08:00,IMBALANCE,"[305, 318]"
2019-06-28 15:08:00,HOLDINGS_UPDATED,"{'CASH': 22836621, 'JPM': -140}"
2019-06-28 15:09:00,BID_DEPTH,"[(99202, 523)]"
2019-06-28 15:09:00,ASK_DEPTH,"[(99624, 536)]"
2019-06-28 15:09:00,IMBALANCE,"[523, 536]"
2019-06-28 15:09:00,HOLDINGS_UPDATED,"{'CASH': 23531035, 'JPM': -147}"
2019-06-28 15:10:00,BID_DEPTH,"[(99202, 174)]"
2019-06-28 15:10:00,ASK_DEPTH,"[(99663, 187)]"
2019-06-28 15:10:00,IMBALANCE,"[174, 187]"
2019-06-28 15:10:00,HOLDINGS_UPDATED,"{'CASH': 24225449, 'JPM': -154}"
2019-06-28 15:11:00,BID_DEPTH,"[(99202, 523)]"
2019-06-28 15:11:00,ASK_DEPTH,"[(99663, 536)]"
2019-06-28 15:11:00,IMBALANCE,"[523, 536]"
2019-06-28 15:11:00,HOLDINGS_UPDATED,"{'CASH': 24919863, 'JPM': -161}"
2019-06-28 15:12:00,BID_DEPTH,"[(99095, 629)]"
2019-06-28 15:12:00,ASK_DEPTH,"[(99688, 536)]"
2019-06-28 15:12:00,IMBALANCE,"[629, 536]"
2019-06-28 15:12:00,HOLDINGS_UPDATED,"{'CASH': 25613528, 'JPM': -168}"
2019-06-28 15:13:00,BID_DEPTH,"[(99095, 515)]"
2019-06-28 15:13:00,ASK_DEPTH,"[(99688, 248)]"
2019-06-28 15:13:00,IMBALANCE,"[515, 248]"
2019-06-28 15:13:00,HOLDINGS_UPDATED,"{'CASH': 26307193, 'JPM': -175}"
2019-06-28 15:14:00,BID_DEPTH,"[(99604, 196)]"
2019-06-28 15:14:00,ASK_DEPTH,"[(99688, 209)]"
2019-06-28 15:14:00,IMBALANCE,"[196, 209]"
2019-06-28 15:14:00,HOLDINGS_UPDATED,"{'CASH': 27004421, 'JPM': -182}"
2019-06-28 15:15:00,BID_DEPTH,"[(99421, 523)]"
2019-06-28 15:15:00,ASK_DEPTH,"[(99604, 536)]"
2019-06-28 15:15:00,IMBALANCE,"[523, 536]"
2019-06-28 15:15:00,HOLDINGS_UPDATED,"{'CASH': 27700368, 'JPM': -189}"
2019-06-28 15:16:00,BID_DEPTH,"[(99095, 328)]"
2019-06-28 15:16:00,ASK_DEPTH,"[(99421, 187)]"
2019-06-28 15:16:00,IMBALANCE,"[328, 187]"
2019-06-28 15:16:00,HOLDINGS_UPDATED,"{'CASH': 28394033, 'JPM': -196}"
2019-06-28 15:17:00,BID_DEPTH,"[(98818, 523)]"
2019-06-28 15:17:00,ASK_DEPTH,"[(99421, 536)]"
2019-06-28 15:17:00,IMBALANCE,"[523, 536]"
2019-06-28 15:17:00,HOLDINGS_UPDATED,"{'CASH': 29085759, 'JPM': -203}"
2019-06-28 15:18:00,BID_DEPTH,"[(98818, 529)]"
2019-06-28 15:18:00,ASK_DEPTH,"[(99421, 536)]"
2019-06-28 15:18:00,IMBALANCE,"[529, 536]"
2019-06-28 15:18:00,HOLDINGS_UPDATED,"{'CASH': 29777485, 'JPM': -210}"
2019-06-28 15:19:00,BID_DEPTH,"[(98769, 174)]"
2019-06-28 15:19:00,ASK_DEPTH,"[(99421, 187)]"
2019-06-28 15:19:00,IMBALANCE,"[174, 187]"
2019-06-28 15:19:00,HOLDINGS_UPDATED,"{'CASH': 30468868, 'JPM': -217}"
2019-06-28 15:20:00,BID_DEPTH,"[(98486, 305)]"
2019-06-28 15:20:00,ASK_DEPTH,"[(98769, 225)]"
2019-06-28 15:20:00,IMBALANCE,"[305, 225]"
2019-06-28 15:20:00,HOLDINGS_UPDATED,"{'CASH': 31158270, 'JPM': -224}"
2019-06-28 15:21:00,BID_DEPTH,"[(98470, 429)]"
2019-06-28 15:21:00,ASK_DEPTH,"[(98486, 521)]"
2019-06-28 15:21:00,IMBALANCE,"[429, 521]"
2019-06-28 15:21:00,HOLDINGS_UPDATED,"{'CASH': 31847560, 'JPM': -231}"
2019-06-28 15:22:00,BID_DEPTH,"[(98470, 429)]"
2019-06-28 15:22:00,ASK_DEPTH,"[(98486, 521)]"
2019-06-28 15:22:00,IMBALANCE,"[429, 521]"
2019-06-28 15:22:00,HOLDINGS_UPDATED,"{'CASH': 32536850, 'JPM': -238}"
2019-06-28 15:23:00,BID_DEPTH,"[(98471, 305)]"
2019-06-28 15:23:00,ASK_DEPTH,"[(99090, 318)]"
2019-06-28 15:23:00,IMBALANCE,"[305, 318]"
2019-06-28 15:23:00,HOLDINGS_UPDATED,"{'CASH': 33226147, 'JPM': -245}"
2019-06-28 15:24:00,BID_DEPTH,"[(99007, 305)]"
2019-06-28 15:24:00,ASK_DEPTH,"[(99090, 318)]"
2019-06-28 15:24:00,IMBALANCE,"[305, 318]"
2019-06-28 15:24:00,HOLDINGS_UPDATED,"{'CASH': 33919196, 'JPM': -252}"
2019-06-28 15:25:00,BID_DEPTH,"[(98471, 141)]"
2019-06-28 15:25:00,ASK_DEPTH,"[(98846, 248)]"
2019-06-28 15:25:00,IMBALANCE,"[141, 248]"
2019-06-28 15:25:00,HOLDINGS_UPDATED,"{'CASH': 34608493, 'JPM': -259}"
2019-06-28 15:26:00,BID_DEPTH,"[(98472, 523)]"
2019-06-28 15:26:00,ASK_DEPTH,"[(98874, 536)]"
2019-06-28 15:26:00,IMBALANCE,"[523, 536]"
2019-06-28 15:26:00,HOLDINGS_UPDATED,"{'CASH': 35297797, 'JPM': -266}"
2019-06-28 15:27:00,BID_DEPTH,"[(98757, 305)]"
2019-06-28 15:27:00,ASK_DEPTH,"[(98874, 318)]"
2019-06-28 15:27:00,IMBALANCE,"[305, 318]"
2019-06-28 15:27:00,HOLDINGS_UPDATED,"{'CASH': 35989096, 'JPM': -273}"
2019-06-28 15:28:00,BID_DEPTH,"[(98757, 196)]"
2019-06-28 15:28:00,ASK_DEPTH,"[(99268, 209)]"
2019-06-28 15:28:00,IMBALANCE,"[196, 209]"
2019-06-28 15:28:00,HOLDINGS_UPDATED,"{'CASH': 36680395, 'JPM': -280}"
2019-06-28 15:29:00,BID_DEPTH,"[(98757, 196)]"
2019-06-28 15:29:00,ASK_DEPTH,"[(99016, 209)]"
2019-06-28 15:29:00,IMBALANCE,"[196, 209]"
2019-06-28 15:29:00,HOLDINGS_UPDATED,"{'CASH': 37371694, 'JPM': -287}"
2019-06-28 15:30:00,BID_DEPTH,"[(98472, 180)]"
2019-06-28 15:30:00,ASK_DEPTH,"[(98592, 187)]"
2019-06-28 15:30:00,IMBALANCE,"[180, 187]"
2019-06-28 15:30:00,HOLDINGS_UPDATED,"{'CASH': 38060998, 'JPM': -294}"
2019-06-28 15:31:00,BID_DEPTH,"[(98472, 211)]"
2019-06-28 15:31:00,ASK_DEPTH,"[(98592, 318)]"
2019-06-28 15:31:00,IMBALANCE,"[211, 318]"
2019-06-28 15:31:00,HOLDINGS_UPDATED,"{'CASH': 38750302, 'JPM': -301}"
2019-06-28 15:32:00,BID_DEPTH,"[(98472, 529)]"
2019-06-28 15:32:00,ASK_DEPTH,"[(98718, 536)]"
2019-06-28 15:32:00,IMBALANCE,"[529, 536]"
2019-06-28 15:32:00,HOLDINGS_UPDATED,"{'CASH': 39439606, 'JPM': -308}"
2019-06-28 15:33:00,BID_DEPTH,"[(98471, 80)]"
2019-06-28 15:33:00,ASK_DEPTH,"[(98718, 187)]"
2019-06-28 15:33:00,IMBALANCE,"[80, 187]"
2019-06-28 15:33:00,HOLDINGS_UPDATED,"{'CASH': 40128903, 'JPM': -315}"
2019-06-28 15:34:00,BID_DEPTH,"[(98470, 311)]"
2019-06-28 15:34:00,ASK_DEPTH,"[(98718, 318)]"
2019-06-28 15:34:00,IMBALANCE,"[311, 318]"
2019-06-28 15:34:00,HOLDINGS_UPDATED,"{'CASH': 40818193, 'JPM': -322}"
2019-06-28 15:35:00,BID_DEPTH,"[(98471, 174)]"
2019-06-28 15:35:00,ASK_DEPTH,"[(98752, 187)]"
2019-06-28 15:35:00,IMBALANCE,"[174, 187]"
2019-06-28 15:35:00,HOLDINGS_UPDATED,"{'CASH': 41507490, 'JPM': -329}"
2019-06-28 15:36:00,BID_DEPTH,"[(98470, 523)]"
2019-06-28 15:36:00,ASK_DEPTH,"[(98872, 536)]"
2019-06-28 15:36:00,IMBALANCE,"[523, 536]"
2019-06-28 15:36:00,HOLDINGS_UPDATED,"{'CASH': 42196780, 'JPM': -336}"
2019-06-28 15:37:00,BID_DEPTH,"[(98468, 523)]"
2019-06-28 15:37:00,ASK_DEPTH,"[(98983, 536)]"
2019-06-28 15:37:00,IMBALANCE,"[523, 536]"
2019-06-28 15:37:00,HOLDINGS_UPDATED,"{'CASH': 42886056, 'JPM': -343}"
2019-06-28 15:38:00,BID_DEPTH,"[(98468, 174)]"
2019-06-28 15:38:00,ASK_DEPTH,"[(98998, 187)]"
2019-06-28 15:38:00,IMBALANCE,"[174, 187]"
2019-06-28 15:38:00,HOLDINGS_UPDATED,"{'CASH': 43575332, 'JPM': -350}"
2019-06-28 15:39:00,BID_DEPTH,"[(98468, 196)]"
2019-06-28 15:39:00,ASK_DEPTH,"[(99085, 209)]"
2019-06-28 15:39:00,IMBALANCE,"[196, 209]"
2019-06-28 15:39:00,HOLDINGS_UPDATED,"{'CASH': 44264608, 'JPM': -357}"
2019-06-28 15:40:00,BID_DEPTH,"[(98468, 374)]"
2019-06-28 15:40:00,ASK_DEPTH,"[(99085, 187)]"
2019-06-28 15:40:00,IMBALANCE,"[374, 187]"
2019-06-28 15:40:00,HOLDINGS_UPDATED,"{'CASH': 44953884, 'JPM': -364}"
2019-06-28 15:41:00,BID_DEPTH,"[(98468, 597)]"
2019-06-28 15:41:00,ASK_DEPTH,"[(99268, 536)]"
2019-06-28 15:41:00,IMBALANCE,"[597, 536]"
2019-06-28 15:41:00,HOLDINGS_UPDATED,"{'CASH': 45643160, 'JPM': -371}"
2019-06-28 15:42:00,BID_DEPTH,"[(98468, 253)]"
2019-06-28 15:42:00,ASK_DEPTH,"[(99430, 318)]"
2019-06-28 15:42:00,IMBALANCE,"[253, 318]"
2019-06-28 15:42:00,HOLDINGS_UPDATED,"{'CASH': 46332436, 'JPM': -378}"
2019-06-28 15:43:00,BID_DEPTH,"[(99408, 174)]"
2019-06-28 15:43:00,ASK_DEPTH,"[(99462, 187)]"
2019-06-28 15:43:00,IMBALANCE,"[174, 187]"
2019-06-28 15:43:00,HOLDINGS_UPDATED,"{'CASH': 47028292, 'JPM': -385}"
2019-06-28 15:44:00,BID_DEPTH,"[(98468, 196)]"
2019-06-28 15:44:00,ASK_DEPTH,"[(99462, 209)]"
2019-06-28 15:44:00,IMBALANCE,"[196, 209]"
2019-06-28 15:44:00,HOLDINGS_UPDATED,"{'CASH': 47717568, 'JPM': -392}"
2019-06-28 15:45:00,BID_DEPTH,"[(98468, 174)]"
2019-06-28 15:45:00,ASK_DEPTH,"[(99287, 187)]"
2019-06-28 15:45:00,IMBALANCE,"[174, 187]"
2019-06-28 15:45:00,HOLDINGS_UPDATED,"{'CASH': 48406844, 'JPM': -399}"
2019-06-28 15:46:00,BID_DEPTH,"[(98468, 623)]"
2019-06-28 15:46:00,ASK_DEPTH,"[(99287, 536)]"
2019-06-28 15:46:00,IMBALANCE,"[623, 536]"
2019-06-28 15:46:00,HOLDINGS_UPDATED,"{'CASH': 49096120, 'JPM': -406}"
2019-06-28 15:47:00,BID_DEPTH,"[(98468, 248)]"
2019-06-28 15:47:00,ASK_DEPTH,"[(98507, 187)]"
2019-06-28 15:47:00,IMBALANCE,"[248, 187]"
2019-06-28 15:47:00,HOLDINGS_UPDATED,"{'CASH': 49785396, 'JPM': -413}"
2019-06-28 15:48:00,BID_DEPTH,"[(98468, 144)]"
2019-06-28 15:48:00,ASK_DEPTH,"[(98597, 209)]"
2019-06-28 15:48:00,IMBALANCE,"[144, 209]"
2019-06-28 15:48:00,HOLDINGS_UPDATED,"{'CASH': 50474672, 'JPM': -420}"
2019-06-28 15:49:00,BID_DEPTH,"[(98468, 174)]"
2019-06-28 15:49:00,ASK_DEPTH,"[(98784, 187)]"
2019-06-28 15:49:00,IMBALANCE,"[174, 187]"
2019-06-28 15:49:00,HOLDINGS_UPDATED,"{'CASH': 51163948, 'JPM': -427}"
2019-06-28 15:50:00,BID_DEPTH,"[(98445, 523)]"
2019-06-28 15:50:00,ASK_DEPTH,"[(98784, 536)]"
2019-06-28 15:50:00,IMBALANCE,"[523, 536]"
2019-06-28 15:50:00,HOLDINGS_UPDATED,"{'CASH': 51853063, 'JPM': -434}"
2019-06-28 15:51:00,BID_DEPTH,"[(98294, 235)]"
2019-06-28 15:51:00,ASK_DEPTH,"[(99156, 248)]"
2019-06-28 15:51:00,IMBALANCE,"[235, 248]"
2019-06-28 15:51:00,HOLDINGS_UPDATED,"{'CASH': 52541121, 'JPM': -441}"
2019-06-28 15:52:00,BID_DEPTH,"[(98648, 305)]"
2019-06-28 15:52:00,ASK_DEPTH,"[(99156, 418)]"
2019-06-28 15:52:00,IMBALANCE,"[305, 418]"
2019-06-28 15:52:00,HOLDINGS_UPDATED,"{'CASH': 53231657, 'JPM': -448}"
2019-06-28 15:53:00,BID_DEPTH,"[(98848, 174)]"
2019-06-28 15:53:00,ASK_DEPTH,"[(99156, 287)]"
2019-06-28 15:53:00,IMBALANCE,"[174, 287]"
2019-06-28 15:53:00,HOLDINGS_UPDATED,"{'CASH': 53923593, 'JPM': -455}"
2019-06-28 15:54:00,BID_DEPTH,"[(98848, 274)]"
2019-06-28 15:54:00,ASK_DEPTH,"[(99156, 287)]"
2019-06-28 15:54:00,IMBALANCE,"[274, 287]"
2019-06-28 15:54:00,HOLDINGS_UPDATED,"{'CASH': 54615529, 'JPM': -462}"
2019-06-28 15:55:00,BID_DEPTH,"[(98848, 309)]"
2019-06-28 15:55:00,ASK_DEPTH,"[(99156, 248)]"
2019-06-28 15:55:00,IMBALANCE,"[309, 248]"
2019-06-28 15:55:00,HOLDINGS_UPDATED,"{'CASH': 55307465, 'JPM': -469}"
2019-06-28 15:56:00,BID_DEPTH,"[(98748, 305)]"
2019-06-28 15:56:00,ASK_DEPTH,"[(98969, 318)]"
2019-06-28 15:56:00,IMBALANCE,"[305, 318]"
2019-06-28 15:56:00,HOLDINGS_UPDATED,"{'CASH': 55998701, 'JPM': -476}"
2019-06-28 15:57:00,BID_DEPTH,"[(98903, 174)]"
2019-06-28 15:57:00,ASK_DEPTH,"[(99034, 187)]"
2019-06-28 15:57:00,IMBALANCE,"[174, 187]"
2019-06-28 15:57:00,HOLDINGS_UPDATED,"{'CASH': 56691022, 'JPM': -483}"
2019-06-28 15:58:00,BID_DEPTH,"[(98656, 305)]"
2019-06-28 15:58:00,ASK_DEPTH,"[(99055, 318)]"
2019-06-28 15:58:00,IMBALANCE,"[305, 318]"
2019-06-28 15:58:00,HOLDINGS_UPDATED,"{'CASH': 57381614, 'JPM': -490}"
2019-06-28 15:59:00,BID_DEPTH,[]
2019-06-28 15:59:00,ASK_DEPTH,"[(99156, 100)]"
2019-06-28 15:59:00,IMBALANCE,"[0, 100]"
2019-06-28 16:00:00,BID_DEPTH,"[(99386, 523)]"
2019-06-28 16:00:00,ASK_DEPTH,"[(99511, 536)]"
2019-06-28 16:00:00,IMBALANCE,"[523, 536]"
2019-06-28 16:00:00,HOLDINGS_UPDATED,"{'CASH': 58077316, 'JPM': -497}"
2019-06-28 16:01:00,BID_DEPTH,"[(99386, 410)]"
2019-06-28 16:01:00,ASK_DEPTH,"[(99511, 536)]"
2019-06-28 16:01:00,IMBALANCE,"[410, 536]"
2019-06-28 16:01:00,MKT_CLOSED,
2019-06-28 16:01:00,FINAL_HOLDINGS,"{ JPM: -497, CASH: 58077316 }"
2019-06-28 16:01:00,FINAL_CASH_POSITION,58077316
2019-06-28 16:01:00,MARK_TO_MARKET,-497 JPM @ 99386 == -49394842
2019-06-28 16:01:00,MARKED_TO_MARKET,8682474
2019-06-28 16:01:00,ENDING_CASH,8682474
